  6.0085E-23  9.9750E+08
  6.0085E-23  9.9750E+08
  5.3075E-23  7.5443E+08
  4.8740E-23  6.2106E+08
  4.6494E-23  5.5706E+08
  4.4801E-23  5.1112E+08
  4.3372E-23  4.7387E+08
  4.2113E-23  4.4222E+08
  4.0976E-23  4.1457E+08
  3.9935E-23  3.9007E+08
  3.8973E-23  3.6806E+08
  3.8077E-23  3.4813E+08
  3.7236E-23  3.2995E+08
  3.6444E-23  3.1326E+08
  3.5695E-23  2.9788E+08
  3.4984E-23  2.8365E+08
  3.4309E-23  2.7043E+08
  3.3665E-23  2.5813E+08
  3.3049E-23  2.4664E+08
  3.2461E-23  2.3590E+08
  3.1897E-23  2.2583E+08
  3.1356E-23  2.1637E+08
  3.0836E-23  2.0748E+08
  3.0336E-23  1.9911E+08
  2.9855E-23  1.9121E+08
  2.9392E-23  1.8375E+08
  2.8945E-23  1.7670E+08
  2.8514E-23  1.7002E+08
  2.8097E-23  1.6369E+08
  2.7695E-23  1.5769E+08
  2.7306E-23  1.5199E+08
  2.6929E-23  1.4658E+08
  2.6564E-23  1.4142E+08
  2.6210E-23  1.3652E+08
  2.5867E-23  1.3184E+08
  2.5535E-23  1.2739E+08
  2.5212E-23  1.2313E+08
  2.4898E-23  1.1907E+08
  2.4594E-23  1.1518E+08
  2.4297E-23  1.1146E+08
  2.4009E-23  1.0791E+08
  2.3729E-23  1.0450E+08
  2.3456E-23  1.0124E+08
  2.3190E-23  9.8109E+07
  2.2932E-23  9.5107E+07
  2.2679E-23  9.2224E+07
  2.2433E-23  8.9456E+07
  2.2193E-23  8.6795E+07
  2.1959E-23  8.4238E+07
  2.1731E-23  8.1777E+07
  2.1508E-23  7.9409E+07
  2.1290E-23  7.7130E+07
  2.1077E-23  7.4934E+07
  2.0870E-23  7.2818E+07
  2.0666E-23  7.0778E+07
  2.0468E-23  6.8810E+07
  2.0274E-23  6.6912E+07
  2.0084E-23  6.5080E+07
  1.9898E-23  6.3312E+07
  1.9716E-23  6.1603E+07
  1.9538E-23  5.9953E+07
  1.9364E-23  5.8358E+07
  1.9194E-23  5.6815E+07
  1.9027E-23  5.5324E+07
  1.8863E-23  5.3881E+07
  1.8703E-23  5.2485E+07
  1.8546E-23  5.1133E+07
  1.8393E-23  4.9824E+07
  1.8242E-23  4.8557E+07
  1.8094E-23  4.7329E+07
  1.7950E-23  4.6139E+07
  1.7808E-23  4.4986E+07
  1.7669E-23  4.3868E+07
  1.7532E-23  4.2783E+07
  1.7399E-23  4.1731E+07
  1.7267E-23  4.0711E+07
  1.7139E-23  3.9721E+07
  1.7013E-23  3.8760E+07
  1.6889E-23  3.7827E+07
  1.6768E-23  3.6921E+07
  1.6649E-23  3.6041E+07
  1.6532E-23  3.5186E+07
  1.6417E-23  3.4355E+07
  1.6305E-23  3.3548E+07
  1.6195E-23  3.2763E+07
  1.6087E-23  3.2001E+07
  1.5981E-23  3.1259E+07
  1.5877E-23  3.0538E+07
  1.5775E-23  2.9836E+07
  1.5674E-23  2.9154E+07
  1.5576E-23  2.8490E+07
  1.5480E-23  2.7844E+07
  1.5386E-23  2.7215E+07
  1.5293E-23  2.6603E+07
  1.5202E-23  2.6007E+07
  1.5114E-23  2.5427E+07
  1.5026E-23  2.4862E+07
  1.4941E-23  2.4311E+07
  1.4857E-23  2.3775E+07
  1.4775E-23  2.3253E+07
  1.4695E-23  2.2744E+07
  1.4617E-23  2.2248E+07
  1.4540E-23  2.1765E+07
  1.4464E-23  2.1294E+07
  1.4391E-23  2.0834E+07
  1.4319E-23  2.0387E+07
  1.4248E-23  1.9950E+07
  1.4180E-23  1.9524E+07
  1.4112E-23  1.9109E+07
  1.4047E-23  1.8704E+07
  1.3983E-23  1.8309E+07
  1.3920E-23  1.7924E+07
  1.3859E-23  1.7548E+07
  1.3800E-23  1.7181E+07
  1.3742E-23  1.6823E+07
  1.3686E-23  1.6474E+07
  1.3631E-23  1.6133E+07
  1.3578E-23  1.5800E+07
  1.3526E-23  1.5476E+07
  1.3476E-23  1.5158E+07
  1.3427E-23  1.4849E+07
  1.3380E-23  1.4547E+07
  1.3335E-23  1.4251E+07
  1.3291E-23  1.3963E+07
  1.3249E-23  1.3681E+07
  1.3208E-23  1.3406E+07
  1.3168E-23  1.3138E+07
  1.3131E-23  1.2875E+07
  1.3095E-23  1.2619E+07
  1.3060E-23  1.2368E+07
  1.3027E-23  1.2123E+07
  1.2996E-23  1.1884E+07
  1.2966E-23  1.1650E+07
  1.2938E-23  1.1421E+07
  1.2912E-23  1.1197E+07
  1.2887E-23  1.0979E+07
  1.2864E-23  1.0765E+07
  1.2842E-23  1.0556E+07
  1.2823E-23  1.0352E+07
  1.2805E-23  1.0152E+07
  1.2788E-23  9.9565E+06
  1.2774E-23  9.7653E+06
  1.2761E-23  9.5784E+06
  1.2750E-23  9.3955E+06
  1.2741E-23  9.2166E+06
  1.2734E-23  9.0416E+06
  1.2729E-23  8.8704E+06
  1.2725E-23  8.7029E+06
  1.2724E-23  8.5390E+06
  1.2724E-23  8.3787E+06
  1.2727E-23  8.2218E+06
  1.2731E-23  8.0683E+06
  1.2738E-23  7.9181E+06
  1.2746E-23  7.7711E+06
  1.2757E-23  7.6272E+06
  1.2770E-23  7.4863E+06
  1.2785E-23  7.3484E+06
  1.2802E-23  7.2135E+06
  1.2822E-23  7.0813E+06
  1.2844E-23  6.9519E+06
  1.2868E-23  6.8252E+06
  1.2894E-23  6.7011E+06
  1.2923E-23  6.5795E+06
  1.2955E-23  6.4605E+06
  1.2988E-23  6.3439E+06
  1.3025E-23  6.2297E+06
  1.3064E-23  6.1178E+06
  1.3106E-23  6.0081E+06
  1.3150E-23  5.9007E+06
  1.3197E-23  5.7955E+06
  1.3248E-23  5.6924E+06
  1.3300E-23  5.5914E+06
  1.3356E-23  5.4924E+06
  1.3415E-23  5.3955E+06
  1.3477E-23  5.3005E+06
  1.3542E-23  5.2074E+06
  1.3610E-23  5.1161E+06
  1.3682E-23  5.0267E+06
  1.3756E-23  4.9391E+06
  1.3834E-23  4.8533E+06
  1.3916E-23  4.7691E+06
  1.4001E-23  4.6866E+06
  1.4090E-23  4.6057E+06
  1.4182E-23  4.5264E+06
  1.4278E-23  4.4486E+06
  1.4378E-23  4.3723E+06
  1.4482E-23  4.2975E+06
  1.4590E-23  4.2241E+06
  1.4702E-23  4.1521E+06
  1.4818E-23  4.0816E+06
  1.4939E-23  4.0123E+06
  1.5064E-23  3.9444E+06
  1.5193E-23  3.8779E+06
  1.5327E-23  3.8126E+06
  1.5465E-23  3.7485E+06
  1.5609E-23  3.6857E+06
  1.5757E-23  3.6242E+06
  1.5910E-23  3.5638E+06
  1.6068E-23  3.5046E+06
  1.6231E-23  3.4465E+06
  1.6399E-23  3.3895E+06
  1.6573E-23  3.3337E+06
  1.6752E-23  3.2788E+06
  1.6937E-23  3.2250E+06
  1.7127E-23  3.1722E+06
  1.7324E-23  3.1203E+06
  1.7526E-23  3.0694E+06
  1.7735E-23  3.0195E+06
  1.7950E-23  2.9704E+06
  1.8172E-23  2.9222E+06
  1.8400E-23  2.8750E+06
  1.8635E-23  2.8286E+06
  1.8877E-23  2.7831E+06
  1.9126E-23  2.7384E+06
  1.9381E-23  2.6946E+06
  1.9644E-23  2.6516E+06
  1.9914E-23  2.6094E+06
  2.0192E-23  2.5680E+06
  2.0477E-23  2.5273E+06
  2.0771E-23  2.4874E+06
  2.1072E-23  2.4481E+06
  2.1383E-23  2.4095E+06
  2.1702E-23  2.3716E+06
  2.2030E-23  2.3343E+06
  2.2367E-23  2.2977E+06
  2.2715E-23  2.2616E+06
  2.3072E-23  2.2262E+06
  2.3438E-23  2.1913E+06
  2.3815E-23  2.1571E+06
  2.4202E-23  2.1234E+06
  2.4600E-23  2.0904E+06
  2.5007E-23  2.0580E+06
  2.5425E-23  2.0261E+06
  2.5854E-23  1.9948E+06
  2.6295E-23  1.9640E+06
  2.6748E-23  1.9338E+06
  2.7213E-23  1.9040E+06
  2.7692E-23  1.8746E+06
  2.8185E-23  1.8456E+06
  2.8695E-23  1.8170E+06
  2.9222E-23  1.7886E+06
  2.9766E-23  1.7605E+06
  3.0330E-23  1.7327E+06
  3.0914E-23  1.7052E+06
  3.1519E-23  1.6779E+06
  3.2144E-23  1.6509E+06
  3.2790E-23  1.6243E+06
  3.3454E-23  1.5981E+06
  3.4138E-23  1.5723E+06
  3.4838E-23  1.5470E+06
  3.5554E-23  1.5223E+06
  3.6286E-23  1.4982E+06
  3.7034E-23  1.4745E+06
  3.7798E-23  1.4514E+06
  3.8581E-23  1.4287E+06
  3.9383E-23  1.4065E+06
  4.0208E-23  1.3845E+06
  4.1057E-23  1.3629E+06
  4.1930E-23  1.3417E+06
  4.2828E-23  1.3207E+06
  4.3751E-23  1.3001E+06
  4.4697E-23  1.2798E+06
  4.5665E-23  1.2599E+06
  4.6652E-23  1.2405E+06
  4.7658E-23  1.2215E+06
  4.8679E-23  1.2031E+06
  4.9717E-23  1.1851E+06
  5.0770E-23  1.1675E+06
  5.1841E-23  1.1504E+06
  5.2933E-23  1.1336E+06
  5.4047E-23  1.1172E+06
  5.5190E-23  1.1010E+06
  5.6363E-23  1.0850E+06
  5.7571E-23  1.0692E+06
  5.8816E-23  1.0535E+06
  6.0100E-23  1.0380E+06
  6.1422E-23  1.0227E+06
  6.2779E-23  1.0075E+06
  6.4169E-23  9.9265E+05
  6.5584E-23  9.7811E+05
  6.7018E-23  9.6395E+05
  6.8465E-23  9.5020E+05
  6.9924E-23  9.3687E+05
  7.1389E-23  9.2399E+05
  7.2835E-23  9.1173E+05
  7.4249E-23  9.0016E+05
  7.5783E-23  8.8806E+05
  7.7939E-23  8.7176E+05
  8.1713E-23  8.4510E+05
  8.9294E-23  7.9763E+05
  1.0864E-22  7.0330E+05
  1.8417E-22  5.0591E+05
  6.6550E-22  2.2827E+05
  3.0774E-22  6.3123E+04
  1.4087E-22  1.9689E+04
  1.0834E-23  1.2840E+04
  3.0249E-24  1.0380E+04
  2.4179E-24  1.0000E+04
  2.4179E-24  1.0000E+04
  2.4179E-24  1.0000E+04
  2.4179E-24  1.0000E+04
  2.4179E-24  1.0000E+04
  2.4179E-24  1.0000E+04
  2.4179E-24  1.0000E+04
  2.4179E-24  1.0000E+04
  2.4179E-24  1.0000E+04
  2.4179E-24  1.0000E+04
  2.4179E-24  1.0000E+04
  2.4179E-24  1.0000E+04
  2.4179E-24  1.0000E+04
  2.4179E-24  1.0000E+04
  2.4179E-24  1.0000E+04
  2.4179E-24  1.0000E+04
  2.4179E-24  1.0000E+04
  2.4179E-24  1.0000E+04
  2.4179E-24  1.0000E+04
  2.4179E-24  1.0000E+04
  2.4179E-24  1.0000E+04
  2.4179E-24  1.0000E+04
  2.4179E-24  1.0000E+04
  2.4179E-24  1.0000E+04
  2.4179E-24  1.0000E+04
  2.4179E-24  1.0000E+04
  2.4179E-24  1.0000E+04
  2.4179E-24  1.0000E+04
  2.4179E-24  1.0000E+04
  2.4179E-24  1.0000E+04
  2.4179E-24  1.0000E+04
  2.4179E-24  1.0000E+04
  2.4179E-24  1.0000E+04
  2.4179E-24  1.0000E+04
  2.4179E-24  1.0000E+04
  2.4179E-24  1.0000E+04
  2.4179E-24  1.0000E+04
  2.4179E-24  1.0000E+04
  2.4179E-24  1.0000E+04
  2.4179E-24  1.0000E+04
  2.4179E-24  1.0000E+04
  2.4179E-24  1.0000E+04
  2.4179E-24  1.0000E+04
  2.4179E-24  1.0000E+04
  2.4179E-24  1.0000E+04
  2.4179E-24  1.0000E+04
  2.4179E-24  1.0000E+04
  2.4179E-24  1.0000E+04
  2.4179E-24  1.0000E+04
  2.5990E-24  1.0121E+04
  3.1692E-24  1.0461E+04
  2.5680E-24  1.0101E+04
  2.4179E-24  1.0000E+04
  2.4179E-24  1.0000E+04
  2.4179E-24  1.0000E+04
  2.4179E-24  1.0000E+04
  2.4179E-24  1.0000E+04
  2.4179E-24  1.0000E+04
  2.4179E-24  1.0000E+04
  2.4179E-24  1.0000E+04
  2.4179E-24  1.0000E+04
  2.4179E-24  1.0000E+04
  2.4179E-24  1.0000E+04
  2.4179E-24  1.0000E+04
  2.4179E-24  1.0000E+04
  2.4179E-24  1.0000E+04
  2.4179E-24  1.0000E+04
  2.4179E-24  1.0000E+04
  2.4179E-24  1.0000E+04
  2.4179E-24  1.0000E+04
  2.4179E-24  1.0000E+04
  2.4179E-24  1.0000E+04
  2.4179E-24  1.0000E+04
  2.4179E-24  1.0000E+04
  2.4179E-24  1.0000E+04
  2.4179E-24  1.0000E+04
  2.4179E-24  1.0000E+04
  2.4179E-24  1.0000E+04
  2.4179E-24  1.0000E+04
  2.4179E-24  1.0000E+04
  2.4179E-24  1.0000E+04
  2.4179E-24  1.0000E+04
  2.4179E-24  1.0000E+04
  2.4179E-24  1.0000E+04
  2.4179E-24  1.0000E+04
  2.4179E-24  1.0000E+04
  2.4179E-24  1.0000E+04
  2.4179E-24  1.0000E+04
  2.4179E-24  1.0000E+04
  2.4179E-24  1.0000E+04
  2.4179E-24  1.0000E+04
  2.4179E-24  1.0000E+04
  2.4179E-24  1.0000E+04
  2.4179E-24  1.0000E+04
  2.4179E-24  1.0000E+04
  2.4179E-24  1.0000E+04
  2.4179E-24  1.0000E+04
  2.4179E-24  1.0000E+04
  2.4179E-24  1.0000E+04
  2.4179E-24  1.0000E+04
  2.4179E-24  1.0000E+04
  2.4179E-24  1.0000E+04
  2.4179E-24  1.0000E+04
  2.4179E-24  1.0000E+04
  2.4179E-24  1.0000E+04
  2.4179E-24  1.0000E+04
  2.4179E-24  1.0000E+04
  2.4179E-24  1.0000E+04
  2.4179E-24  1.0000E+04
  2.4179E-24  1.0000E+04
  2.4179E-24  1.0000E+04
  2.4179E-24  1.0000E+04
  2.4179E-24  1.0000E+04
  2.4179E-24  1.0000E+04
  2.4179E-24  1.0000E+04
  2.4179E-24  1.0000E+04
  2.4179E-24  1.0000E+04
  2.4179E-24  1.0000E+04
  2.4179E-24  1.0000E+04
  2.4179E-24  1.0000E+04
  2.4179E-24  1.0000E+04
  2.4179E-24  1.0000E+04
  2.4179E-24  1.0000E+04
  2.4179E-24  1.0000E+04
  2.4179E-24  1.0000E+04
  2.4179E-24  1.0000E+04
  2.4179E-24  1.0000E+04
  2.4179E-24  1.0000E+04
  2.4179E-24  1.0000E+04
  2.4179E-24  1.0000E+04
  2.4179E-24  1.0000E+04
  2.4179E-24  1.0000E+04
  2.4179E-24  1.0000E+04
  2.4179E-24  1.0000E+04
  2.4179E-24  1.0000E+04
  2.4179E-24  1.0000E+04
  2.4179E-24  1.0000E+04
  2.4179E-24  1.0000E+04
  2.4179E-24  1.0000E+04
  2.4179E-24  1.0000E+04
  2.4179E-24  1.0000E+04
  2.4179E-24  1.0000E+04
  2.4179E-24  1.0000E+04
  2.4179E-24  1.0000E+04
  2.4179E-24  1.0000E+04
  2.4179E-24  1.0000E+04
  2.4179E-24  1.0000E+04
  2.4179E-24  1.0000E+04
  2.4179E-24  1.0000E+04
  2.4179E-24  1.0000E+04
  2.4179E-24  1.0000E+04
  2.4179E-24  1.0000E+04
  2.4179E-24  1.0000E+04
  2.4179E-24  1.0000E+04
  2.4179E-24  1.0000E+04
  2.4179E-24  1.0000E+04
  2.4179E-24  1.0000E+04
  2.4179E-24  1.0000E+04
  2.4179E-24  1.0000E+04
  2.4179E-24  1.0000E+04
  2.4179E-24  1.0000E+04
  2.4179E-24  1.0000E+04
  2.4179E-24  1.0000E+04
  2.4179E-24  1.0000E+04
  2.4179E-24  1.0000E+04
  2.4179E-24  1.0000E+04
  2.4179E-24  1.0000E+04
  2.4179E-24  1.0000E+04
  2.4179E-24  1.0000E+04
  2.4179E-24  1.0000E+04
  2.4179E-24  1.0000E+04
  2.4179E-24  1.0000E+04
  2.4179E-24  1.0000E+04
  2.4179E-24  1.0000E+04
  2.4179E-24  1.0000E+04
  2.4179E-24  1.0000E+04
  2.4179E-24  1.0000E+04
  2.4179E-24  1.0000E+04
  2.4179E-24  1.0000E+04
  2.4179E-24  1.0000E+04
  2.4179E-24  1.0000E+04
  2.4179E-24  1.0000E+04
  2.4179E-24  1.0000E+04
  2.4179E-24  1.0000E+04
  2.4179E-24  1.0000E+04
  2.4179E-24  1.0000E+04
  2.4179E-24  1.0000E+04
  2.4179E-24  1.0000E+04
  2.4179E-24  1.0000E+04
  2.4179E-24  1.0000E+04
  2.4179E-24  1.0000E+04
  2.4179E-24  1.0000E+04
  2.4179E-24  1.0000E+04
  2.4179E-24  1.0000E+04
  2.4179E-24  1.0000E+04
  2.4179E-24  1.0000E+04
  2.4179E-24  1.0000E+04
  2.4179E-24  1.0000E+04
  2.4179E-24  1.0000E+04
  2.4179E-24  1.0000E+04
  2.4179E-24  1.0000E+04
  2.4179E-24  1.0000E+04
  2.4179E-24  1.0000E+04
  2.4179E-24  1.0000E+04
