  1.0014E+03  9.0695E-01  3.7712E-01  1.2841E+00
  2.0012E+03  8.7396E-01  3.6652E-01  1.2405E+00
  3.0009E+03  8.5364E-01  3.5986E-01  1.2135E+00
  4.0000E+03  8.3890E-01  3.5495E-01  1.1939E+00
  5.0001E+03  8.2727E-01  3.5105E-01  1.1783E+00
  6.0013E+03  8.1763E-01  3.4779E-01  1.1654E+00
  7.0012E+03  8.0939E-01  3.4501E-01  1.1544E+00
  8.0014E+03  8.0215E-01  3.4257E-01  1.1447E+00
  9.0008E+03  7.9566E-01  3.4039E-01  1.1361E+00
  1.0001E+04  7.8974E-01  3.3843E-01  1.1282E+00
  1.1001E+04  7.8428E-01  3.3664E-01  1.1209E+00
  1.2002E+04  7.7914E-01  3.3500E-01  1.1141E+00
  1.3002E+04  7.7428E-01  3.3347E-01  1.1078E+00
  1.4001E+04  7.6962E-01  3.3206E-01  1.1017E+00
  1.5002E+04  7.6510E-01  3.3073E-01  1.0958E+00
  1.6002E+04  7.6068E-01  3.2949E-01  1.0902E+00
  1.7002E+04  7.5632E-01  3.2831E-01  1.0846E+00
  1.8001E+04  7.5197E-01  3.2720E-01  1.0792E+00
  1.9002E+04  7.4759E-01  3.2614E-01  1.0737E+00
  2.0002E+04  7.4314E-01  3.2514E-01  1.0683E+00
  2.1000E+04  7.3862E-01  3.2418E-01  1.0628E+00
  2.2001E+04  7.3393E-01  3.2327E-01  1.0572E+00
  2.3000E+04  7.2907E-01  3.2239E-01  1.0515E+00
  2.4001E+04  7.2399E-01  3.2155E-01  1.0455E+00
  2.5002E+04  7.1865E-01  3.2075E-01  1.0394E+00
  2.6001E+04  7.1300E-01  3.1998E-01  1.0330E+00
  2.7000E+04  7.0699E-01  3.1925E-01  1.0262E+00
  2.8002E+04  7.0053E-01  3.1855E-01  1.0191E+00
  2.9001E+04  6.9357E-01  3.1789E-01  1.0115E+00
  3.0002E+04  6.8597E-01  3.1726E-01  1.0032E+00
  3.1003E+04  6.7764E-01  3.1669E-01  9.9433E-01
  3.2002E+04  6.6847E-01  3.1616E-01  9.8463E-01
  3.3001E+04  6.5815E-01  3.1570E-01  9.7385E-01
  3.4000E+04  6.4646E-01  3.1532E-01  9.6178E-01
  3.5002E+04  6.3277E-01  3.1506E-01  9.4784E-01
  3.6001E+04  6.1639E-01  3.1498E-01  9.3136E-01
  3.7002E+04  5.9595E-01  3.1516E-01  9.1110E-01
  3.8001E+04  5.6994E-01  3.1574E-01  8.8569E-01
  3.9001E+04  5.3940E-01  3.1682E-01  8.5622E-01
  4.0001E+04  5.0905E-01  3.1831E-01  8.2736E-01
  4.1002E+04  4.8199E-01  3.1998E-01  8.0196E-01
  4.2000E+04  4.5968E-01  3.2152E-01  7.8120E-01
  4.3002E+04  4.4063E-01  3.2279E-01  7.6342E-01
  4.4001E+04  4.2385E-01  3.2376E-01  7.4760E-01
  4.5000E+04  4.0873E-01  3.2446E-01  7.3319E-01
  4.6002E+04  3.9486E-01  3.2491E-01  7.1977E-01
  4.7001E+04  3.8219E-01  3.2515E-01  7.0734E-01
  4.8003E+04  3.7044E-01  3.2519E-01  6.9563E-01
  4.9001E+04  3.5949E-01  3.2505E-01  6.8454E-01
  5.0002E+04  3.4921E-01  3.2476E-01  6.7397E-01
  5.1003E+04  3.3959E-01  3.2434E-01  6.6392E-01
  5.2003E+04  3.3054E-01  3.2379E-01  6.5433E-01
  5.3002E+04  3.2195E-01  3.2313E-01  6.4508E-01
  5.4001E+04  3.1378E-01  3.2238E-01  6.3617E-01
  5.5002E+04  3.0600E-01  3.2155E-01  6.2755E-01
  5.6001E+04  2.9862E-01  3.2064E-01  6.1926E-01
  5.7000E+04  2.9157E-01  3.1968E-01  6.1125E-01
  5.8001E+04  2.8477E-01  3.1865E-01  6.0342E-01
  5.9001E+04  2.7825E-01  3.1758E-01  5.9583E-01
  6.0002E+04  2.7198E-01  3.1646E-01  5.8844E-01
  6.1002E+04  2.6599E-01  3.1531E-01  5.8130E-01
  6.2000E+04  2.6021E-01  3.1413E-01  5.7434E-01
  6.3001E+04  2.5460E-01  3.1293E-01  5.6753E-01
  6.4002E+04  2.4916E-01  3.1170E-01  5.6086E-01
  6.5002E+04  2.4394E-01  3.1045E-01  5.5440E-01
  6.6000E+04  2.3891E-01  3.0920E-01  5.4811E-01
  6.7002E+04  2.3398E-01  3.0792E-01  5.4190E-01
  6.8003E+04  2.2920E-01  3.0663E-01  5.3583E-01
  6.9001E+04  2.2460E-01  3.0534E-01  5.2994E-01
  7.0001E+04  2.2013E-01  3.0405E-01  5.2418E-01
  7.1001E+04  2.1574E-01  3.0274E-01  5.1849E-01
  7.2002E+04  2.1148E-01  3.0143E-01  5.1291E-01
  7.3001E+04  2.0739E-01  3.0013E-01  5.0751E-01
  7.4000E+04  2.0338E-01  2.9882E-01  5.0219E-01
  7.5000E+04  1.9944E-01  2.9750E-01  4.9695E-01
  7.6001E+04  1.9564E-01  2.9619E-01  4.9183E-01
  7.7002E+04  1.9194E-01  2.9487E-01  4.8681E-01
  7.8001E+04  1.8831E-01  2.9356E-01  4.8187E-01
  7.9002E+04  1.8475E-01  2.9225E-01  4.7700E-01
  8.0001E+04  1.8133E-01  2.9094E-01  4.7227E-01
  8.1001E+04  1.7794E-01  2.8963E-01  4.6757E-01
  8.2000E+04  1.7462E-01  2.8832E-01  4.6295E-01
  8.3003E+04  1.7143E-01  2.8701E-01  4.5844E-01
  8.4003E+04  1.6826E-01  2.8571E-01  4.5397E-01
  8.5002E+04  1.6516E-01  2.8441E-01  4.4956E-01
  8.6002E+04  1.6216E-01  2.8311E-01  4.4527E-01
  8.7002E+04  1.5919E-01  2.8181E-01  4.4100E-01
  8.8002E+04  1.5629E-01  2.8052E-01  4.3681E-01
  8.9001E+04  1.5347E-01  2.7923E-01  4.3270E-01
  9.0001E+04  1.5066E-01  2.7794E-01  4.2860E-01
  9.1001E+04  1.4796E-01  2.7665E-01  4.2461E-01
  9.2001E+04  1.4529E-01  2.7536E-01  4.2066E-01
  9.3000E+04  1.4264E-01  2.7408E-01  4.1672E-01
  9.4000E+04  1.4012E-01  2.7279E-01  4.1292E-01
  9.5003E+04  1.3757E-01  2.7151E-01  4.0908E-01
  9.6003E+04  1.3509E-01  2.7023E-01  4.0532E-01
  9.7002E+04  1.3271E-01  2.6895E-01  4.0166E-01
  9.8002E+04  1.3030E-01  2.6767E-01  3.9797E-01
  9.9002E+04  1.2801E-01  2.6639E-01  3.9439E-01
  1.0000E+05  1.2571E-01  2.6511E-01  3.9082E-01
  1.0100E+05  1.2347E-01  2.6383E-01  3.8729E-01
  1.0200E+05  1.2129E-01  2.6255E-01  3.8384E-01
  1.0300E+05  1.1911E-01  2.6127E-01  3.8038E-01
  1.0400E+05  1.1704E-01  2.5999E-01  3.7703E-01
  1.0500E+05  1.1493E-01  2.5870E-01  3.7364E-01
  1.0600E+05  1.1293E-01  2.5742E-01  3.7035E-01
  1.0700E+05  1.1093E-01  2.5614E-01  3.6706E-01
  1.0800E+05  1.0895E-01  2.5484E-01  3.6380E-01
  1.0900E+05  1.0708E-01  2.5356E-01  3.6063E-01
  1.1000E+05  1.0515E-01  2.5227E-01  3.5742E-01
  1.1100E+05  1.0337E-01  2.5097E-01  3.5434E-01
  1.1200E+05  1.0152E-01  2.4968E-01  3.5120E-01
  1.1300E+05  9.9788E-02  2.4838E-01  3.4817E-01
  1.1400E+05  9.8042E-02  2.4708E-01  3.4512E-01
  1.1500E+05  9.6336E-02  2.4578E-01  3.4212E-01
  1.1600E+05  9.4695E-02  2.4448E-01  3.3917E-01
  1.1700E+05  9.3038E-02  2.4317E-01  3.3621E-01
  1.1800E+05  9.1478E-02  2.4186E-01  3.3334E-01
  1.1900E+05  8.9882E-02  2.4055E-01  3.3043E-01
  1.2000E+05  8.8386E-02  2.3924E-01  3.2762E-01
  1.2100E+05  8.6853E-02  2.3792E-01  3.2477E-01
  1.2200E+05  8.5416E-02  2.3660E-01  3.2202E-01
  1.2300E+05  8.3954E-02  2.3528E-01  3.1924E-01
  1.2400E+05  8.2585E-02  2.3396E-01  3.1654E-01
  1.2500E+05  8.1175E-02  2.3264E-01  3.1381E-01
  1.2600E+05  7.9870E-02  2.3131E-01  3.1118E-01
  1.2700E+05  7.8511E-02  2.2999E-01  3.0850E-01
  1.2800E+05  7.7269E-02  2.2866E-01  3.0593E-01
  1.2900E+05  7.5959E-02  2.2734E-01  3.0329E-01
  1.3000E+05  7.4777E-02  2.2601E-01  3.0079E-01
  1.3100E+05  7.3516E-02  2.2468E-01  2.9820E-01
  1.3200E+05  7.2392E-02  2.2336E-01  2.9575E-01
  1.3300E+05  7.1186E-02  2.2203E-01  2.9322E-01
  1.3400E+05  7.0105E-02  2.2071E-01  2.9081E-01
  1.3500E+05  6.8951E-02  2.1938E-01  2.8834E-01
  1.3600E+05  6.7919E-02  2.1807E-01  2.8598E-01
  1.3700E+05  6.6814E-02  2.1675E-01  2.8356E-01
  1.3800E+05  6.5824E-02  2.1544E-01  2.8126E-01
  1.3900E+05  6.4768E-02  2.1413E-01  2.7890E-01
  1.4000E+05  6.3817E-02  2.1283E-01  2.7664E-01
  1.4100E+05  6.2810E-02  2.1153E-01  2.7434E-01
  1.4200E+05  6.1892E-02  2.1023E-01  2.7213E-01
  1.4300E+05  6.0938E-02  2.0895E-01  2.6989E-01
  1.4400E+05  6.0043E-02  2.0767E-01  2.6771E-01
  1.4500E+05  5.9151E-02  2.0640E-01  2.6555E-01
  1.4600E+05  5.8267E-02  2.0513E-01  2.6340E-01
  1.4700E+05  5.7431E-02  2.0388E-01  2.6131E-01
  1.4800E+05  5.6559E-02  2.0263E-01  2.5919E-01
  1.4900E+05  5.5774E-02  2.0140E-01  2.5717E-01
  1.5000E+05  5.4922E-02  2.0017E-01  2.5509E-01
  1.5100E+05  5.4173E-02  1.9896E-01  2.5313E-01
  1.5200E+05  5.3356E-02  1.9775E-01  2.5111E-01
  1.5300E+05  5.2626E-02  1.9656E-01  2.4919E-01
  1.5400E+05  5.1865E-02  1.9539E-01  2.4725E-01
  1.5500E+05  5.1130E-02  1.9422E-01  2.4535E-01
  1.5600E+05  5.0429E-02  1.9307E-01  2.4350E-01
  1.5700E+05  4.9691E-02  1.9193E-01  2.4162E-01
  1.5800E+05  4.9031E-02  1.9080E-01  2.3983E-01
  1.5900E+05  4.8314E-02  1.8969E-01  2.3800E-01
  1.6000E+05  4.7671E-02  1.8859E-01  2.3626E-01
  1.6100E+05  4.7007E-02  1.8750E-01  2.3451E-01
  1.6200E+05  4.6358E-02  1.8643E-01  2.3279E-01
  1.6300E+05  4.5740E-02  1.8537E-01  2.3111E-01
  1.6400E+05  4.5099E-02  1.8433E-01  2.2943E-01
  1.6500E+05  4.4502E-02  1.8330E-01  2.2780E-01
  1.6600E+05  4.3909E-02  1.8228E-01  2.2619E-01
  1.6700E+05  4.3303E-02  1.8128E-01  2.2458E-01
  1.6800E+05  4.2763E-02  1.8029E-01  2.2305E-01
  1.6900E+05  4.2161E-02  1.7931E-01  2.2147E-01
  1.7000E+05  4.1638E-02  1.7835E-01  2.1999E-01
  1.7100E+05  4.1087E-02  1.7740E-01  2.1849E-01
  1.7200E+05  4.0546E-02  1.7647E-01  2.1701E-01
  1.7300E+05  4.0045E-02  1.7554E-01  2.1559E-01
  1.7400E+05  3.9502E-02  1.7463E-01  2.1413E-01
  1.7500E+05  3.9022E-02  1.7373E-01  2.1276E-01
  1.7600E+05  3.8522E-02  1.7285E-01  2.1137E-01
  1.7700E+05  3.8033E-02  1.7198E-01  2.1001E-01
  1.7800E+05  3.7564E-02  1.7112E-01  2.0868E-01
  1.7900E+05  3.7101E-02  1.7027E-01  2.0737E-01
  1.8000E+05  3.6636E-02  1.6943E-01  2.0607E-01
  1.8100E+05  3.6205E-02  1.6860E-01  2.0481E-01
  1.8200E+05  3.5751E-02  1.6779E-01  2.0354E-01
  1.8300E+05  3.5319E-02  1.6699E-01  2.0230E-01
  1.8400E+05  3.4916E-02  1.6619E-01  2.0111E-01
  1.8500E+05  3.4467E-02  1.6541E-01  1.9988E-01
  1.8600E+05  3.4085E-02  1.6463E-01  1.9872E-01
  1.8700E+05  3.3684E-02  1.6387E-01  1.9756E-01
  1.8800E+05  3.3280E-02  1.6312E-01  1.9640E-01
  1.8900E+05  3.2910E-02  1.6238E-01  1.9529E-01
  1.9000E+05  3.2523E-02  1.6164E-01  1.9416E-01
  1.9100E+05  3.2154E-02  1.6092E-01  1.9307E-01
  1.9200E+05  3.1787E-02  1.6020E-01  1.9199E-01
  1.9300E+05  3.1440E-02  1.5949E-01  1.9093E-01
  1.9400E+05  3.1080E-02  1.5879E-01  1.8987E-01
  1.9500E+05  3.0745E-02  1.5810E-01  1.8885E-01
  1.9600E+05  3.0410E-02  1.5742E-01  1.8783E-01
  1.9700E+05  3.0058E-02  1.5675E-01  1.8680E-01
  1.9800E+05  2.9758E-02  1.5608E-01  1.8584E-01
  1.9900E+05  2.9428E-02  1.5542E-01  1.8485E-01
  2.0000E+05  2.9112E-02  1.5477E-01  1.8388E-01
  2.0100E+05  2.8817E-02  1.5412E-01  1.8294E-01
  2.0200E+05  2.8502E-02  1.5348E-01  1.8198E-01
  2.0300E+05  2.8214E-02  1.5285E-01  1.8106E-01
  2.0400E+05  2.7922E-02  1.5223E-01  1.8015E-01
  2.0500E+05  2.7644E-02  1.5161E-01  1.7925E-01
  2.0600E+05  2.7360E-02  1.5099E-01  1.7835E-01
  2.0700E+05  2.7080E-02  1.5039E-01  1.7747E-01
  2.0800E+05  2.6830E-02  1.4978E-01  1.7661E-01
  2.0900E+05  2.6551E-02  1.4919E-01  1.7574E-01
  2.1000E+05  2.6302E-02  1.4860E-01  1.7490E-01
  2.1100E+05  2.6063E-02  1.4801E-01  1.7407E-01
  2.1200E+05  2.5797E-02  1.4742E-01  1.7322E-01
  2.1300E+05  2.5577E-02  1.4684E-01  1.7242E-01
  2.1400E+05  2.5351E-02  1.4626E-01  1.7161E-01
  2.1500E+05  2.5131E-02  1.4568E-01  1.7081E-01
  2.1601E+05  2.4945E-02  1.4508E-01  1.7002E-01
  2.1700E+05  2.4764E-02  1.4447E-01  1.6923E-01
  2.1800E+05  2.4611E-02  1.4387E-01  1.6848E-01
  2.1900E+05  2.4440E-02  1.4327E-01  1.6771E-01
  2.2000E+05  2.4275E-02  1.4268E-01  1.6696E-01
  2.2100E+05  2.4136E-02  1.4209E-01  1.6623E-01
  2.2201E+05  2.3968E-02  1.4151E-01  1.6547E-01
  2.2301E+05  2.3823E-02  1.4093E-01  1.6475E-01
  2.2400E+05  2.3689E-02  1.4036E-01  1.6405E-01
  2.2500E+05  2.3530E-02  1.3979E-01  1.6332E-01
  2.2600E+05  2.3403E-02  1.3922E-01  1.6263E-01
  2.2701E+05  2.3267E-02  1.3866E-01  1.6193E-01
  2.2800E+05  2.3132E-02  1.3811E-01  1.6124E-01
  2.2901E+05  2.3007E-02  1.3755E-01  1.6056E-01
  2.3000E+05  2.2870E-02  1.3701E-01  1.5988E-01
  2.3100E+05  2.2751E-02  1.3647E-01  1.5922E-01
  2.3201E+05  2.2634E-02  1.3593E-01  1.5857E-01
  2.3300E+05  2.2493E-02  1.3540E-01  1.5790E-01
  2.3400E+05  2.2387E-02  1.3488E-01  1.5726E-01
  2.3501E+05  2.2274E-02  1.3435E-01  1.5663E-01
  2.3601E+05  2.2143E-02  1.3384E-01  1.5598E-01
  2.3701E+05  2.2038E-02  1.3333E-01  1.5536E-01
  2.3800E+05  2.1926E-02  1.3282E-01  1.5475E-01
  2.3901E+05  2.1810E-02  1.3232E-01  1.5413E-01
  2.4001E+05  2.1707E-02  1.3182E-01  1.5353E-01
  2.4101E+05  2.1589E-02  1.3132E-01  1.5291E-01
  2.4200E+05  2.1486E-02  1.3084E-01  1.5232E-01
  2.4301E+05  2.1389E-02  1.3035E-01  1.5174E-01
  2.4401E+05  2.1269E-02  1.2987E-01  1.5114E-01
  2.4501E+05  2.1169E-02  1.2940E-01  1.5057E-01
  2.4600E+05  2.1076E-02  1.2893E-01  1.5000E-01
  2.4701E+05  2.0961E-02  1.2846E-01  1.4942E-01
  2.4800E+05  2.0866E-02  1.2800E-01  1.4887E-01
  2.4900E+05  2.0769E-02  1.2754E-01  1.4831E-01
  2.5000E+05  2.0657E-02  1.2709E-01  1.4775E-01
  2.5100E+05  2.0575E-02  1.2664E-01  1.4721E-01
  2.5201E+05  2.0474E-02  1.2619E-01  1.4667E-01
  2.5300E+05  2.0364E-02  1.2575E-01  1.4612E-01
  2.5401E+05  2.0284E-02  1.2531E-01  1.4560E-01
  2.5500E+05  2.0190E-02  1.2488E-01  1.4507E-01
  2.5600E+05  2.0082E-02  1.2445E-01  1.4453E-01
  2.5700E+05  2.0000E-02  1.2403E-01  1.4403E-01
  2.5800E+05  1.9907E-02  1.2360E-01  1.4351E-01
  2.5901E+05  1.9808E-02  1.2318E-01  1.4299E-01
  2.6001E+05  1.9726E-02  1.2277E-01  1.4249E-01
  2.6100E+05  1.9631E-02  1.2236E-01  1.4199E-01
  2.6201E+05  1.9534E-02  1.2195E-01  1.4149E-01
  2.6301E+05  1.9459E-02  1.2155E-01  1.4101E-01
  2.6400E+05  1.9367E-02  1.2115E-01  1.4052E-01
  2.6500E+05  1.9269E-02  1.2075E-01  1.4002E-01
  2.6600E+05  1.9193E-02  1.2036E-01  1.3955E-01
  2.6700E+05  1.9107E-02  1.1997E-01  1.3908E-01
  2.6800E+05  1.9013E-02  1.1958E-01  1.3860E-01
  2.6900E+05  1.8936E-02  1.1920E-01  1.3814E-01
  2.7001E+05  1.8849E-02  1.1882E-01  1.3767E-01
  2.7100E+05  1.8758E-02  1.1844E-01  1.3720E-01
  2.7200E+05  1.8687E-02  1.1807E-01  1.3676E-01
  2.7301E+05  1.8603E-02  1.1770E-01  1.3630E-01
  2.7400E+05  1.8508E-02  1.1733E-01  1.3584E-01
  2.7500E+05  1.8440E-02  1.1697E-01  1.3541E-01
  2.7601E+05  1.8360E-02  1.1660E-01  1.3496E-01
  2.7700E+05  1.8269E-02  1.1624E-01  1.3451E-01
  2.7800E+05  1.8201E-02  1.1589E-01  1.3409E-01
  2.7900E+05  1.8123E-02  1.1553E-01  1.3366E-01
  2.8001E+05  1.8030E-02  1.1518E-01  1.3321E-01
  2.8101E+05  1.7967E-02  1.1483E-01  1.3280E-01
  2.8201E+05  1.7894E-02  1.1449E-01  1.3238E-01
  2.8301E+05  1.7804E-02  1.1414E-01  1.3195E-01
  2.8401E+05  1.7737E-02  1.1380E-01  1.3154E-01
  2.8500E+05  1.7669E-02  1.1347E-01  1.3113E-01
  2.8600E+05  1.7587E-02  1.1313E-01  1.3072E-01
  2.8700E+05  1.7518E-02  1.1280E-01  1.3031E-01
  2.8801E+05  1.7450E-02  1.1246E-01  1.2991E-01
  2.8901E+05  1.7371E-02  1.1213E-01  1.2950E-01
  2.9000E+05  1.7300E-02  1.1181E-01  1.2911E-01
  2.9100E+05  1.7240E-02  1.1148E-01  1.2872E-01
  2.9201E+05  1.7167E-02  1.1116E-01  1.2833E-01
  2.9300E+05  1.7091E-02  1.1084E-01  1.2793E-01
  2.9400E+05  1.7032E-02  1.1052E-01  1.2755E-01
  2.9501E+05  1.6964E-02  1.1020E-01  1.2717E-01
  2.9600E+05  1.6888E-02  1.0989E-01  1.2678E-01
  2.9701E+05  1.6834E-02  1.0958E-01  1.2641E-01
  2.9800E+05  1.6772E-02  1.0927E-01  1.2604E-01
  2.9901E+05  1.6695E-02  1.0896E-01  1.2565E-01
  3.0000E+05  1.6640E-02  1.0865E-01  1.2529E-01
  3.0101E+05  1.6584E-02  1.0835E-01  1.2493E-01
  3.0201E+05  1.6516E-02  1.0804E-01  1.2456E-01
  3.0301E+05  1.6456E-02  1.0774E-01  1.2420E-01
  3.0400E+05  1.6403E-02  1.0744E-01  1.2384E-01
  3.0501E+05  1.6340E-02  1.0714E-01  1.2348E-01
  3.0600E+05  1.6277E-02  1.0684E-01  1.2312E-01
  3.0701E+05  1.6231E-02  1.0655E-01  1.2278E-01
  3.0800E+05  1.6178E-02  1.0625E-01  1.2243E-01
  3.0901E+05  1.6112E-02  1.0595E-01  1.2206E-01
  3.1000E+05  1.6074E-02  1.0566E-01  1.2173E-01
  3.1101E+05  1.6033E-02  1.0535E-01  1.2139E-01
  3.1200E+05  1.5985E-02  1.0505E-01  1.2104E-01
  3.1300E+05  1.5947E-02  1.0475E-01  1.2069E-01
  3.1401E+05  1.5914E-02  1.0444E-01  1.2035E-01
  3.1500E+05  1.5872E-02  1.0413E-01  1.2001E-01
  3.1601E+05  1.5827E-02  1.0383E-01  1.1965E-01
  3.1700E+05  1.5794E-02  1.0352E-01  1.1932E-01
  3.1801E+05  1.5748E-02  1.0322E-01  1.1896E-01
  3.1901E+05  1.5691E-02  1.0291E-01  1.1861E-01
  3.2000E+05  1.5651E-02  1.0261E-01  1.1827E-01
  3.2101E+05  1.5600E-02  1.0231E-01  1.1791E-01
  3.2200E+05  1.5537E-02  1.0201E-01  1.1755E-01
  3.2301E+05  1.5477E-02  1.0172E-01  1.1719E-01
  3.2401E+05  1.5428E-02  1.0142E-01  1.1685E-01
  3.2500E+05  1.5366E-02  1.0113E-01  1.1650E-01
  3.2601E+05  1.5287E-02  1.0084E-01  1.1613E-01
  3.2700E+05  1.5232E-02  1.0055E-01  1.1578E-01
  3.2801E+05  1.5173E-02  1.0026E-01  1.1544E-01
  3.2901E+05  1.5104E-02  9.9979E-02  1.1508E-01
  3.3000E+05  1.5039E-02  9.9698E-02  1.1474E-01
  3.3101E+05  1.4977E-02  9.9415E-02  1.1439E-01
  3.3200E+05  1.4908E-02  9.9137E-02  1.1404E-01
  3.3301E+05  1.4832E-02  9.8858E-02  1.1369E-01
  3.3401E+05  1.4779E-02  9.8584E-02  1.1336E-01
  3.3500E+05  1.4719E-02  9.8311E-02  1.1303E-01
  3.3601E+05  1.4647E-02  9.8038E-02  1.1268E-01
  3.3700E+05  1.4579E-02  9.7769E-02  1.1235E-01
  3.3801E+05  1.4520E-02  9.7499E-02  1.1202E-01
  3.3901E+05  1.4456E-02  9.7234E-02  1.1169E-01
  3.4000E+05  1.4383E-02  9.6971E-02  1.1135E-01
  3.4101E+05  1.4332E-02  9.6707E-02  1.1104E-01
  3.4200E+05  1.4272E-02  9.6447E-02  1.1072E-01
  3.4301E+05  1.4199E-02  9.6186E-02  1.1039E-01
  3.4401E+05  1.4136E-02  9.5930E-02  1.1007E-01
  3.4500E+05  1.4083E-02  9.5676E-02  1.0976E-01
  3.4601E+05  1.4023E-02  9.5420E-02  1.0944E-01
  3.4700E+05  1.3953E-02  9.5169E-02  1.0912E-01
  3.4801E+05  1.3900E-02  9.4917E-02  1.0882E-01
  3.4900E+05  1.3841E-02  9.4669E-02  1.0851E-01
  3.5000E+05  1.3777E-02  9.4423E-02  1.0820E-01
  3.5101E+05  1.3714E-02  9.4175E-02  1.0789E-01
  3.5200E+05  1.3665E-02  9.3932E-02  1.0760E-01
  3.5301E+05  1.3609E-02  9.3688E-02  1.0730E-01
  3.5400E+05  1.3543E-02  9.3448E-02  1.0699E-01
  3.5500E+05  1.3486E-02  9.3210E-02  1.0670E-01
  3.5601E+05  1.3434E-02  9.2971E-02  1.0640E-01
  3.5700E+05  1.3377E-02  9.2735E-02  1.0611E-01
  3.5801E+05  1.3312E-02  9.2499E-02  1.0581E-01
  3.5900E+05  1.3268E-02  9.2267E-02  1.0554E-01
  3.6000E+05  1.3216E-02  9.2036E-02  1.0525E-01
  3.6101E+05  1.3154E-02  9.1804E-02  1.0496E-01
  3.6200E+05  1.3095E-02  9.1576E-02  1.0467E-01
  3.6301E+05  1.3050E-02  9.1347E-02  1.0440E-01
  3.6400E+05  1.2999E-02  9.1122E-02  1.0412E-01
  3.6500E+05  1.2940E-02  9.0899E-02  1.0384E-01
  3.6601E+05  1.2891E-02  9.0674E-02  1.0357E-01
  3.6700E+05  1.2844E-02  9.0453E-02  1.0330E-01
  3.6801E+05  1.2788E-02  9.0231E-02  1.0302E-01
  3.6900E+05  1.2727E-02  9.0013E-02  1.0274E-01
  3.7000E+05  1.2687E-02  8.9796E-02  1.0248E-01
  3.7101E+05  1.2642E-02  8.9578E-02  1.0222E-01
  3.7200E+05  1.2590E-02  8.9364E-02  1.0195E-01
  3.7301E+05  1.2535E-02  8.9148E-02  1.0168E-01
  3.7400E+05  1.2494E-02  8.8937E-02  1.0143E-01
  3.7500E+05  1.2445E-02  8.8726E-02  1.0117E-01
  3.7601E+05  1.2391E-02  8.8515E-02  1.0091E-01
  3.7700E+05  1.2344E-02  8.8307E-02  1.0065E-01
  3.7801E+05  1.2305E-02  8.8098E-02  1.0040E-01
  3.7900E+05  1.2260E-02  8.7892E-02  1.0015E-01
  3.8000E+05  1.2207E-02  8.7687E-02  9.9894E-02
  3.8101E+05  1.2164E-02  8.7482E-02  9.9646E-02
  3.8200E+05  1.2123E-02  8.7280E-02  9.9402E-02
  3.8301E+05  1.2076E-02  8.7076E-02  9.9152E-02
  3.8400E+05  1.2023E-02  8.6877E-02  9.8899E-02
  3.8500E+05  1.1989E-02  8.6678E-02  9.8666E-02
  3.8601E+05  1.1951E-02  8.6478E-02  9.8429E-02
  3.8700E+05  1.1906E-02  8.6281E-02  9.8187E-02
  3.8801E+05  1.1854E-02  8.6084E-02  9.7938E-02
  3.8900E+05  1.1820E-02  8.5889E-02  9.7709E-02
  3.9000E+05  1.1780E-02  8.5696E-02  9.7476E-02
  3.9101E+05  1.1735E-02  8.5501E-02  9.7236E-02
  3.9200E+05  1.1690E-02  8.5310E-02  9.7000E-02
  3.9301E+05  1.1659E-02  8.5117E-02  9.6777E-02
  3.9400E+05  1.1623E-02  8.4928E-02  9.6551E-02
  3.9500E+05  1.1580E-02  8.4739E-02  9.6319E-02
  3.9601E+05  1.1537E-02  8.4550E-02  9.6087E-02
  3.9700E+05  1.1505E-02  8.4363E-02  9.5869E-02
  3.9801E+05  1.1467E-02  8.4175E-02  9.5642E-02
  3.9900E+05  1.1424E-02  8.3991E-02  9.5415E-02
  4.0000E+05  1.1387E-02  8.3807E-02  9.5194E-02
  4.0101E+05  1.1359E-02  8.3622E-02  9.4980E-02
  4.0200E+05  1.1325E-02  8.3440E-02  9.4764E-02
  4.0301E+05  1.1283E-02  8.3256E-02  9.4539E-02
  4.0400E+05  1.1249E-02  8.3076E-02  9.4325E-02
  4.0500E+05  1.1221E-02  8.2896E-02  9.4117E-02
  4.0601E+05  1.1186E-02  8.2715E-02  9.3900E-02
  4.0700E+05  1.1145E-02  8.2536E-02  9.3681E-02
  4.0801E+05  1.1114E-02  8.2357E-02  9.3471E-02
  4.0900E+05  1.1089E-02  8.2180E-02  9.3269E-02
  4.1000E+05  1.1059E-02  8.2003E-02  9.3062E-02
  4.1101E+05  1.1022E-02  8.1825E-02  9.2847E-02
  4.1200E+05  1.0996E-02  8.1650E-02  9.2645E-02
  4.1301E+05  1.0973E-02  8.1473E-02  9.2446E-02
  4.1400E+05  1.0945E-02  8.1297E-02  9.2242E-02
  4.1500E+05  1.0911E-02  8.1120E-02  9.2031E-02
  4.1601E+05  1.0892E-02  8.0939E-02  9.1831E-02
  4.1701E+05  1.0876E-02  8.0760E-02  9.1637E-02
  4.1801E+05  1.0854E-02  8.0582E-02  9.1436E-02
  4.1900E+05  1.0827E-02  8.0407E-02  9.1233E-02
  4.2001E+05  1.0809E-02  8.0231E-02  9.1041E-02
  4.2101E+05  1.0795E-02  8.0056E-02  9.0852E-02
  4.2201E+05  1.0774E-02  7.9883E-02  9.0657E-02
  4.2300E+05  1.0746E-02  7.9712E-02  9.0459E-02
  4.2401E+05  1.0727E-02  7.9540E-02  9.0267E-02
  4.2500E+05  1.0712E-02  7.9370E-02  9.0082E-02
  4.2600E+05  1.0690E-02  7.9201E-02  8.9891E-02
  4.2701E+05  1.0662E-02  7.9032E-02  8.9694E-02
  4.2801E+05  1.0643E-02  7.8865E-02  8.9508E-02
  4.2901E+05  1.0630E-02  7.8698E-02  8.9328E-02
  4.3001E+05  1.0611E-02  7.8533E-02  8.9144E-02
  4.3101E+05  1.0585E-02  7.8369E-02  8.8954E-02
  4.3201E+05  1.0566E-02  7.8204E-02  8.8771E-02
  4.3301E+05  1.0554E-02  7.8042E-02  8.8596E-02
  4.3400E+05  1.0535E-02  7.7881E-02  8.8416E-02
  4.3501E+05  1.0509E-02  7.7719E-02  8.8229E-02
  4.3601E+05  1.0487E-02  7.7559E-02  8.8046E-02
  4.3701E+05  1.0474E-02  7.7400E-02  8.7874E-02
  4.3800E+05  1.0456E-02  7.7242E-02  8.7698E-02
  4.3901E+05  1.0431E-02  7.7085E-02  8.7516E-02
  4.4001E+05  1.0409E-02  7.6928E-02  8.7337E-02
  4.4100E+05  1.0398E-02  7.6773E-02  8.7172E-02
  4.4201E+05  1.0383E-02  7.6617E-02  8.7000E-02
  4.4301E+05  1.0360E-02  7.6463E-02  8.6824E-02
  4.4400E+05  1.0337E-02  7.6310E-02  8.6647E-02
  4.4501E+05  1.0327E-02  7.6158E-02  8.6485E-02
  4.4601E+05  1.0312E-02  7.6005E-02  8.6318E-02
  4.4701E+05  1.0290E-02  7.5854E-02  8.6144E-02
  4.4801E+05  1.0264E-02  7.5705E-02  8.5969E-02
  4.4900E+05  1.0253E-02  7.5556E-02  8.5809E-02
  4.5001E+05  1.0238E-02  7.5406E-02  8.5644E-02
  4.5101E+05  1.0218E-02  7.5258E-02  8.5476E-02
  4.5201E+05  1.0191E-02  7.5111E-02  8.5302E-02
  4.5301E+05  1.0181E-02  7.4965E-02  8.5146E-02
  4.5400E+05  1.0169E-02  7.4821E-02  8.4990E-02
  4.5501E+05  1.0151E-02  7.4675E-02  8.4827E-02
  4.5601E+05  1.0127E-02  7.4530E-02  8.4657E-02
  4.5701E+05  1.0114E-02  7.4388E-02  8.4502E-02
  4.5800E+05  1.0103E-02  7.4246E-02  8.4349E-02
  4.5901E+05  1.0087E-02  7.4103E-02  8.4190E-02
  4.6001E+05  1.0065E-02  7.3962E-02  8.4027E-02
  4.6101E+05  1.0047E-02  7.3822E-02  8.3869E-02
  4.6201E+05  1.0037E-02  7.3682E-02  8.3719E-02
  4.6301E+05  1.0022E-02  7.3542E-02  8.3565E-02
  4.6400E+05  1.0001E-02  7.3405E-02  8.3406E-02
  4.6500E+05  9.9786E-03  7.3267E-02  8.3246E-02
  4.6601E+05  9.9692E-03  7.3129E-02  8.3098E-02
  4.6700E+05  9.9565E-03  7.2994E-02  8.2950E-02
  4.6801E+05  9.9378E-03  7.2857E-02  8.2795E-02
  4.6900E+05  9.9132E-03  7.2722E-02  8.2636E-02
  4.7001E+05  9.9058E-03  7.2587E-02  8.2492E-02
  4.7101E+05  9.8956E-03  7.2453E-02  8.2349E-02
  4.7201E+05  9.8801E-03  7.2320E-02  8.2200E-02
  4.7301E+05  9.8580E-03  7.2187E-02  8.2045E-02
  4.7401E+05  9.8462E-03  7.2056E-02  8.1902E-02
  4.7501E+05  9.8376E-03  7.1924E-02  8.1761E-02
  4.7601E+05  9.8243E-03  7.1793E-02  8.1617E-02
  4.7701E+05  9.8043E-03  7.1662E-02  8.1466E-02
  4.7801E+05  9.7875E-03  7.1532E-02  8.1319E-02
  4.7900E+05  9.7798E-03  7.1404E-02  8.1184E-02
  4.8001E+05  9.7680E-03  7.1275E-02  8.1043E-02
  4.8101E+05  9.7501E-03  7.1146E-02  8.0896E-02
  4.8201E+05  9.7279E-03  7.1019E-02  8.0747E-02
  4.8301E+05  9.7204E-03  7.0891E-02  8.0612E-02
  4.8401E+05  9.7102E-03  7.0766E-02  8.0476E-02
  4.8500E+05  9.6952E-03  7.0640E-02  8.0336E-02
  4.8601E+05  9.6735E-03  7.0514E-02  8.0187E-02
  4.8701E+05  9.6632E-03  7.0390E-02  8.0053E-02
  4.8801E+05  9.6554E-03  7.0266E-02  7.9921E-02
  4.8900E+05  9.6436E-03  7.0142E-02  7.9786E-02
  4.9000E+05  9.6257E-03  7.0019E-02  7.9645E-02
  4.9100E+05  9.6100E-03  6.9896E-02  7.9506E-02
  4.9200E+05  9.6041E-03  6.9774E-02  7.9378E-02
  4.9300E+05  9.5949E-03  6.9652E-02  7.9247E-02
  4.9401E+05  9.5805E-03  6.9530E-02  7.9111E-02
  4.9501E+05  9.5599E-03  6.9409E-02  7.8969E-02
  4.9601E+05  9.5552E-03  6.9289E-02  7.8844E-02
  4.9700E+05  9.5481E-03  6.9170E-02  7.8718E-02
  4.9800E+05  9.5365E-03  6.9050E-02  7.8586E-02
  4.9901E+05  9.5186E-03  6.8930E-02  7.8449E-02
  5.0000E+05  9.5077E-03  6.8813E-02  7.8320E-02
  5.0101E+05  9.5019E-03  6.8694E-02  7.8196E-02
  5.0200E+05  9.4927E-03  6.8577E-02  7.8070E-02
  5.0301E+05  9.4779E-03  6.8459E-02  7.7937E-02
  5.0400E+05  9.4604E-03  6.8343E-02  7.7803E-02
  5.0501E+05  9.4556E-03  6.8226E-02  7.7681E-02
  5.0601E+05  9.4483E-03  6.8110E-02  7.7558E-02
  5.0700E+05  9.4365E-03  6.7995E-02  7.7431E-02
  5.0801E+05  9.4182E-03  6.7879E-02  7.7297E-02
  5.0901E+05  9.4096E-03  6.7764E-02  7.7174E-02
  5.1001E+05  9.4039E-03  6.7650E-02  7.7054E-02
  5.1101E+05  9.3949E-03  6.7537E-02  7.6931E-02
  5.1201E+05  9.3809E-03  6.7423E-02  7.6804E-02
  5.1301E+05  9.3660E-03  6.7310E-02  7.6676E-02
  5.1401E+05  9.3624E-03  6.7197E-02  7.6560E-02
  5.1501E+05  9.3565E-03  6.7085E-02  7.6441E-02
  5.1601E+05  9.3465E-03  6.6972E-02  7.6319E-02
  5.1701E+05  9.3306E-03  6.6860E-02  7.6191E-02
  5.1801E+05  9.3249E-03  6.6748E-02  7.6073E-02
  5.1901E+05  9.3213E-03  6.6637E-02  7.5958E-02
  5.2000E+05  9.3146E-03  6.6527E-02  7.5842E-02
