  1.0013E+03  1.2512E+00  8.4801E-01  4.0322E-01
  2.0012E+03  1.2173E+00  8.3007E-01  3.8720E-01
  3.0009E+03  1.1947E+00  8.1688E-01  3.7779E-01
  4.0001E+03  1.1777E+00  8.0658E-01  3.7112E-01
  5.0002E+03  1.1641E+00  7.9814E-01  3.6595E-01
  6.0014E+03  1.1527E+00  7.9099E-01  3.6172E-01
  7.0014E+03  1.1429E+00  7.8479E-01  3.5816E-01
  8.0018E+03  1.1344E+00  7.7932E-01  3.5507E-01
  9.0012E+03  1.1268E+00  7.7443E-01  3.5235E-01
  1.0002E+04  1.1199E+00  7.7000E-01  3.4992E-01
  1.1001E+04  1.1137E+00  7.6596E-01  3.4772E-01
  1.2001E+04  1.1080E+00  7.6225E-01  3.4572E-01
  1.3001E+04  1.1027E+00  7.5881E-01  3.4388E-01
  1.4000E+04  1.0978E+00  7.5561E-01  3.4217E-01
  1.5001E+04  1.0932E+00  7.5262E-01  3.4059E-01
  1.6002E+04  1.0889E+00  7.4980E-01  3.3910E-01
  1.7002E+04  1.0849E+00  7.4716E-01  3.3771E-01
  1.8001E+04  1.0811E+00  7.4466E-01  3.3640E-01
  1.9000E+04  1.0774E+00  7.4229E-01  3.3515E-01
  2.0002E+04  1.0740E+00  7.4003E-01  3.3397E-01
  2.1001E+04  1.0707E+00  7.3788E-01  3.3285E-01
  2.2002E+04  1.0676E+00  7.3583E-01  3.3178E-01
  2.3002E+04  1.0646E+00  7.3387E-01  3.3076E-01
  2.4001E+04  1.0618E+00  7.3200E-01  3.2979E-01
  2.5000E+04  1.0590E+00  7.3019E-01  3.2885E-01
  2.6002E+04  1.0564E+00  7.2846E-01  3.2795E-01
  2.7003E+04  1.0539E+00  7.2679E-01  3.2708E-01
  2.8000E+04  1.0514E+00  7.2519E-01  3.2625E-01
  2.9000E+04  1.0491E+00  7.2363E-01  3.2544E-01
  3.0002E+04  1.0468E+00  7.2213E-01  3.2466E-01
  3.1001E+04  1.0446E+00  7.2068E-01  3.2391E-01
  3.2002E+04  1.0425E+00  7.1928E-01  3.2318E-01
  3.3002E+04  1.0404E+00  7.1792E-01  3.2247E-01
  3.4001E+04  1.0384E+00  7.1660E-01  3.2178E-01
  3.5002E+04  1.0364E+00  7.1532E-01  3.2112E-01
  3.6001E+04  1.0345E+00  7.1408E-01  3.2047E-01
  3.7001E+04  1.0327E+00  7.1287E-01  3.1984E-01
  3.8002E+04  1.0309E+00  7.1170E-01  3.1922E-01
  3.9001E+04  1.0292E+00  7.1055E-01  3.1862E-01
  4.0002E+04  1.0275E+00  7.0944E-01  3.1804E-01
  4.1000E+04  1.0258E+00  7.0835E-01  3.1747E-01
  4.2002E+04  1.0242E+00  7.0729E-01  3.1691E-01
  4.3002E+04  1.0226E+00  7.0626E-01  3.1637E-01
  4.4002E+04  1.0211E+00  7.0525E-01  3.1584E-01
  4.5003E+04  1.0196E+00  7.0426E-01  3.1532E-01
  4.6001E+04  1.0181E+00  7.0330E-01  3.1481E-01
  4.7002E+04  1.0167E+00  7.0236E-01  3.1431E-01
  4.8000E+04  1.0153E+00  7.0144E-01  3.1383E-01
  4.9002E+04  1.0139E+00  7.0054E-01  3.1335E-01
  5.0001E+04  1.0125E+00  6.9966E-01  3.1288E-01
  5.1002E+04  1.0112E+00  6.9879E-01  3.1242E-01
  5.2001E+04  1.0099E+00  6.9795E-01  3.1197E-01
  5.3002E+04  1.0086E+00  6.9712E-01  3.1153E-01
  5.4000E+04  1.0074E+00  6.9631E-01  3.1109E-01
  5.5001E+04  1.0062E+00  6.9551E-01  3.1067E-01
  5.6002E+04  1.0050E+00  6.9473E-01  3.1025E-01
  5.7002E+04  1.0038E+00  6.9396E-01  3.0983E-01
  5.8002E+04  1.0026E+00  6.9321E-01  3.0943E-01
  5.9001E+04  1.0015E+00  6.9247E-01  3.0903E-01
  6.0003E+04  1.0004E+00  6.9175E-01  3.0864E-01
  6.1001E+04  9.9929E-01  6.9104E-01  3.0825E-01
  6.2001E+04  9.9821E-01  6.9034E-01  3.0787E-01
  6.3001E+04  9.9715E-01  6.8965E-01  3.0750E-01
  6.4001E+04  9.9610E-01  6.8897E-01  3.0713E-01
  6.5002E+04  9.9507E-01  6.8831E-01  3.0677E-01
  6.6003E+04  9.9406E-01  6.8765E-01  3.0641E-01
  6.7002E+04  9.9306E-01  6.8701E-01  3.0605E-01
  6.8001E+04  9.9208E-01  6.8638E-01  3.0571E-01
  6.9003E+04  9.9112E-01  6.8575E-01  3.0536E-01
  7.0003E+04  9.9017E-01  6.8514E-01  3.0502E-01
  7.1002E+04  9.8923E-01  6.8454E-01  3.0469E-01
  7.2000E+04  9.8831E-01  6.8394E-01  3.0436E-01
  7.3000E+04  9.8739E-01  6.8336E-01  3.0404E-01
  7.4002E+04  9.8650E-01  6.8278E-01  3.0371E-01
  7.5000E+04  9.8561E-01  6.8221E-01  3.0340E-01
  7.6000E+04  9.8474E-01  6.8165E-01  3.0309E-01
  7.7002E+04  9.8388E-01  6.8110E-01  3.0278E-01
  7.8003E+04  9.8303E-01  6.8056E-01  3.0247E-01
  7.9002E+04  9.8219E-01  6.8002E-01  3.0217E-01
  8.0000E+04  9.8136E-01  6.7949E-01  3.0187E-01
  8.1000E+04  9.8055E-01  6.7897E-01  3.0158E-01
  8.2002E+04  9.7974E-01  6.7846E-01  3.0128E-01
  8.3002E+04  9.7894E-01  6.7795E-01  3.0099E-01
  8.4001E+04  9.7816E-01  6.7745E-01  3.0071E-01
  8.5002E+04  9.7738E-01  6.7695E-01  3.0043E-01
  8.6001E+04  9.7662E-01  6.7647E-01  3.0015E-01
  8.7002E+04  9.7586E-01  6.7598E-01  2.9987E-01
  8.8002E+04  9.7511E-01  6.7551E-01  2.9960E-01
  8.9000E+04  9.7437E-01  6.7504E-01  2.9933E-01
  9.0003E+04  9.7364E-01  6.7458E-01  2.9906E-01
  9.1001E+04  9.7292E-01  6.7412E-01  2.9880E-01
  9.2001E+04  9.7220E-01  6.7367E-01  2.9854E-01
  9.3002E+04  9.7150E-01  6.7322E-01  2.9828E-01
  9.4002E+04  9.7080E-01  6.7278E-01  2.9802E-01
  9.5000E+04  9.7011E-01  6.7235E-01  2.9777E-01
  9.6000E+04  9.6943E-01  6.7192E-01  2.9751E-01
  9.7001E+04  9.6875E-01  6.7149E-01  2.9726E-01
  9.8001E+04  9.6809E-01  6.7107E-01  2.9702E-01
  9.9002E+04  9.6743E-01  6.7065E-01  2.9677E-01
  1.0000E+05  9.6677E-01  6.7024E-01  2.9653E-01
  1.0100E+05  9.6613E-01  6.6984E-01  2.9629E-01
  1.0200E+05  9.6549E-01  6.6944E-01  2.9605E-01
  1.0300E+05  9.6485E-01  6.6904E-01  2.9581E-01
  1.0400E+05  9.6423E-01  6.6865E-01  2.9558E-01
  1.0500E+05  9.6361E-01  6.6826E-01  2.9535E-01
  1.0600E+05  9.6299E-01  6.6788E-01  2.9512E-01
  1.0700E+05  9.6238E-01  6.6750E-01  2.9489E-01
  1.0800E+05  9.6178E-01  6.6712E-01  2.9466E-01
  1.0900E+05  9.6119E-01  6.6675E-01  2.9444E-01
  1.1000E+05  9.6060E-01  6.6638E-01  2.9421E-01
  1.1100E+05  9.6001E-01  6.6602E-01  2.9399E-01
  1.1200E+05  9.5943E-01  6.6566E-01  2.9377E-01
  1.1300E+05  9.5886E-01  6.6531E-01  2.9355E-01
  1.1400E+05  9.5829E-01  6.6495E-01  2.9334E-01
  1.1500E+05  9.5773E-01  6.6460E-01  2.9313E-01
  1.1600E+05  9.5717E-01  6.6426E-01  2.9291E-01
  1.1700E+05  9.5662E-01  6.6392E-01  2.9270E-01
  1.1800E+05  9.5607E-01  6.6358E-01  2.9249E-01
  1.1900E+05  9.5553E-01  6.6325E-01  2.9228E-01
  1.2000E+05  9.5499E-01  6.6291E-01  2.9208E-01
  1.2100E+05  9.5446E-01  6.6259E-01  2.9187E-01
  1.2200E+05  9.5393E-01  6.6226E-01  2.9167E-01
  1.2300E+05  9.5341E-01  6.6194E-01  2.9147E-01
  1.2400E+05  9.5289E-01  6.6162E-01  2.9127E-01
  1.2500E+05  9.5238E-01  6.6131E-01  2.9107E-01
  1.2600E+05  9.5186E-01  6.6099E-01  2.9087E-01
  1.2700E+05  9.5136E-01  6.6068E-01  2.9068E-01
  1.2800E+05  9.5086E-01  6.6038E-01  2.9048E-01
  1.2900E+05  9.5036E-01  6.6007E-01  2.9029E-01
  1.3000E+05  9.4987E-01  6.5977E-01  2.9009E-01
  1.3100E+05  9.4938E-01  6.5947E-01  2.8990E-01
  1.3200E+05  9.4889E-01  6.5918E-01  2.8971E-01
  1.3300E+05  9.4841E-01  6.5889E-01  2.8953E-01
  1.3400E+05  9.4793E-01  6.5860E-01  2.8934E-01
  1.3500E+05  9.4746E-01  6.5831E-01  2.8915E-01
  1.3600E+05  9.4699E-01  6.5802E-01  2.8897E-01
  1.3700E+05  9.4653E-01  6.5774E-01  2.8878E-01
  1.3800E+05  9.4606E-01  6.5746E-01  2.8860E-01
  1.3900E+05  9.4561E-01  6.5719E-01  2.8842E-01
  1.4000E+05  9.4515E-01  6.5691E-01  2.8824E-01
  1.4100E+05  9.4470E-01  6.5664E-01  2.8806E-01
  1.4200E+05  9.4425E-01  6.5637E-01  2.8788E-01
  1.4300E+05  9.4381E-01  6.5610E-01  2.8771E-01
  1.4400E+05  9.4336E-01  6.5584E-01  2.8753E-01
  1.4500E+05  9.4293E-01  6.5557E-01  2.8735E-01
  1.4600E+05  9.4249E-01  6.5531E-01  2.8718E-01
  1.4700E+05  9.4206E-01  6.5505E-01  2.8701E-01
  1.4800E+05  9.4163E-01  6.5480E-01  2.8683E-01
  1.4900E+05  9.4121E-01  6.5454E-01  2.8666E-01
  1.5000E+05  9.4078E-01  6.5429E-01  2.8649E-01
  1.5100E+05  9.4036E-01  6.5404E-01  2.8632E-01
  1.5200E+05  9.3995E-01  6.5379E-01  2.8616E-01
  1.5300E+05  9.3954E-01  6.5355E-01  2.8599E-01
  1.5400E+05  9.3913E-01  6.5330E-01  2.8582E-01
  1.5500E+05  9.3872E-01  6.5306E-01  2.8566E-01
  1.5600E+05  9.3831E-01  6.5282E-01  2.8549E-01
  1.5700E+05  9.3791E-01  6.5258E-01  2.8533E-01
  1.5800E+05  9.3751E-01  6.5235E-01  2.8517E-01
  1.5900E+05  9.3712E-01  6.5211E-01  2.8501E-01
  1.6000E+05  9.3672E-01  6.5188E-01  2.8484E-01
  1.6100E+05  9.3633E-01  6.5165E-01  2.8468E-01
  1.6200E+05  9.3595E-01  6.5142E-01  2.8452E-01
  1.6300E+05  9.3556E-01  6.5119E-01  2.8437E-01
  1.6400E+05  9.3518E-01  6.5097E-01  2.8421E-01
  1.6500E+05  9.3480E-01  6.5075E-01  2.8405E-01
  1.6600E+05  9.3442E-01  6.5052E-01  2.8389E-01
  1.6700E+05  9.3404E-01  6.5030E-01  2.8374E-01
  1.6800E+05  9.3367E-01  6.5009E-01  2.8358E-01
  1.6900E+05  9.3330E-01  6.4987E-01  2.8343E-01
  1.7000E+05  9.3293E-01  6.4965E-01  2.8328E-01
  1.7100E+05  9.3257E-01  6.4944E-01  2.8313E-01
  1.7200E+05  9.3220E-01  6.4923E-01  2.8297E-01
  1.7300E+05  9.3184E-01  6.4902E-01  2.8282E-01
  1.7400E+05  9.3148E-01  6.4881E-01  2.8267E-01
  1.7500E+05  9.3113E-01  6.4860E-01  2.8252E-01
  1.7600E+05  9.3077E-01  6.4840E-01  2.8237E-01
  1.7700E+05  9.3042E-01  6.4820E-01  2.8223E-01
  1.7800E+05  9.3007E-01  6.4799E-01  2.8208E-01
  1.7900E+05  9.2972E-01  6.4779E-01  2.8193E-01
  1.8000E+05  9.2938E-01  6.4759E-01  2.8179E-01
  1.8100E+05  9.2903E-01  6.4739E-01  2.8164E-01
  1.8200E+05  9.2869E-01  6.4720E-01  2.8150E-01
  1.8300E+05  9.2835E-01  6.4700E-01  2.8135E-01
  1.8400E+05  9.2802E-01  6.4681E-01  2.8121E-01
  1.8500E+05  9.2768E-01  6.4662E-01  2.8106E-01
  1.8600E+05  9.2735E-01  6.4643E-01  2.8092E-01
  1.8700E+05  9.2702E-01  6.4624E-01  2.8078E-01
  1.8800E+05  9.2669E-01  6.4605E-01  2.8064E-01
  1.8900E+05  9.2636E-01  6.4586E-01  2.8050E-01
  1.9000E+05  9.2604E-01  6.4568E-01  2.8036E-01
  1.9100E+05  9.2571E-01  6.4549E-01  2.8022E-01
  1.9200E+05  9.2539E-01  6.4531E-01  2.8008E-01
  1.9300E+05  9.2507E-01  6.4513E-01  2.7994E-01
  1.9400E+05  9.2475E-01  6.4495E-01  2.7981E-01
  1.9500E+05  9.2444E-01  6.4477E-01  2.7967E-01
  1.9600E+05  9.2412E-01  6.4459E-01  2.7953E-01
  1.9700E+05  9.2381E-01  6.4441E-01  2.7940E-01
  1.9800E+05  9.2350E-01  6.4424E-01  2.7926E-01
  1.9900E+05  9.2319E-01  6.4406E-01  2.7913E-01
  2.0000E+05  9.2288E-01  6.4389E-01  2.7899E-01
  2.0100E+05  9.2258E-01  6.4372E-01  2.7886E-01
  2.0200E+05  9.2227E-01  6.4355E-01  2.7872E-01
  2.0300E+05  9.2197E-01  6.4338E-01  2.7859E-01
  2.0400E+05  9.2167E-01  6.4321E-01  2.7846E-01
  2.0500E+05  9.2137E-01  6.4304E-01  2.7833E-01
  2.0600E+05  9.2107E-01  6.4288E-01  2.7820E-01
  2.0700E+05  9.2078E-01  6.4271E-01  2.7806E-01
  2.0800E+05  9.2048E-01  6.4255E-01  2.7793E-01
  2.0900E+05  9.2019E-01  6.4239E-01  2.7780E-01
  2.1000E+05  9.1990E-01  6.4223E-01  2.7768E-01
  2.1100E+05  9.1961E-01  6.4206E-01  2.7755E-01
  2.1200E+05  9.1932E-01  6.4191E-01  2.7742E-01
  2.1300E+05  9.1904E-01  6.4175E-01  2.7729E-01
  2.1400E+05  9.1875E-01  6.4159E-01  2.7716E-01
  2.1500E+05  9.1847E-01  6.4143E-01  2.7704E-01
  2.1600E+05  9.1819E-01  6.4128E-01  2.7691E-01
  2.1700E+05  9.1791E-01  6.4112E-01  2.7678E-01
  2.1800E+05  9.1763E-01  6.4097E-01  2.7666E-01
  2.1900E+05  9.1735E-01  6.4082E-01  2.7653E-01
  2.2000E+05  9.1707E-01  6.4067E-01  2.7641E-01
  2.2100E+05  9.1680E-01  6.4052E-01  2.7628E-01
  2.2200E+05  9.1653E-01  6.4037E-01  2.7616E-01
  2.2300E+05  9.1625E-01  6.4022E-01  2.7604E-01
  2.2400E+05  9.1598E-01  6.4007E-01  2.7591E-01
  2.2500E+05  9.1571E-01  6.3992E-01  2.7579E-01
  2.2600E+05  9.1545E-01  6.3978E-01  2.7567E-01
  2.2700E+05  9.1518E-01  6.3963E-01  2.7555E-01
  2.2800E+05  9.1492E-01  6.3949E-01  2.7543E-01
  2.2900E+05  9.1465E-01  6.3934E-01  2.7531E-01
  2.3000E+05  9.1439E-01  6.3920E-01  2.7519E-01
  2.3100E+05  9.1413E-01  6.3906E-01  2.7507E-01
  2.3200E+05  9.1387E-01  6.3892E-01  2.7495E-01
  2.3300E+05  9.1361E-01  6.3878E-01  2.7483E-01
  2.3400E+05  9.1335E-01  6.3864E-01  2.7471E-01
  2.3500E+05  9.1309E-01  6.3851E-01  2.7459E-01
  2.3600E+05  9.1284E-01  6.3837E-01  2.7447E-01
  2.3700E+05  9.1259E-01  6.3823E-01  2.7435E-01
  2.3800E+05  9.1233E-01  6.3810E-01  2.7424E-01
  2.3900E+05  9.1208E-01  6.3796E-01  2.7412E-01
  2.4000E+05  9.1183E-01  6.3783E-01  2.7400E-01
  2.4100E+05  9.1158E-01  6.3770E-01  2.7389E-01
  2.4200E+05  9.1133E-01  6.3756E-01  2.7377E-01
  2.4300E+05  9.1109E-01  6.3743E-01  2.7365E-01
  2.4400E+05  9.1084E-01  6.3730E-01  2.7354E-01
  2.4500E+05  9.1060E-01  6.3717E-01  2.7342E-01
  2.4600E+05  9.1035E-01  6.3704E-01  2.7331E-01
  2.4700E+05  9.1011E-01  6.3692E-01  2.7320E-01
  2.4800E+05  9.0987E-01  6.3679E-01  2.7308E-01
  2.4900E+05  9.0963E-01  6.3666E-01  2.7297E-01
  2.5000E+05  9.0939E-01  6.3654E-01  2.7285E-01
  2.5100E+05  9.0915E-01  6.3641E-01  2.7274E-01
  2.5200E+05  9.0892E-01  6.3629E-01  2.7263E-01
  2.5300E+05  9.0868E-01  6.3616E-01  2.7252E-01
  2.5400E+05  9.0845E-01  6.3604E-01  2.7241E-01
  2.5500E+05  9.0821E-01  6.3592E-01  2.7229E-01
  2.5600E+05  9.0798E-01  6.3580E-01  2.7218E-01
  2.5700E+05  9.0775E-01  6.3568E-01  2.7207E-01
  2.5800E+05  9.0752E-01  6.3556E-01  2.7196E-01
  2.5900E+05  9.0729E-01  6.3544E-01  2.7185E-01
  2.6000E+05  9.0706E-01  6.3532E-01  2.7174E-01
  2.6100E+05  9.0683E-01  6.3520E-01  2.7163E-01
  2.6200E+05  9.0661E-01  6.3509E-01  2.7152E-01
  2.6300E+05  9.0638E-01  6.3497E-01  2.7141E-01
  2.6400E+05  9.0616E-01  6.3485E-01  2.7131E-01
  2.6500E+05  9.0594E-01  6.3474E-01  2.7120E-01
  2.6600E+05  9.0571E-01  6.3462E-01  2.7109E-01
  2.6700E+05  9.0549E-01  6.3451E-01  2.7098E-01
  2.6800E+05  9.0527E-01  6.3440E-01  2.7087E-01
  2.6900E+05  9.0505E-01  6.3428E-01  2.7077E-01
  2.7000E+05  9.0483E-01  6.3417E-01  2.7066E-01
  2.7100E+05  9.0461E-01  6.3406E-01  2.7055E-01
  2.7200E+05  9.0440E-01  6.3395E-01  2.7045E-01
  2.7300E+05  9.0418E-01  6.3384E-01  2.7034E-01
  2.7400E+05  9.0397E-01  6.3373E-01  2.7023E-01
  2.7500E+05  9.0375E-01  6.3362E-01  2.7013E-01
  2.7600E+05  9.0354E-01  6.3352E-01  2.7002E-01
  2.7700E+05  9.0333E-01  6.3341E-01  2.6992E-01
  2.7800E+05  9.0312E-01  6.3330E-01  2.6981E-01
  2.7900E+05  9.0290E-01  6.3320E-01  2.6971E-01
  2.8000E+05  9.0269E-01  6.3309E-01  2.6961E-01
  2.8100E+05  9.0249E-01  6.3298E-01  2.6950E-01
  2.8200E+05  9.0228E-01  6.3288E-01  2.6940E-01
  2.8300E+05  9.0207E-01  6.3278E-01  2.6929E-01
  2.8400E+05  9.0186E-01  6.3267E-01  2.6919E-01
  2.8500E+05  9.0166E-01  6.3257E-01  2.6909E-01
  2.8600E+05  9.0145E-01  6.3247E-01  2.6899E-01
  2.8700E+05  9.0125E-01  6.3237E-01  2.6888E-01
  2.8800E+05  9.0105E-01  6.3227E-01  2.6878E-01
  2.8900E+05  9.0085E-01  6.3217E-01  2.6868E-01
  2.9000E+05  9.0064E-01  6.3207E-01  2.6858E-01
  2.9100E+05  9.0044E-01  6.3197E-01  2.6848E-01
  2.9200E+05  9.0024E-01  6.3187E-01  2.6838E-01
  2.9300E+05  9.0005E-01  6.3177E-01  2.6828E-01
  2.9400E+05  8.9985E-01  6.3167E-01  2.6817E-01
  2.9500E+05  8.9965E-01  6.3158E-01  2.6807E-01
  2.9600E+05  8.9945E-01  6.3148E-01  2.6797E-01
  2.9700E+05  8.9926E-01  6.3138E-01  2.6787E-01
  2.9800E+05  8.9906E-01  6.3129E-01  2.6777E-01
  2.9900E+05  8.9887E-01  6.3119E-01  2.6768E-01
  3.0000E+05  8.9867E-01  6.3110E-01  2.6758E-01
  3.0100E+05  8.9848E-01  6.3100E-01  2.6748E-01
  3.0200E+05  8.9829E-01  6.3091E-01  2.6738E-01
  3.0300E+05  8.9810E-01  6.3082E-01  2.6728E-01
  3.0400E+05  8.9791E-01  6.3072E-01  2.6718E-01
  3.0500E+05  8.9772E-01  6.3063E-01  2.6708E-01
  3.0600E+05  8.9753E-01  6.3054E-01  2.6699E-01
  3.0700E+05  8.9734E-01  6.3045E-01  2.6689E-01
  3.0800E+05  8.9715E-01  6.3036E-01  2.6679E-01
  3.0900E+05  8.9696E-01  6.3027E-01  2.6669E-01
  3.1000E+05  8.9678E-01  6.3018E-01  2.6660E-01
  3.1100E+05  8.9659E-01  6.3009E-01  2.6650E-01
  3.1200E+05  8.9641E-01  6.3000E-01  2.6640E-01
  3.1300E+05  8.9622E-01  6.2992E-01  2.6631E-01
  3.1400E+05  8.9604E-01  6.2983E-01  2.6621E-01
  3.1500E+05  8.9586E-01  6.2974E-01  2.6612E-01
  3.1600E+05  8.9567E-01  6.2965E-01  2.6602E-01
  3.1700E+05  8.9549E-01  6.2957E-01  2.6593E-01
  3.1800E+05  8.9531E-01  6.2948E-01  2.6583E-01
  3.1900E+05  8.9513E-01  6.2940E-01  2.6574E-01
  3.2000E+05  8.9495E-01  6.2931E-01  2.6564E-01
  3.2100E+05  8.9477E-01  6.2923E-01  2.6555E-01
  3.2200E+05  8.9460E-01  6.2914E-01  2.6545E-01
  3.2300E+05  8.9442E-01  6.2906E-01  2.6536E-01
  3.2400E+05  8.9424E-01  6.2898E-01  2.6526E-01
  3.2500E+05  8.9407E-01  6.2890E-01  2.6517E-01
  3.2600E+05  8.9389E-01  6.2881E-01  2.6508E-01
  3.2700E+05  8.9371E-01  6.2873E-01  2.6498E-01
  3.2800E+05  8.9354E-01  6.2865E-01  2.6489E-01
  3.2900E+05  8.9337E-01  6.2857E-01  2.6480E-01
  3.3000E+05  8.9319E-01  6.2849E-01  2.6470E-01
  3.3100E+05  8.9302E-01  6.2841E-01  2.6461E-01
  3.3200E+05  8.9285E-01  6.2833E-01  2.6452E-01
  3.3300E+05  8.9268E-01  6.2825E-01  2.6443E-01
  3.3400E+05  8.9251E-01  6.2817E-01  2.6433E-01
  3.3500E+05  8.9234E-01  6.2809E-01  2.6424E-01
  3.3600E+05  8.9217E-01  6.2802E-01  2.6415E-01
  3.3700E+05  8.9200E-01  6.2794E-01  2.6406E-01
  3.3800E+05  8.9183E-01  6.2786E-01  2.6397E-01
  3.3900E+05  8.9166E-01  6.2778E-01  2.6388E-01
  3.4000E+05  8.9150E-01  6.2771E-01  2.6379E-01
  3.4100E+05  8.9133E-01  6.2763E-01  2.6370E-01
  3.4200E+05  8.9116E-01  6.2756E-01  2.6361E-01
  3.4300E+05  8.9100E-01  6.2748E-01  2.6352E-01
  3.4400E+05  8.9083E-01  6.2741E-01  2.6343E-01
  3.4500E+05  8.9067E-01  6.2733E-01  2.6333E-01
  3.4600E+05  8.9050E-01  6.2726E-01  2.6325E-01
  3.4700E+05  8.9034E-01  6.2719E-01  2.6316E-01
  3.4800E+05  8.9018E-01  6.2711E-01  2.6307E-01
  3.4900E+05  8.9002E-01  6.2704E-01  2.6298E-01
  3.5000E+05  8.8986E-01  6.2697E-01  2.6289E-01
  3.5100E+05  8.8969E-01  6.2690E-01  2.6280E-01
  3.5200E+05  8.8953E-01  6.2682E-01  2.6271E-01
  3.5300E+05  8.8937E-01  6.2675E-01  2.6262E-01
  3.5400E+05  8.8921E-01  6.2668E-01  2.6253E-01
  3.5500E+05  8.8906E-01  6.2661E-01  2.6244E-01
  3.5600E+05  8.8890E-01  6.2654E-01  2.6236E-01
  3.5700E+05  8.8874E-01  6.2647E-01  2.6227E-01
  3.5800E+05  8.8858E-01  6.2640E-01  2.6218E-01
  3.5900E+05  8.8843E-01  6.2633E-01  2.6209E-01
  3.6000E+05  8.8827E-01  6.2626E-01  2.6201E-01
  3.6100E+05  8.8811E-01  6.2620E-01  2.6192E-01
  3.6200E+05  8.8796E-01  6.2613E-01  2.6183E-01
  3.6300E+05  8.8780E-01  6.2606E-01  2.6174E-01
  3.6400E+05  8.8765E-01  6.2599E-01  2.6166E-01
  3.6500E+05  8.8750E-01  6.2593E-01  2.6157E-01
  3.6600E+05  8.8734E-01  6.2586E-01  2.6148E-01
  3.6700E+05  8.8719E-01  6.2579E-01  2.6140E-01
  3.6800E+05  8.8704E-01  6.2573E-01  2.6131E-01
  3.6900E+05  8.8689E-01  6.2566E-01  2.6123E-01
  3.7000E+05  8.8674E-01  6.2560E-01  2.6114E-01
  3.7100E+05  8.8659E-01  6.2553E-01  2.6105E-01
  3.7200E+05  8.8643E-01  6.2547E-01  2.6097E-01
  3.7300E+05  8.8629E-01  6.2540E-01  2.6088E-01
  3.7400E+05  8.8614E-01  6.2534E-01  2.6080E-01
  3.7500E+05  8.8599E-01  6.2527E-01  2.6071E-01
  3.7600E+05  8.8584E-01  6.2521E-01  2.6063E-01
  3.7700E+05  8.8569E-01  6.2515E-01  2.6054E-01
  3.7800E+05  8.8554E-01  6.2509E-01  2.6046E-01
  3.7900E+05  8.8540E-01  6.2502E-01  2.6037E-01
  3.8000E+05  8.8525E-01  6.2496E-01  2.6029E-01
  3.8100E+05  8.8510E-01  6.2490E-01  2.6020E-01
  3.8200E+05  8.8496E-01  6.2484E-01  2.6012E-01
  3.8300E+05  8.8481E-01  6.2478E-01  2.6004E-01
  3.8400E+05  8.8467E-01  6.2472E-01  2.5995E-01
  3.8500E+05  8.8453E-01  6.2466E-01  2.5987E-01
  3.8600E+05  8.8438E-01  6.2460E-01  2.5979E-01
  3.8700E+05  8.8424E-01  6.2454E-01  2.5970E-01
  3.8800E+05  8.8410E-01  6.2448E-01  2.5962E-01
  3.8900E+05  8.8395E-01  6.2442E-01  2.5954E-01
  3.9000E+05  8.8381E-01  6.2436E-01  2.5945E-01
  3.9100E+05  8.8367E-01  6.2430E-01  2.5937E-01
  3.9200E+05  8.8353E-01  6.2424E-01  2.5929E-01
  3.9300E+05  8.8339E-01  6.2418E-01  2.5920E-01
  3.9400E+05  8.8325E-01  6.2413E-01  2.5912E-01
  3.9500E+05  8.8311E-01  6.2407E-01  2.5904E-01
  3.9600E+05  8.8297E-01  6.2401E-01  2.5896E-01
  3.9700E+05  8.8283E-01  6.2395E-01  2.5888E-01
  3.9800E+05  8.8269E-01  6.2390E-01  2.5879E-01
  3.9900E+05  8.8255E-01  6.2384E-01  2.5871E-01
  4.0000E+05  8.8242E-01  6.2379E-01  2.5863E-01
  4.0100E+05  8.8228E-01  6.2373E-01  2.5855E-01
  4.0200E+05  8.8214E-01  6.2367E-01  2.5847E-01
  4.0300E+05  8.8201E-01  6.2362E-01  2.5839E-01
  4.0400E+05  8.8187E-01  6.2356E-01  2.5831E-01
  4.0500E+05  8.8173E-01  6.2351E-01  2.5822E-01
  4.0600E+05  8.8160E-01  6.2346E-01  2.5814E-01
  4.0700E+05  8.8146E-01  6.2340E-01  2.5806E-01
  4.0800E+05  8.8133E-01  6.2335E-01  2.5798E-01
  4.0900E+05  8.8120E-01  6.2329E-01  2.5790E-01
  4.1000E+05  8.8106E-01  6.2324E-01  2.5782E-01
  4.1100E+05  8.8093E-01  6.2319E-01  2.5774E-01
  4.1200E+05  8.8080E-01  6.2313E-01  2.5766E-01
  4.1300E+05  8.8066E-01  6.2308E-01  2.5758E-01
  4.1400E+05  8.8053E-01  6.2303E-01  2.5750E-01
  4.1500E+05  8.8040E-01  6.2298E-01  2.5742E-01
  4.1600E+05  8.8027E-01  6.2293E-01  2.5734E-01
  4.1700E+05  8.8014E-01  6.2288E-01  2.5726E-01
  4.1800E+05  8.8001E-01  6.2282E-01  2.5718E-01
  4.1900E+05  8.7988E-01  6.2277E-01  2.5710E-01
  4.2000E+05  8.7975E-01  6.2272E-01  2.5702E-01
  4.2100E+05  8.7962E-01  6.2267E-01  2.5695E-01
  4.2200E+05  8.7949E-01  6.2262E-01  2.5687E-01
  4.2300E+05  8.7936E-01  6.2257E-01  2.5679E-01
  4.2400E+05  8.7923E-01  6.2252E-01  2.5671E-01
  4.2500E+05  8.7910E-01  6.2247E-01  2.5663E-01
  4.2600E+05  8.7898E-01  6.2242E-01  2.5655E-01
  4.2700E+05  8.7885E-01  6.2238E-01  2.5647E-01
  4.2800E+05  8.7872E-01  6.2233E-01  2.5640E-01
  4.2900E+05  8.7860E-01  6.2228E-01  2.5632E-01
  4.3000E+05  8.7847E-01  6.2223E-01  2.5624E-01
  4.3100E+05  8.7834E-01  6.2218E-01  2.5616E-01
  4.3200E+05  8.7822E-01  6.2213E-01  2.5608E-01
  4.3300E+05  8.7809E-01  6.2209E-01  2.5601E-01
  4.3400E+05  8.7797E-01  6.2204E-01  2.5593E-01
  4.3500E+05  8.7784E-01  6.2199E-01  2.5585E-01
  4.3600E+05  8.7772E-01  6.2195E-01  2.5577E-01
  4.3700E+05  8.7760E-01  6.2190E-01  2.5570E-01
  4.3800E+05  8.7747E-01  6.2185E-01  2.5562E-01
  4.3900E+05  8.7735E-01  6.2181E-01  2.5554E-01
  4.4000E+05  8.7723E-01  6.2176E-01  2.5547E-01
  4.4100E+05  8.7711E-01  6.2172E-01  2.5539E-01
  4.4200E+05  8.7698E-01  6.2167E-01  2.5531E-01
  4.4300E+05  8.7686E-01  6.2163E-01  2.5524E-01
  4.4400E+05  8.7674E-01  6.2158E-01  2.5516E-01
  4.4500E+05  8.7662E-01  6.2154E-01  2.5508E-01
  4.4600E+05  8.7650E-01  6.2149E-01  2.5501E-01
  4.4700E+05  8.7638E-01  6.2145E-01  2.5493E-01
  4.4800E+05  8.7626E-01  6.2140E-01  2.5486E-01
  4.4900E+05  8.7614E-01  6.2136E-01  2.5478E-01
  4.5000E+05  8.7602E-01  6.2132E-01  2.5470E-01
  4.5100E+05  8.7590E-01  6.2127E-01  2.5463E-01
  4.5200E+05  8.7578E-01  6.2123E-01  2.5455E-01
  4.5300E+05  8.7567E-01  6.2119E-01  2.5448E-01
  4.5400E+05  8.7555E-01  6.2115E-01  2.5440E-01
  4.5500E+05  8.7543E-01  6.2110E-01  2.5433E-01
  4.5600E+05  8.7531E-01  6.2106E-01  2.5425E-01
  4.5700E+05  8.7520E-01  6.2102E-01  2.5418E-01
  4.5800E+05  8.7508E-01  6.2098E-01  2.5410E-01
  4.5900E+05  8.7496E-01  6.2094E-01  2.5403E-01
  4.6000E+05  8.7485E-01  6.2089E-01  2.5395E-01
  4.6100E+05  8.7473E-01  6.2085E-01  2.5388E-01
  4.6200E+05  8.7461E-01  6.2081E-01  2.5380E-01
  4.6300E+05  8.7450E-01  6.2077E-01  2.5373E-01
  4.6400E+05  8.7438E-01  6.2073E-01  2.5365E-01
  4.6500E+05  8.7427E-01  6.2069E-01  2.5358E-01
  4.6600E+05  8.7416E-01  6.2065E-01  2.5351E-01
  4.6700E+05  8.7404E-01  6.2061E-01  2.5343E-01
  4.6800E+05  8.7393E-01  6.2057E-01  2.5336E-01
  4.6900E+05  8.7382E-01  6.2053E-01  2.5328E-01
  4.7000E+05  8.7370E-01  6.2049E-01  2.5321E-01
  4.7100E+05  8.7359E-01  6.2045E-01  2.5314E-01
  4.7200E+05  8.7348E-01  6.2041E-01  2.5306E-01
  4.7300E+05  8.7336E-01  6.2037E-01  2.5299E-01
  4.7400E+05  8.7325E-01  6.2034E-01  2.5292E-01
  4.7500E+05  8.7314E-01  6.2030E-01  2.5284E-01
  4.7600E+05  8.7303E-01  6.2026E-01  2.5277E-01
  4.7700E+05  8.7292E-01  6.2022E-01  2.5270E-01
  4.7800E+05  8.7281E-01  6.2018E-01  2.5262E-01
  4.7900E+05  8.7270E-01  6.2015E-01  2.5255E-01
  4.8000E+05  8.7259E-01  6.2011E-01  2.5248E-01
  4.8100E+05  8.7248E-01  6.2007E-01  2.5241E-01
  4.8200E+05  8.7237E-01  6.2004E-01  2.5233E-01
  4.8300E+05  8.7226E-01  6.2000E-01  2.5226E-01
  4.8400E+05  8.7215E-01  6.1996E-01  2.5219E-01
  4.8500E+05  8.7204E-01  6.1993E-01  2.5212E-01
  4.8600E+05  8.7193E-01  6.1989E-01  2.5204E-01
  4.8700E+05  8.7182E-01  6.1985E-01  2.5197E-01
  4.8800E+05  8.7172E-01  6.1982E-01  2.5190E-01
  4.8900E+05  8.7161E-01  6.1978E-01  2.5183E-01
  4.9000E+05  8.7150E-01  6.1975E-01  2.5175E-01
  4.9100E+05  8.7139E-01  6.1971E-01  2.5168E-01
  4.9200E+05  8.7129E-01  6.1968E-01  2.5161E-01
  4.9300E+05  8.7118E-01  6.1964E-01  2.5154E-01
  4.9400E+05  8.7107E-01  6.1961E-01  2.5147E-01
  4.9500E+05  8.7097E-01  6.1957E-01  2.5140E-01
  4.9600E+05  8.7086E-01  6.1954E-01  2.5133E-01
  4.9700E+05  8.7076E-01  6.1950E-01  2.5125E-01
  4.9800E+05  8.7065E-01  6.1947E-01  2.5118E-01
  4.9900E+05  8.7055E-01  6.1944E-01  2.5111E-01
  5.0000E+05  8.7044E-01  6.1940E-01  2.5104E-01
  5.0100E+05  8.7034E-01  6.1937E-01  2.5097E-01
  5.0200E+05  8.7023E-01  6.1933E-01  2.5090E-01
  5.0300E+05  8.7013E-01  6.1930E-01  2.5083E-01
  5.0400E+05  8.7003E-01  6.1927E-01  2.5076E-01
  5.0500E+05  8.6992E-01  6.1924E-01  2.5069E-01
  5.0600E+05  8.6982E-01  6.1920E-01  2.5062E-01
  5.0700E+05  8.6972E-01  6.1917E-01  2.5055E-01
  5.0800E+05  8.6961E-01  6.1914E-01  2.5048E-01
  5.0900E+05  8.6951E-01  6.1911E-01  2.5041E-01
  5.1000E+05  8.6941E-01  6.1907E-01  2.5034E-01
  5.1100E+05  8.6931E-01  6.1904E-01  2.5026E-01
  5.1200E+05  8.6921E-01  6.1901E-01  2.5019E-01
  5.1300E+05  8.6910E-01  6.1898E-01  2.5012E-01
  5.1400E+05  8.6900E-01  6.1895E-01  2.5006E-01
  5.1500E+05  8.6890E-01  6.1892E-01  2.4999E-01
  5.1600E+05  8.6880E-01  6.1889E-01  2.4992E-01
  5.1700E+05  8.6870E-01  6.1886E-01  2.4985E-01
  5.1800E+05  8.6860E-01  6.1882E-01  2.4978E-01
  5.1900E+05  8.6850E-01  6.1879E-01  2.4971E-01
  5.2000E+05  8.6840E-01  6.1876E-01  2.4964E-01
