  1.0013E+03  1.2512E+00  8.4799E-01  4.0322E-01
  2.0012E+03  1.2172E+00  8.2999E-01  3.8720E-01
  3.0009E+03  1.1945E+00  8.1670E-01  3.7779E-01
  4.0001E+03  1.1774E+00  8.0626E-01  3.7112E-01
  5.0001E+03  1.1636E+00  7.9764E-01  3.6594E-01
  6.0013E+03  1.1520E+00  7.9024E-01  3.6172E-01
  7.0013E+03  1.1419E+00  7.8375E-01  3.5815E-01
  8.0016E+03  1.1330E+00  7.7792E-01  3.5506E-01
  9.0011E+03  1.1249E+00  7.7259E-01  3.5235E-01
  1.0002E+04  1.1176E+00  7.6764E-01  3.4992E-01
  1.1001E+04  1.1107E+00  7.6300E-01  3.4773E-01
  1.2000E+04  1.1043E+00  7.5856E-01  3.4573E-01
  1.3000E+04  1.0982E+00  7.5430E-01  3.4390E-01
  1.4000E+04  1.0923E+00  7.5014E-01  3.4221E-01
  1.5001E+04  1.0867E+00  7.4603E-01  3.4064E-01
  1.6001E+04  1.0811E+00  7.4195E-01  3.3917E-01
  1.7001E+04  1.0757E+00  7.3787E-01  3.3781E-01
  1.8002E+04  1.0702E+00  7.3371E-01  3.3652E-01
  1.9001E+04  1.0648E+00  7.2948E-01  3.3532E-01
  2.0001E+04  1.0593E+00  7.2510E-01  3.3419E-01
  2.1002E+04  1.0537E+00  7.2057E-01  3.3312E-01
  2.2000E+04  1.0479E+00  7.1583E-01  3.3212E-01
  2.3002E+04  1.0420E+00  7.1080E-01  3.3118E-01
  2.4000E+04  1.0358E+00  7.0550E-01  3.3030E-01
  2.5001E+04  1.0293E+00  6.9983E-01  3.2948E-01
  2.6000E+04  1.0225E+00  6.9375E-01  3.2872E-01
  2.7002E+04  1.0152E+00  6.8716E-01  3.2802E-01
  2.8001E+04  1.0074E+00  6.8001E-01  3.2740E-01
  2.9000E+04  9.9899E-01  6.7214E-01  3.2685E-01
  3.0001E+04  9.8979E-01  6.6339E-01  3.2640E-01
  3.1001E+04  9.7970E-01  6.5364E-01  3.2607E-01
  3.2001E+04  9.6841E-01  6.4253E-01  3.2588E-01
  3.3002E+04  9.5554E-01  6.2965E-01  3.2590E-01
  3.4001E+04  9.4043E-01  6.1421E-01  3.2621E-01
  3.5002E+04  9.2198E-01  5.9497E-01  3.2701E-01
  3.6002E+04  8.9820E-01  5.6955E-01  3.2865E-01
  3.7002E+04  8.7086E-01  5.3935E-01  3.3151E-01
  3.8000E+04  8.4363E-01  5.0814E-01  3.3548E-01
  3.9002E+04  8.1927E-01  4.7909E-01  3.4019E-01
  4.0002E+04  8.0069E-01  4.5584E-01  3.4485E-01
  4.1003E+04  7.8488E-01  4.3584E-01  3.4905E-01
  4.2001E+04  7.7112E-01  4.1846E-01  3.5266E-01
  4.3002E+04  7.5842E-01  4.0268E-01  3.5573E-01
  4.4003E+04  7.4668E-01  3.8840E-01  3.5828E-01
  4.5001E+04  7.3572E-01  3.7537E-01  3.6035E-01
  4.6002E+04  7.2534E-01  3.6335E-01  3.6200E-01
  4.7000E+04  7.1545E-01  3.5219E-01  3.6326E-01
  4.8001E+04  7.0592E-01  3.4173E-01  3.6418E-01
  4.9001E+04  6.9671E-01  3.3192E-01  3.6480E-01
  5.0001E+04  6.8783E-01  3.2270E-01  3.6513E-01
  5.1001E+04  6.7925E-01  3.1402E-01  3.6523E-01
  5.2002E+04  6.7087E-01  3.0577E-01  3.6511E-01
  5.3000E+04  6.6272E-01  2.9793E-01  3.6479E-01
  5.4000E+04  6.5474E-01  2.9044E-01  3.6430E-01
  5.5002E+04  6.4695E-01  2.8329E-01  3.6366E-01
  5.6001E+04  6.3938E-01  2.7650E-01  3.6288E-01
  5.7001E+04  6.3197E-01  2.6998E-01  3.6199E-01
  5.8002E+04  6.2468E-01  2.6368E-01  3.6100E-01
  5.9000E+04  6.1755E-01  2.5764E-01  3.5992E-01
  6.0002E+04  6.1055E-01  2.5180E-01  3.5875E-01
  6.1003E+04  6.0373E-01  2.4621E-01  3.5752E-01
  6.2002E+04  5.9704E-01  2.4081E-01  3.5623E-01
  6.3002E+04  5.9046E-01  2.3557E-01  3.5489E-01
  6.4001E+04  5.8400E-01  2.3050E-01  3.5351E-01
  6.5001E+04  5.7768E-01  2.2560E-01  3.5209E-01
  6.6002E+04  5.7149E-01  2.2086E-01  3.5063E-01
  6.7001E+04  5.6540E-01  2.1624E-01  3.4916E-01
  6.8001E+04  5.5940E-01  2.1175E-01  3.4765E-01
  6.9002E+04  5.5354E-01  2.0741E-01  3.4613E-01
  7.0001E+04  5.4782E-01  2.0323E-01  3.4459E-01
  7.1001E+04  5.4217E-01  1.9912E-01  3.4304E-01
  7.2001E+04  5.3660E-01  1.9512E-01  3.4148E-01
  7.3001E+04  5.3115E-01  1.9125E-01  3.3990E-01
  7.4002E+04  5.2579E-01  1.8748E-01  3.3831E-01
  7.5001E+04  5.2050E-01  1.8377E-01  3.3673E-01
  7.6003E+04  5.1529E-01  1.8016E-01  3.3513E-01
  7.7002E+04  5.1022E-01  1.7669E-01  3.3353E-01
  7.8001E+04  5.0518E-01  1.7325E-01  3.3193E-01
  7.9001E+04  5.0021E-01  1.6988E-01  3.3033E-01
  8.0000E+04  4.9537E-01  1.6664E-01  3.2872E-01
  8.1000E+04  4.9057E-01  1.6345E-01  3.2712E-01
  8.2003E+04  4.8580E-01  1.6029E-01  3.2551E-01
  8.3003E+04  4.8118E-01  1.5727E-01  3.2391E-01
  8.4002E+04  4.7657E-01  1.5426E-01  3.2231E-01
  8.5002E+04  4.7202E-01  1.5132E-01  3.2070E-01
  8.6002E+04  4.6760E-01  1.4850E-01  3.1911E-01
  8.7002E+04  4.6318E-01  1.4567E-01  3.1751E-01
  8.8001E+04  4.5882E-01  1.4290E-01  3.1591E-01
  8.9001E+04  4.5458E-01  1.4026E-01  3.1432E-01
  9.0001E+04  4.5032E-01  1.3760E-01  3.1273E-01
  9.1001E+04  4.4614E-01  1.3501E-01  3.1113E-01
  9.2001E+04  4.4206E-01  1.3252E-01  3.0955E-01
  9.3000E+04  4.3796E-01  1.3001E-01  3.0796E-01
  9.4000E+04  4.3397E-01  1.2760E-01  3.0637E-01
  9.5000E+04  4.3001E-01  1.2522E-01  3.0479E-01
  9.6003E+04  4.2606E-01  1.2286E-01  3.0320E-01
  9.7003E+04  4.2222E-01  1.2061E-01  3.0161E-01
  9.8002E+04  4.1837E-01  1.1834E-01  3.0003E-01
  9.9002E+04  4.1461E-01  1.1617E-01  2.9844E-01
  1.0000E+05  4.1088E-01  1.1402E-01  2.9686E-01
  1.0100E+05  4.0716E-01  1.1188E-01  2.9528E-01
  1.0200E+05  4.0356E-01  1.0987E-01  2.9369E-01
  1.0300E+05  3.9990E-01  1.0779E-01  2.9211E-01
  1.0400E+05  3.9638E-01  1.0585E-01  2.9052E-01
  1.0500E+05  3.9284E-01  1.0390E-01  2.8894E-01
  1.0600E+05  3.8932E-01  1.0197E-01  2.8735E-01
  1.0700E+05  3.8592E-01  1.0015E-01  2.8576E-01
  1.0800E+05  3.8245E-01  9.8279E-02  2.8417E-01
  1.0900E+05  3.7913E-01  9.6543E-02  2.8258E-01
  1.1000E+05  3.7574E-01  9.4754E-02  2.8099E-01
  1.1100E+05  3.7245E-01  9.3059E-02  2.7939E-01
  1.1200E+05  3.6918E-01  9.1378E-02  2.7780E-01
  1.1300E+05  3.6592E-01  8.9728E-02  2.7620E-01
  1.1400E+05  3.6274E-01  8.8138E-02  2.7460E-01
  1.1500E+05  3.5954E-01  8.6541E-02  2.7300E-01
  1.1600E+05  3.5642E-01  8.5028E-02  2.7139E-01
  1.1700E+05  3.5328E-01  8.3496E-02  2.6979E-01
  1.1800E+05  3.5024E-01  8.2057E-02  2.6818E-01
  1.1900E+05  3.4716E-01  8.0583E-02  2.6657E-01
  1.2000E+05  3.4418E-01  7.9217E-02  2.6497E-01
  1.2100E+05  3.4115E-01  7.7797E-02  2.6336E-01
  1.2200E+05  3.3824E-01  7.6496E-02  2.6174E-01
  1.2300E+05  3.3526E-01  7.5130E-02  2.6013E-01
  1.2400E+05  3.3240E-01  7.3888E-02  2.5851E-01
  1.2500E+05  3.2949E-01  7.2585E-02  2.5690E-01
  1.2600E+05  3.2669E-01  7.1398E-02  2.5529E-01
  1.2700E+05  3.2384E-01  7.0160E-02  2.5368E-01
  1.2800E+05  3.2108E-01  6.9016E-02  2.5206E-01
  1.2900E+05  3.1829E-01  6.7839E-02  2.5045E-01
  1.3000E+05  3.1558E-01  6.6741E-02  2.4884E-01
  1.3100E+05  3.1286E-01  6.5620E-02  2.4724E-01
  1.3200E+05  3.1020E-01  6.4566E-02  2.4563E-01
  1.3300E+05  3.0753E-01  6.3496E-02  2.4403E-01
  1.3400E+05  3.0492E-01  6.2487E-02  2.4243E-01
  1.3500E+05  3.0230E-01  6.1463E-02  2.4084E-01
  1.3600E+05  2.9975E-01  6.0504E-02  2.3925E-01
  1.3700E+05  2.9718E-01  5.9518E-02  2.3767E-01
  1.3800E+05  2.9469E-01  5.8607E-02  2.3609E-01
  1.3900E+05  2.9216E-01  5.7652E-02  2.3451E-01
  1.4000E+05  2.8973E-01  5.6785E-02  2.3295E-01
  1.4100E+05  2.8726E-01  5.5870E-02  2.3139E-01
  1.4200E+05  2.8488E-01  5.5036E-02  2.2984E-01
  1.4300E+05  2.8247E-01  5.4166E-02  2.2830E-01
  1.4400E+05  2.8013E-01  5.3355E-02  2.2677E-01
  1.4500E+05  2.7779E-01  5.2539E-02  2.2525E-01
  1.4600E+05  2.7548E-01  5.1736E-02  2.2374E-01
  1.4700E+05  2.7322E-01  5.0978E-02  2.2224E-01
  1.4800E+05  2.7094E-01  5.0181E-02  2.2076E-01
  1.4900E+05  2.6876E-01  4.9469E-02  2.1929E-01
  1.5000E+05  2.6652E-01  4.8689E-02  2.1783E-01
  1.5100E+05  2.6439E-01  4.8011E-02  2.1638E-01
  1.5200E+05  2.6221E-01  4.7265E-02  2.1494E-01
  1.5300E+05  2.6012E-01  4.6598E-02  2.1352E-01
  1.5400E+05  2.5802E-01  4.5911E-02  2.1211E-01
  1.5500E+05  2.5596E-01  4.5239E-02  2.1072E-01
  1.5600E+05  2.5395E-01  4.4601E-02  2.0935E-01
  1.5700E+05  2.5192E-01  4.3937E-02  2.0799E-01
  1.5800E+05  2.4997E-01  4.3328E-02  2.0664E-01
  1.5900E+05  2.4801E-01  4.2704E-02  2.0531E-01
  1.6000E+05  2.4608E-01  4.2092E-02  2.0399E-01
  1.6100E+05  2.4422E-01  4.1532E-02  2.0269E-01
  1.6200E+05  2.4232E-01  4.0913E-02  2.0140E-01
  1.6300E+05  2.4052E-01  4.0386E-02  2.0013E-01
  1.6400E+05  2.3868E-01  3.9798E-02  1.9888E-01
  1.6500E+05  2.3691E-01  3.9271E-02  1.9764E-01
  1.6600E+05  2.3516E-01  3.8745E-02  1.9641E-01
  1.6700E+05  2.3340E-01  3.8198E-02  1.9520E-01
  1.6800E+05  2.3172E-01  3.7711E-02  1.9401E-01
  1.6900E+05  2.3002E-01  3.7187E-02  1.9283E-01
  1.7000E+05  2.2837E-01  3.6705E-02  1.9167E-01
  1.7100E+05  2.2674E-01  3.6226E-02  1.9052E-01
  1.7200E+05  2.2512E-01  3.5742E-02  1.8938E-01
  1.7300E+05  2.2354E-01  3.5281E-02  1.8826E-01
  1.7400E+05  2.2200E-01  3.4842E-02  1.8716E-01
  1.7500E+05  2.2044E-01  3.4376E-02  1.8607E-01
  1.7600E+05  2.1895E-01  3.3964E-02  1.8499E-01
  1.7700E+05  2.1745E-01  3.3521E-02  1.8392E-01
  1.7800E+05  2.1598E-01  3.3102E-02  1.8288E-01
  1.7900E+05  2.1455E-01  3.2710E-02  1.8184E-01
  1.8000E+05  2.1309E-01  3.2277E-02  1.8082E-01
  1.8100E+05  2.1171E-01  3.1905E-02  1.7980E-01
  1.8200E+05  2.1032E-01  3.1510E-02  1.7881E-01
  1.8300E+05  2.0895E-01  3.1128E-02  1.7782E-01
  1.8400E+05  2.0761E-01  3.0764E-02  1.7685E-01
  1.8500E+05  2.0629E-01  3.0400E-02  1.7589E-01
  1.8600E+05  2.0498E-01  3.0036E-02  1.7494E-01
  1.8700E+05  2.0369E-01  2.9686E-02  1.7400E-01
  1.8800E+05  2.0243E-01  2.9352E-02  1.7308E-01
  1.8900E+05  2.0116E-01  2.8996E-02  1.7216E-01
  1.9000E+05  1.9995E-01  2.8686E-02  1.7126E-01
  1.9100E+05  1.9872E-01  2.8355E-02  1.7037E-01
  1.9200E+05  1.9751E-01  2.8030E-02  1.6949E-01
  1.9300E+05  1.9635E-01  2.7735E-02  1.6861E-01
  1.9400E+05  1.9516E-01  2.7408E-02  1.6775E-01
  1.9500E+05  1.9402E-01  2.7121E-02  1.6690E-01
  1.9600E+05  1.9288E-01  2.6827E-02  1.6605E-01
  1.9700E+05  1.9176E-01  2.6538E-02  1.6522E-01
  1.9800E+05  1.9065E-01  2.6256E-02  1.6440E-01
  1.9900E+05  1.8956E-01  2.5973E-02  1.6358E-01
  2.0000E+05  1.8849E-01  2.5715E-02  1.6278E-01
  2.0100E+05  1.8741E-01  2.5436E-02  1.6198E-01
  2.0200E+05  1.8637E-01  2.5188E-02  1.6119E-01
  2.0300E+05  1.8534E-01  2.4940E-02  1.6040E-01
  2.0400E+05  1.8430E-01  2.4675E-02  1.5962E-01
  2.0500E+05  1.8330E-01  2.4453E-02  1.5885E-01
  2.0600E+05  1.8230E-01  2.4218E-02  1.5808E-01
  2.0700E+05  1.8131E-01  2.3993E-02  1.5731E-01
  2.0801E+05  1.8032E-01  2.3797E-02  1.5653E-01
  2.0900E+05  1.7935E-01  2.3612E-02  1.5574E-01
  2.1001E+05  1.7840E-01  2.3448E-02  1.5496E-01
  2.1100E+05  1.7746E-01  2.3277E-02  1.5419E-01
  2.1201E+05  1.7654E-01  2.3120E-02  1.5342E-01
  2.1300E+05  1.7563E-01  2.2967E-02  1.5266E-01
  2.1401E+05  1.7470E-01  2.2794E-02  1.5191E-01
  2.1500E+05  1.7383E-01  2.2664E-02  1.5116E-01
  2.1600E+05  1.7295E-01  2.2520E-02  1.5043E-01
  2.1700E+05  1.7206E-01  2.2366E-02  1.4970E-01
  2.1801E+05  1.7121E-01  2.2238E-02  1.4897E-01
  2.1900E+05  1.7035E-01  2.2097E-02  1.4826E-01
  2.2000E+05  1.6951E-01  2.1966E-02  1.4755E-01
  2.2101E+05  1.6868E-01  2.1837E-02  1.4684E-01
  2.2201E+05  1.6784E-01  2.1698E-02  1.4614E-01
  2.2301E+05  1.6705E-01  2.1588E-02  1.4546E-01
  2.2401E+05  1.6623E-01  2.1457E-02  1.4478E-01
  2.2500E+05  1.6544E-01  2.1332E-02  1.4411E-01
  2.2601E+05  1.6466E-01  2.1226E-02  1.4343E-01
  2.2700E+05  1.6388E-01  2.1098E-02  1.4278E-01
  2.2801E+05  1.6310E-01  2.0982E-02  1.4212E-01
  2.2901E+05  1.6235E-01  2.0877E-02  1.4148E-01
  2.3001E+05  1.6158E-01  2.0751E-02  1.4083E-01
  2.3100E+05  1.6085E-01  2.0650E-02  1.4020E-01
  2.3201E+05  1.6011E-01  2.0539E-02  1.3957E-01
  2.3301E+05  1.5938E-01  2.0424E-02  1.3895E-01
  2.3400E+05  1.5868E-01  2.0331E-02  1.3834E-01
  2.3501E+05  1.5795E-01  2.0216E-02  1.3773E-01
  2.3600E+05  1.5725E-01  2.0109E-02  1.3714E-01
  2.3700E+05  1.5656E-01  2.0018E-02  1.3654E-01
  2.3800E+05  1.5586E-01  1.9907E-02  1.3595E-01
  2.3901E+05  1.5517E-01  1.9804E-02  1.3537E-01
  2.4001E+05  1.5450E-01  1.9711E-02  1.3479E-01
  2.4101E+05  1.5383E-01  1.9603E-02  1.3422E-01
  2.4200E+05  1.5317E-01  1.9511E-02  1.3366E-01
  2.4300E+05  1.5252E-01  1.9414E-02  1.3310E-01
  2.4400E+05  1.5185E-01  1.9305E-02  1.3255E-01
  2.4501E+05  1.5122E-01  1.9224E-02  1.3200E-01
  2.4600E+05  1.5059E-01  1.9129E-02  1.3146E-01
  2.4701E+05  1.4994E-01  1.9020E-02  1.3092E-01
  2.4800E+05  1.4934E-01  1.8941E-02  1.3039E-01
  2.4900E+05  1.4872E-01  1.8850E-02  1.2987E-01
  2.5000E+05  1.4810E-01  1.8748E-02  1.2935E-01
  2.5100E+05  1.4750E-01  1.8665E-02  1.2884E-01
  2.5200E+05  1.4690E-01  1.8574E-02  1.2833E-01
  2.5301E+05  1.4630E-01  1.8479E-02  1.2782E-01
  2.5401E+05  1.4572E-01  1.8400E-02  1.2732E-01
  2.5500E+05  1.4513E-01  1.8306E-02  1.2683E-01
  2.5601E+05  1.4455E-01  1.8214E-02  1.2633E-01
  2.5700E+05  1.4399E-01  1.8139E-02  1.2585E-01
  2.5800E+05  1.4342E-01  1.8050E-02  1.2537E-01
  2.5901E+05  1.4285E-01  1.7956E-02  1.2489E-01
  2.6001E+05  1.4230E-01  1.7881E-02  1.2442E-01
  2.6101E+05  1.4175E-01  1.7795E-02  1.2396E-01
  2.6201E+05  1.4120E-01  1.7709E-02  1.2349E-01
  2.6301E+05  1.4067E-01  1.7633E-02  1.2303E-01
  2.6400E+05  1.4013E-01  1.7547E-02  1.2258E-01
  2.6500E+05  1.3960E-01  1.7462E-02  1.2213E-01
  2.6601E+05  1.3908E-01  1.7392E-02  1.2169E-01
  2.6701E+05  1.3855E-01  1.7308E-02  1.2124E-01
  2.6800E+05  1.3803E-01  1.7222E-02  1.2081E-01
  2.6901E+05  1.3753E-01  1.7153E-02  1.2037E-01
  2.7000E+05  1.3702E-01  1.7075E-02  1.1995E-01
  2.7101E+05  1.3651E-01  1.6992E-02  1.1952E-01
  2.7200E+05  1.3602E-01  1.6924E-02  1.1910E-01
  2.7301E+05  1.3552E-01  1.6845E-02  1.1868E-01
  2.7401E+05  1.3503E-01  1.6763E-02  1.1826E-01
  2.7500E+05  1.3455E-01  1.6701E-02  1.1785E-01
  2.7600E+05  1.3407E-01  1.6628E-02  1.1744E-01
  2.7701E+05  1.3358E-01  1.6542E-02  1.1704E-01
  2.7801E+05  1.3312E-01  1.6481E-02  1.1664E-01
  2.7901E+05  1.3265E-01  1.6413E-02  1.1624E-01
  2.8000E+05  1.3218E-01  1.6331E-02  1.1584E-01
  2.8100E+05  1.3173E-01  1.6273E-02  1.1545E-01
  2.8200E+05  1.3127E-01  1.6205E-02  1.1506E-01
  2.8300E+05  1.3081E-01  1.6127E-02  1.1468E-01
  2.8400E+05  1.3037E-01  1.6069E-02  1.1430E-01
  2.8500E+05  1.2992E-01  1.6008E-02  1.1392E-01
  2.8600E+05  1.2947E-01  1.5935E-02  1.1354E-01
  2.8700E+05  1.2904E-01  1.5871E-02  1.1317E-01
  2.8800E+05  1.2861E-01  1.5813E-02  1.1279E-01
  2.8900E+05  1.2817E-01  1.5746E-02  1.1243E-01
  2.9000E+05  1.2774E-01  1.5683E-02  1.1206E-01
  2.9100E+05  1.2733E-01  1.5630E-02  1.1170E-01
  2.9201E+05  1.2690E-01  1.5566E-02  1.1133E-01
  2.9301E+05  1.2648E-01  1.5499E-02  1.1098E-01
  2.9401E+05  1.2608E-01  1.5452E-02  1.1062E-01
  2.9501E+05  1.2567E-01  1.5397E-02  1.1028E-01
  2.9601E+05  1.2527E-01  1.5331E-02  1.0994E-01
  2.9700E+05  1.2490E-01  1.5289E-02  1.0961E-01
  2.9800E+05  1.2452E-01  1.5243E-02  1.0928E-01
  2.9900E+05  1.2415E-01  1.5191E-02  1.0895E-01
  3.0001E+05  1.2378E-01  1.5155E-02  1.0862E-01
  3.0101E+05  1.2341E-01  1.5121E-02  1.0829E-01
  3.0201E+05  1.2302E-01  1.5075E-02  1.0795E-01
  3.0301E+05  1.2264E-01  1.5032E-02  1.0760E-01
  3.0400E+05  1.2226E-01  1.5000E-02  1.0726E-01
  3.0500E+05  1.2187E-01  1.4951E-02  1.0692E-01
  3.0600E+05  1.2146E-01  1.4892E-02  1.0657E-01
  3.0701E+05  1.2108E-01  1.4854E-02  1.0623E-01
  3.0801E+05  1.2068E-01  1.4801E-02  1.0588E-01
  3.0901E+05  1.2027E-01  1.4731E-02  1.0554E-01
  3.1000E+05  1.1988E-01  1.4677E-02  1.0521E-01
  3.1100E+05  1.1949E-01  1.4623E-02  1.0487E-01
  3.1200E+05  1.1909E-01  1.4557E-02  1.0453E-01
  3.1301E+05  1.1868E-01  1.4484E-02  1.0420E-01
  3.1401E+05  1.1830E-01  1.4424E-02  1.0387E-01
  3.1501E+05  1.1790E-01  1.4359E-02  1.0354E-01
  3.1600E+05  1.1751E-01  1.4285E-02  1.0322E-01
  3.1700E+05  1.1713E-01  1.4229E-02  1.0290E-01
  3.1800E+05  1.1674E-01  1.4162E-02  1.0258E-01
  3.1901E+05  1.1634E-01  1.4085E-02  1.0226E-01
  3.2001E+05  1.1596E-01  1.4020E-02  1.0194E-01
  3.2101E+05  1.1559E-01  1.3964E-02  1.0163E-01
  3.2200E+05  1.1522E-01  1.3897E-02  1.0132E-01
  3.2300E+05  1.1483E-01  1.3821E-02  1.0101E-01
  3.2401E+05  1.1446E-01  1.3762E-02  1.0070E-01
  3.2501E+05  1.1409E-01  1.3699E-02  1.0039E-01
  3.2601E+05  1.1372E-01  1.3629E-02  1.0009E-01
  3.2700E+05  1.1336E-01  1.3570E-02  9.9791E-02
  3.2800E+05  1.1300E-01  1.3513E-02  9.9490E-02
  3.2900E+05  1.1264E-01  1.3444E-02  9.9192E-02
  3.3001E+05  1.1227E-01  1.3371E-02  9.8895E-02
  3.3101E+05  1.1192E-01  1.3319E-02  9.8601E-02
  3.3201E+05  1.1157E-01  1.3261E-02  9.8308E-02
  3.3300E+05  1.1121E-01  1.3194E-02  9.8020E-02
  3.3400E+05  1.1087E-01  1.3135E-02  9.7731E-02
  3.3500E+05  1.1052E-01  1.3078E-02  9.7444E-02
  3.3601E+05  1.1017E-01  1.3014E-02  9.7159E-02
  3.3701E+05  1.0982E-01  1.2948E-02  9.6875E-02
  3.3801E+05  1.0949E-01  1.2901E-02  9.6594E-02
  3.3900E+05  1.0916E-01  1.2846E-02  9.6317E-02
  3.4000E+05  1.0882E-01  1.2780E-02  9.6039E-02
  3.4100E+05  1.0848E-01  1.2720E-02  9.5763E-02
  3.4201E+05  1.0816E-01  1.2669E-02  9.5489E-02
  3.4301E+05  1.0783E-01  1.2613E-02  9.5216E-02
  3.4401E+05  1.0749E-01  1.2547E-02  9.4946E-02
  3.4500E+05  1.0718E-01  1.2504E-02  9.4679E-02
  3.4600E+05  1.0686E-01  1.2451E-02  9.4412E-02
  3.4700E+05  1.0653E-01  1.2388E-02  9.4146E-02
  3.4801E+05  1.0621E-01  1.2330E-02  9.3883E-02
  3.4901E+05  1.0591E-01  1.2286E-02  9.3621E-02
  3.5001E+05  1.0560E-01  1.2235E-02  9.3360E-02
  3.5100E+05  1.0528E-01  1.2175E-02  9.3104E-02
  3.5200E+05  1.0497E-01  1.2127E-02  9.2847E-02
  3.5301E+05  1.0467E-01  1.2078E-02  9.2592E-02
  3.5401E+05  1.0436E-01  1.2023E-02  9.2338E-02
  3.5501E+05  1.0405E-01  1.1964E-02  9.2086E-02
  3.5600E+05  1.0376E-01  1.1926E-02  9.1839E-02
  3.5700E+05  1.0347E-01  1.1881E-02  9.1589E-02
  3.5800E+05  1.0317E-01  1.1826E-02  9.1342E-02
  3.5901E+05  1.0287E-01  1.1772E-02  9.1096E-02
  3.6001E+05  1.0258E-01  1.1729E-02  9.0852E-02
  3.6101E+05  1.0229E-01  1.1682E-02  9.0610E-02
  3.6200E+05  1.0200E-01  1.1628E-02  9.0371E-02
  3.6300E+05  1.0172E-01  1.1587E-02  9.0132E-02
  3.6400E+05  1.0144E-01  1.1547E-02  8.9893E-02
  3.6501E+05  1.0116E-01  1.1499E-02  8.9657E-02
  3.6601E+05  1.0086E-01  1.1441E-02  8.9421E-02
  3.6701E+05  1.0059E-01  1.1403E-02  8.9188E-02
  3.6800E+05  1.0032E-01  1.1363E-02  8.8958E-02
  3.6900E+05  1.0004E-01  1.1316E-02  8.8727E-02
  3.7000E+05  9.9767E-02  1.1268E-02  8.8498E-02
  3.7101E+05  9.9505E-02  1.1235E-02  8.8270E-02
  3.7201E+05  9.9237E-02  1.1194E-02  8.8043E-02
  3.7301E+05  9.8961E-02  1.1143E-02  8.7818E-02
  3.7400E+05  9.8695E-02  1.1099E-02  8.7596E-02
  3.7500E+05  9.8438E-02  1.1064E-02  8.7374E-02
  3.7600E+05  9.8178E-02  1.1025E-02  8.7153E-02
  3.7701E+05  9.7910E-02  1.0977E-02  8.6933E-02
  3.7801E+05  9.7657E-02  1.0943E-02  8.6714E-02
  3.7901E+05  9.7406E-02  1.0909E-02  8.6496E-02
  3.8000E+05  9.7151E-02  1.0869E-02  8.6282E-02
  3.8100E+05  9.6885E-02  1.0818E-02  8.6068E-02
  3.8201E+05  9.6640E-02  1.0786E-02  8.5854E-02
  3.8301E+05  9.6395E-02  1.0754E-02  8.5642E-02
  3.8401E+05  9.6145E-02  1.0715E-02  8.5430E-02
  3.8501E+05  9.5891E-02  1.0671E-02  8.5220E-02
  3.8600E+05  9.5658E-02  1.0645E-02  8.5013E-02
  3.8700E+05  9.5418E-02  1.0613E-02  8.4805E-02
  3.8801E+05  9.5172E-02  1.0574E-02  8.4598E-02
  3.8901E+05  9.4923E-02  1.0531E-02  8.4392E-02
  3.9001E+05  9.4691E-02  1.0504E-02  8.4187E-02
  3.9100E+05  9.4459E-02  1.0473E-02  8.3986E-02
  3.9200E+05  9.4219E-02  1.0436E-02  8.3783E-02
  3.9300E+05  9.3982E-02  1.0401E-02  8.3581E-02
  3.9401E+05  9.3758E-02  1.0378E-02  8.3380E-02
  3.9501E+05  9.3529E-02  1.0350E-02  8.3179E-02
  3.9601E+05  9.3293E-02  1.0314E-02  8.2979E-02
  3.9700E+05  9.3064E-02  1.0282E-02  8.2782E-02
  3.9800E+05  9.2841E-02  1.0258E-02  8.2583E-02
  3.9901E+05  9.2614E-02  1.0233E-02  8.2380E-02
  4.0001E+05  9.2383E-02  1.0205E-02  8.2178E-02
  4.0100E+05  9.2163E-02  1.0183E-02  8.1979E-02
  4.0200E+05  9.1949E-02  1.0169E-02  8.1780E-02
  4.0301E+05  9.1731E-02  1.0149E-02  8.1582E-02
  4.0401E+05  9.1506E-02  1.0121E-02  8.1384E-02
  4.0501E+05  9.1291E-02  1.0101E-02  8.1190E-02
  4.0600E+05  9.1082E-02  1.0085E-02  8.0997E-02
  4.0701E+05  9.0866E-02  1.0063E-02  8.0804E-02
  4.0801E+05  9.0646E-02  1.0034E-02  8.0612E-02
  4.0901E+05  9.0437E-02  1.0014E-02  8.0423E-02
  4.1001E+05  9.0233E-02  9.9992E-03  8.0234E-02
  4.1101E+05  9.0028E-02  9.9803E-03  8.0047E-02
  4.1201E+05  8.9815E-02  9.9539E-03  7.9861E-02
  4.1300E+05  8.9613E-02  9.9359E-03  7.9677E-02
  4.1400E+05  8.9415E-02  9.9219E-03  7.9493E-02
  4.1501E+05  8.9212E-02  9.9027E-03  7.9309E-02
  4.1600E+05  8.9004E-02  9.8757E-03  7.9129E-02
  4.1701E+05  8.8802E-02  9.8554E-03  7.8946E-02
  4.1800E+05  8.8609E-02  9.8402E-03  7.8769E-02
  4.1901E+05  8.8411E-02  9.8211E-03  7.8590E-02
  4.2000E+05  8.8209E-02  9.7958E-03  7.8413E-02
  4.2100E+05  8.8015E-02  9.7776E-03  7.8238E-02
  4.2200E+05  8.7827E-02  9.7647E-03  7.8062E-02
  4.2300E+05  8.7635E-02  9.7477E-03  7.7888E-02
  4.2401E+05  8.7437E-02  9.7238E-03  7.7714E-02
  4.2501E+05  8.7248E-02  9.7052E-03  7.7543E-02
  4.2600E+05  8.7064E-02  9.6923E-03  7.7372E-02
  4.2700E+05  8.6877E-02  9.6749E-03  7.7202E-02
  4.2801E+05  8.6683E-02  9.6505E-03  7.7033E-02
  4.2901E+05  8.6494E-02  9.6293E-03  7.6865E-02
  4.3000E+05  8.6315E-02  9.6161E-03  7.6699E-02
  4.3101E+05  8.6131E-02  9.5996E-03  7.6532E-02
  4.3201E+05  8.5945E-02  9.5779E-03  7.6367E-02
  4.3301E+05  8.5762E-02  9.5577E-03  7.6204E-02
  4.3401E+05  8.5587E-02  9.5464E-03  7.6041E-02
  4.3501E+05  8.5411E-02  9.5319E-03  7.5879E-02
  4.3601E+05  8.5229E-02  9.5118E-03  7.5717E-02
  4.3700E+05  8.5049E-02  9.4907E-03  7.5558E-02
  4.3801E+05  8.4877E-02  9.4795E-03  7.5398E-02
  4.3900E+05  8.4706E-02  9.4653E-03  7.5240E-02
  4.4001E+05  8.4527E-02  9.4454E-03  7.5081E-02
  4.4101E+05  8.4347E-02  9.4217E-03  7.4925E-02
  4.4201E+05  8.4180E-02  9.4097E-03  7.4770E-02
  4.4301E+05  8.4011E-02  9.3957E-03  7.4615E-02
  4.4401E+05  8.3838E-02  9.3775E-03  7.4461E-02
  4.4501E+05  8.3661E-02  9.3533E-03  7.4307E-02
  4.4600E+05  8.3500E-02  9.3435E-03  7.4157E-02
  4.4701E+05  8.3336E-02  9.3316E-03  7.4005E-02
  4.4801E+05  8.3169E-02  9.3157E-03  7.3853E-02
  4.4901E+05  8.2998E-02  9.2939E-03  7.3704E-02
  4.5000E+05  8.2838E-02  9.2822E-03  7.3556E-02
  4.5101E+05  8.2677E-02  9.2712E-03  7.3406E-02
  4.5201E+05  8.2516E-02  9.2566E-03  7.3259E-02
  4.5301E+05  8.2349E-02  9.2363E-03  7.3113E-02
  4.5400E+05  8.2188E-02  9.2214E-03  7.2967E-02
  4.5500E+05  8.2032E-02  9.2103E-03  7.2822E-02
  4.5600E+05  8.1873E-02  9.1961E-03  7.2677E-02
  4.5701E+05  8.1710E-02  9.1767E-03  7.2533E-02
  4.5801E+05  8.1549E-02  9.1587E-03  7.2390E-02
  4.5901E+05  8.1396E-02  9.1484E-03  7.2247E-02
  4.6000E+05  8.1243E-02  9.1361E-03  7.2107E-02
  4.6101E+05  8.1085E-02  9.1194E-03  7.1965E-02
  4.6200E+05  8.0927E-02  9.1001E-03  7.1826E-02
  4.6301E+05  8.0778E-02  9.0916E-03  7.1686E-02
  4.6400E+05  8.0629E-02  9.0811E-03  7.1548E-02
  4.6501E+05  8.0476E-02  9.0668E-03  7.1409E-02
  4.6601E+05  8.0319E-02  9.0471E-03  7.1272E-02
  4.6701E+05  8.0174E-02  9.0386E-03  7.1136E-02
  4.6800E+05  8.0029E-02  9.0292E-03  7.1000E-02
  4.6900E+05  7.9881E-02  9.0167E-03  7.0864E-02
  4.7000E+05  7.9729E-02  8.9992E-03  7.0729E-02
  4.7100E+05  7.9582E-02  8.9868E-03  7.0595E-02
  4.7200E+05  7.9439E-02  8.9778E-03  7.0461E-02
  4.7301E+05  7.9294E-02  8.9663E-03  7.0328E-02
  4.7401E+05  7.9146E-02  8.9503E-03  7.0195E-02
  4.7501E+05  7.8997E-02  8.9340E-03  7.0063E-02
  4.7600E+05  7.8859E-02  8.9257E-03  6.9934E-02
  4.7700E+05  7.8717E-02  8.9151E-03  6.9802E-02
  4.7801E+05  7.8573E-02  8.9012E-03  6.9672E-02
  4.7900E+05  7.8426E-02  8.8824E-03  6.9543E-02
  4.8001E+05  7.8290E-02  8.8761E-03  6.9414E-02
  4.8100E+05  7.8154E-02  8.8674E-03  6.9287E-02
  4.8201E+05  7.8014E-02  8.8560E-03  6.9158E-02
  4.8300E+05  7.7872E-02  8.8404E-03  6.9031E-02
  4.8400E+05  7.7736E-02  8.8305E-03  6.8905E-02
  4.8501E+05  7.7601E-02  8.8234E-03  6.8778E-02
  4.8601E+05  7.7467E-02  8.8141E-03  6.8653E-02
  4.8700E+05  7.7329E-02  8.8012E-03  6.8528E-02
  4.8800E+05  7.7191E-02  8.7875E-03  6.8404E-02
  4.8900E+05  7.7062E-02  8.7823E-03  6.8280E-02
  4.9001E+05  7.6928E-02  8.7744E-03  6.8154E-02
  4.9101E+05  7.6794E-02  8.7636E-03  6.8031E-02
  4.9201E+05  7.6656E-02  8.7482E-03  6.7908E-02
  4.9300E+05  7.6530E-02  8.7431E-03  6.7787E-02
  4.9400E+05  7.6402E-02  8.7365E-03  6.7665E-02
  4.9500E+05  7.6271E-02  8.7274E-03  6.7543E-02
  4.9601E+05  7.6136E-02  8.7143E-03  6.7422E-02
  4.9701E+05  7.6005E-02  8.7040E-03  6.7301E-02
  4.9801E+05  7.5880E-02  8.6990E-03  6.7181E-02
  4.9900E+05  7.5755E-02  8.6914E-03  6.7063E-02
  5.0001E+05  7.5626E-02  8.6809E-03  6.6945E-02
  5.0100E+05  7.5497E-02  8.6671E-03  6.6830E-02
  5.0201E+05  7.5379E-02  8.6652E-03  6.6714E-02
  5.0301E+05  7.5258E-02  8.6613E-03  6.6597E-02
  5.0401E+05  7.5137E-02  8.6557E-03  6.6481E-02
  5.0500E+05  7.5010E-02  8.6470E-03  6.6363E-02
  5.0601E+05  7.4886E-02  8.6432E-03  6.6242E-02
  5.0700E+05  7.4765E-02  8.6428E-03  6.6122E-02
  5.0801E+05  7.4639E-02  8.6391E-03  6.6000E-02
  5.0901E+05  7.4511E-02  8.6317E-03  6.5880E-02
  5.1001E+05  7.4381E-02  8.6210E-03  6.5760E-02
  5.1100E+05  7.4260E-02  8.6188E-03  6.5641E-02
  5.1201E+05  7.4133E-02  8.6121E-03  6.5521E-02
  5.1301E+05  7.4004E-02  8.6012E-03  6.5403E-02
  5.1401E+05  7.3871E-02  8.5853E-03  6.5286E-02
  5.1501E+05  7.3744E-02  8.5746E-03  6.5169E-02
  5.1601E+05  7.3620E-02  8.5667E-03  6.5053E-02
  5.1701E+05  7.3494E-02  8.5556E-03  6.4938E-02
  5.1801E+05  7.3365E-02  8.5417E-03  6.4823E-02
  5.1901E+05  7.3235E-02  8.5255E-03  6.4709E-02
  5.2001E+05  7.3115E-02  8.5191E-03  6.4596E-02
