 -1.4000E-01 -7.0000E-02  5.0975E-05  3.4167E+10  4.6214E-10 -4.7132E+04
  0.0000E+00  7.0000E-02  5.0975E-05  3.4167E+10  4.6214E-10  0.0000E+00
  1.4000E-01  2.1000E-01  1.2403E-04  1.4034E+10  4.6190E-10  4.7132E+04
  2.8000E-01  3.5000E-01  1.9210E-04  9.0568E+09  4.6168E-10  1.9491E+05
  4.2000E-01  4.9000E-01  2.5858E-04  6.7306E+09  4.6184E-10  5.0736E+05
  5.6000E-01  6.3000E-01  3.2860E-04  5.2962E+09  4.6181E-10  7.2451E+05
  7.0000E-01  7.7000E-01  4.0401E-04  4.3074E+09  4.6180E-10  7.9015E+05
  8.4000E-01  9.1000E-01  4.8572E-04  3.5829E+09  4.6181E-10  1.0034E+06
  9.8000E-01  1.0500E+00  5.7431E-04  3.0302E+09  4.6181E-10  1.1509E+06
  1.1200E+00  1.1900E+00  6.7037E-04  2.5960E+09  4.6181E-10  1.3189E+06
  1.2600E+00  1.3300E+00  7.7443E-04  2.2472E+09  4.6181E-10  1.4822E+06
  1.4000E+00  1.4700E+00  8.8708E-04  1.9618E+09  4.6181E-10  1.6468E+06
  1.5400E+00  1.6100E+00  1.0089E-03  1.7249E+09  4.6181E-10  1.8111E+06
  1.6800E+00  1.7500E+00  1.1407E-03  1.5257E+09  4.6182E-10  1.9755E+06
  1.8200E+00  1.8900E+00  1.2829E-03  1.3565E+09  4.6182E-10  2.1400E+06
  1.9600E+00  2.0300E+00  1.4366E-03  1.2114E+09  4.6182E-10  2.3045E+06
  2.1000E+00  2.1700E+00  1.6023E-03  1.0862E+09  4.6183E-10  2.4690E+06
  2.2400E+00  2.3100E+00  1.7810E-03  9.7719E+08  4.6183E-10  2.6335E+06
  2.3800E+00  2.4500E+00  1.9736E-03  8.8184E+08  4.6184E-10  2.7980E+06
  2.5200E+00  2.5900E+00  2.1810E-03  7.9797E+08  4.6184E-10  2.9625E+06
  2.6600E+00  2.7300E+00  2.4044E-03  7.2384E+08  4.6185E-10  3.1271E+06
  2.8000E+00  2.8700E+00  2.6448E-03  6.5806E+08  4.6186E-10  3.2917E+06
  2.9400E+00  3.0100E+00  2.9034E-03  5.9946E+08  4.6187E-10  3.4562E+06
  3.0800E+00  3.1500E+00  3.1815E-03  5.4707E+08  4.6188E-10  3.6208E+06
  3.2200E+00  3.2900E+00  3.4804E-03  5.0011E+08  4.6190E-10  3.7854E+06
  3.3600E+00  3.4300E+00  3.8015E-03  4.5787E+08  4.6191E-10  3.9500E+06
  3.5000E+00  3.5700E+00  4.1464E-03  4.1980E+08  4.6193E-10  4.1146E+06
  3.6400E+00  3.7100E+00  4.5166E-03  3.8541E+08  4.6195E-10  4.2793E+06
  3.7800E+00  3.8500E+00  4.9139E-03  3.5427E+08  4.6197E-10  4.4439E+06
  3.9200E+00  3.9900E+00  5.3400E-03  3.2602E+08  4.6199E-10  4.6086E+06
  4.0600E+00  4.1300E+00  5.7968E-03  3.0034E+08  4.6202E-10  4.7733E+06
  4.2000E+00  4.2700E+00  6.2863E-03  2.7697E+08  4.6205E-10  4.9380E+06
  4.3400E+00  4.4100E+00  6.8107E-03  2.5567E+08  4.6209E-10  5.1027E+06
  4.4800E+00  4.5500E+00  7.3722E-03  2.3621E+08  4.6213E-10  5.2675E+06
  4.6200E+00  4.6900E+00  7.9730E-03  2.1843E+08  4.6217E-10  5.4322E+06
  4.7600E+00  4.8300E+00  8.6158E-03  2.0216E+08  4.6222E-10  5.5971E+06
  4.9000E+00  4.9700E+00  9.3031E-03  1.8724E+08  4.6227E-10  5.7619E+06
  5.0400E+00  5.1100E+00  1.0038E-02  1.7356E+08  4.6233E-10  5.9268E+06
  5.1800E+00  5.2500E+00  1.0822E-02  1.6100E+08  4.6240E-10  6.0917E+06
  5.3200E+00  5.3900E+00  1.1660E-02  1.4946E+08  4.6247E-10  6.2567E+06
  5.4600E+00  5.5300E+00  1.2555E-02  1.3883E+08  4.6256E-10  6.4218E+06
  5.6000E+00  5.6700E+00  1.3509E-02  1.2905E+08  4.6265E-10  6.5869E+06
  5.7400E+00  5.8100E+00  1.4526E-02  1.2004E+08  4.6274E-10  6.7520E+06
  5.8800E+00  5.9500E+00  1.5611E-02  1.1173E+08  4.6285E-10  6.9173E+06
  6.0200E+00  6.0900E+00  1.6766E-02  1.0405E+08  4.6297E-10  7.0826E+06
  6.1600E+00  6.2300E+00  1.7997E-02  9.6965E+07  4.6311E-10  7.2480E+06
  6.3000E+00  6.3700E+00  1.9307E-02  9.0414E+07  4.6325E-10  7.4135E+06
  6.4400E+00  6.5100E+00  2.0701E-02  8.4354E+07  4.6341E-10  7.5791E+06
  6.5800E+00  6.6500E+00  2.2183E-02  7.8746E+07  4.6358E-10  7.7448E+06
  6.7200E+00  6.7900E+00  2.3760E-02  7.3551E+07  4.6377E-10  7.9106E+06
  6.8600E+00  6.9300E+00  2.5435E-02  6.8737E+07  4.6398E-10  8.0766E+06
  7.0000E+00  7.0700E+00  2.7215E-02  6.4273E+07  4.6421E-10  8.2428E+06
  7.1400E+00  7.2100E+00  2.9105E-02  6.0131E+07  4.6445E-10  8.4091E+06
  7.2800E+00  7.3500E+00  3.1112E-02  5.6285E+07  4.6472E-10  8.5756E+06
  7.4200E+00  7.4900E+00  3.3241E-02  5.2713E+07  4.6502E-10  8.7423E+06
  7.5600E+00  7.6300E+00  3.5500E-02  4.9393E+07  4.6534E-10  8.9092E+06
  7.7000E+00  7.7700E+00  3.7895E-02  4.6305E+07  4.6568E-10  9.0763E+06
  7.8400E+00  7.9100E+00  4.0434E-02  4.3433E+07  4.6606E-10  9.2437E+06
  7.9800E+00  8.0500E+00  4.3125E-02  4.0758E+07  4.6647E-10  9.4114E+06
  8.1200E+00  8.1900E+00  4.5976E-02  3.8267E+07  4.6692E-10  9.5794E+06
  8.2600E+00  8.3300E+00  4.8996E-02  3.5946E+07  4.6740E-10  9.7477E+06
  8.4000E+00  8.4700E+00  5.2193E-02  3.3782E+07  4.6792E-10  9.9164E+06
  8.5400E+00  8.6100E+00  5.5577E-02  3.1763E+07  4.6849E-10  1.0085E+07
  8.6800E+00  8.7500E+00  5.9159E-02  2.9879E+07  4.6911E-10  1.0255E+07
  8.8200E+00  8.8900E+00  6.2948E-02  2.8120E+07  4.6977E-10  1.0425E+07
  8.9600E+00  9.0300E+00  6.6957E-02  2.6477E+07  4.7049E-10  1.0595E+07
  9.1000E+00  9.1700E+00  7.1196E-02  2.4942E+07  4.7127E-10  1.0766E+07
  9.2400E+00  9.3100E+00  7.5679E-02  2.3506E+07  4.7211E-10  1.0938E+07
  9.3800E+00  9.4500E+00  8.0418E-02  2.2164E+07  4.7302E-10  1.1110E+07
  9.5200E+00  9.5900E+00  8.5427E-02  2.0907E+07  4.7400E-10  1.1283E+07
  9.6600E+00  9.7300E+00  9.0722E-02  1.9731E+07  4.7505E-10  1.1456E+07
  9.8000E+00  9.8700E+00  9.6318E-02  1.8629E+07  4.7619E-10  1.1631E+07
  9.9400E+00  1.0010E+01  1.0223E-01  1.7597E+07  4.7742E-10  1.1806E+07
  1.0080E+01  1.0150E+01  1.0848E-01  1.6629E+07  4.7875E-10  1.1982E+07
  1.0220E+01  1.0290E+01  1.1509E-01  1.5721E+07  4.8018E-10  1.2159E+07
  1.0360E+01  1.0430E+01  1.2207E-01  1.4870E+07  4.8171E-10  1.2337E+07
  1.0500E+01  1.0570E+01  1.2944E-01  1.4071E+07  4.8337E-10  1.2516E+07
  1.0640E+01  1.0710E+01  1.3724E-01  1.3321E+07  4.8515E-10  1.2696E+07
  1.0780E+01  1.0850E+01  1.4548E-01  1.2616E+07  4.8707E-10  1.2878E+07
  1.0920E+01  1.0990E+01  1.5419E-01  1.1954E+07  4.8914E-10  1.3061E+07
  1.1060E+01  1.1130E+01  1.6340E-01  1.1331E+07  4.9137E-10  1.3245E+07
  1.1200E+01  1.1270E+01  1.7314E-01  1.0746E+07  4.9376E-10  1.3431E+07
  1.1340E+01  1.1410E+01  1.8344E-01  1.0195E+07  4.9633E-10  1.3619E+07
  1.1480E+01  1.1550E+01  1.9435E-01  9.6766E+06  4.9910E-10  1.3809E+07
  1.1620E+01  1.1690E+01  2.0589E-01  9.1886E+06  5.0209E-10  1.4000E+07
  1.1760E+01  1.1830E+01  2.1811E-01  8.7290E+06  5.0529E-10  1.4194E+07
  1.1900E+01  1.1970E+01  2.3107E-01  8.2959E+06  5.0874E-10  1.4390E+07
  1.2040E+01  1.2110E+01  2.4479E-01  7.8878E+06  5.1246E-10  1.4588E+07
  1.2180E+01  1.2250E+01  2.5935E-01  7.5030E+06  5.1645E-10  1.4788E+07
  1.2320E+01  1.2390E+01  2.7481E-01  7.1401E+06  5.2075E-10  1.4992E+07
  1.2460E+01  1.2530E+01  2.9122E-01  6.7977E+06  5.2539E-10  1.5198E+07
  1.2600E+01  1.2670E+01  3.0865E-01  6.4745E+06  5.3037E-10  1.5407E+07
  1.2740E+01  1.2810E+01  3.2720E-01  6.1694E+06  5.3575E-10  1.5620E+07
  1.2880E+01  1.2950E+01  3.4694E-01  5.8812E+06  5.4154E-10  1.5836E+07
  1.3020E+01  1.3090E+01  3.6797E-01  5.6090E+06  5.4778E-10  1.6055E+07
  1.3160E+01  1.3230E+01  3.9040E-01  5.3517E+06  5.5452E-10  1.6278E+07
  1.3300E+01  1.3370E+01  4.1435E-01  5.1084E+06  5.6178E-10  1.6506E+07
  1.3440E+01  1.3510E+01  4.3995E-01  4.8784E+06  5.6963E-10  1.6738E+07
  1.3580E+01  1.3650E+01  4.6733E-01  4.6609E+06  5.7811E-10  1.6974E+07
  1.3720E+01  1.3790E+01  4.9668E-01  4.4550E+06  5.8728E-10  1.7216E+07
  1.3860E+01  1.3930E+01  5.2817E-01  4.2601E+06  5.9720E-10  1.7462E+07
  1.4000E+01  1.4070E+01  5.6201E-01  4.0756E+06  6.0794E-10  1.7714E+07
  1.4140E+01  1.4210E+01  5.9842E-01  3.9009E+06  6.1958E-10  1.7971E+07
  1.4280E+01  1.4350E+01  6.3767E-01  3.7353E+06  6.3220E-10  1.8235E+07
  1.4420E+01  1.4490E+01  6.8005E-01  3.5784E+06  6.4591E-10  1.8505E+07
  1.4560E+01  1.4630E+01  7.2590E-01  3.4297E+06  6.6080E-10  1.8781E+07
  1.4700E+01  1.4770E+01  7.7560E-01  3.2886E+06  6.7701E-10  1.9064E+07
  1.4840E+01  1.4910E+01  8.2957E-01  3.1548E+06  6.9466E-10  1.9355E+07
  1.4980E+01  1.5050E+01  8.8831E-01  3.0278E+06  7.1391E-10  1.9653E+07
  1.5120E+01  1.5190E+01  9.5238E-01  2.9072E+06  7.3493E-10  1.9958E+07
  1.5260E+01  1.5330E+01  1.0224E+00  2.7927E+06  7.5791E-10  2.0271E+07
  1.5400E+01  1.5470E+01  1.0992E+00  2.6839E+06  7.8307E-10  2.0593E+07
  1.5540E+01  1.5610E+01  1.1836E+00  2.5804E+06  8.1065E-10  2.0923E+07
  1.5680E+01  1.5750E+01  1.2765E+00  2.4819E+06  8.4095E-10  2.1261E+07
  1.5820E+01  1.5890E+01  1.3791E+00  2.3882E+06  8.7427E-10  2.1608E+07
  1.5960E+01  1.6030E+01  1.4929E+00  2.2989E+06  9.1099E-10  2.1964E+07
  1.6100E+01  1.6170E+01  1.6192E+00  2.2137E+06  9.5152E-10  2.2328E+07
  1.6240E+01  1.6310E+01  1.7600E+00  2.1325E+06  9.9635E-10  2.2701E+07
  1.6380E+01  1.6450E+01  1.9175E+00  2.0549E+06  1.0460E-09  2.3083E+07
  1.6520E+01  1.6590E+01  2.0941E+00  1.9808E+06  1.1012E-09  2.3472E+07
  1.6660E+01  1.6730E+01  2.2929E+00  1.9099E+06  1.1625E-09  2.3870E+07
  1.6800E+01  1.6870E+01  2.5165E+00  1.8415E+06  1.2303E-09  2.4272E+07
  1.6940E+01  1.7010E+01  2.7636E+00  1.7734E+06  1.3011E-09  2.4662E+07
  1.7080E+01  1.7150E+01  3.0128E+00  1.6964E+06  1.3567E-09  2.4960E+07
  1.7220E+01  1.7290E+01  3.1945E+00  1.5892E+06  1.3473E-09  2.4918E+07
  1.7360E+01  1.7430E+01  3.1846E+00  1.4212E+06  1.2005E-09  2.4144E+07
  1.7500E+01  1.7570E+01  2.8654E+00  1.1589E+06  8.8019E-10  2.2209E+07
  1.7640E+01  1.7710E+01  2.2632E+00  7.8192E+05  4.6870E-10  1.8739E+07
  1.7780E+01  1.7850E+01  1.6178E+00  3.4692E+05  1.4861E-10  1.3585E+07
  1.7920E+01  1.7990E+01  1.1904E+00  6.9225E+04  2.1835E-11  7.3122E+06
  1.8060E+01  1.8130E+01  1.0246E+00  1.1264E+04  3.0611E-12  1.9539E+06
  1.8200E+01  1.8270E+01  1.0005E+00  1.0000E+04  2.6546E-12  8.5247E+04
  1.8340E+01  1.8410E+01  1.0000E+00  1.0000E+04  2.6533E-12  7.9320E+01
  1.8480E+01  1.8550E+01  1.0000E+00  1.0000E+04  2.6533E-12  8.7249E-04
  1.8620E+01  1.8690E+01  1.0000E+00  1.0000E+04  2.6533E-12  7.8258E-09
  1.8760E+01  1.8830E+01  1.0000E+00  1.0000E+04  2.6533E-12  2.9394E-25
  1.8900E+01  1.8970E+01  1.0000E+00  1.0000E+04  2.6533E-12  1.7296E-58
  1.9040E+01  1.9110E+01  1.0000E+00  1.0000E+04  2.6533E-12  2.6796-125
  1.9180E+01  1.9250E+01  1.0000E+00  1.0000E+04  2.6533E-12  2.6065-259
  1.9320E+01  1.9390E+01  1.0000E+00  1.0000E+04  2.6533E-12  0.0000E+00
  1.9460E+01  1.9530E+01  1.0000E+00  1.0000E+04  2.6533E-12  0.0000E+00
  1.9600E+01  1.9670E+01  1.0000E+00  1.0000E+04  2.6533E-12  0.0000E+00
  1.9740E+01  1.9810E+01  1.0000E+00  1.0000E+04  2.6533E-12  0.0000E+00
  1.9880E+01  1.9950E+01  1.0000E+00  1.0000E+04  2.6533E-12  0.0000E+00
  2.0020E+01  2.0090E+01  1.0000E+00  1.0000E+04  2.6533E-12  0.0000E+00
  2.0160E+01  2.0230E+01  1.0000E+00  1.0000E+04  2.6533E-12  0.0000E+00
  2.0300E+01  2.0370E+01  1.0000E+00  1.0000E+04  2.6533E-12  0.0000E+00
  2.0440E+01  2.0510E+01  1.0000E+00  1.0000E+04  2.6533E-12  0.0000E+00
  2.0580E+01  2.0650E+01  1.0000E+00  1.0000E+04  2.6533E-12  0.0000E+00
  2.0720E+01  2.0790E+01  1.0000E+00  1.0000E+04  2.6533E-12  0.0000E+00
  2.0860E+01  2.0930E+01  1.0000E+00  1.0000E+04  2.6533E-12  0.0000E+00
  2.1000E+01  2.1070E+01  1.0000E+00  1.0000E+04  2.6533E-12  0.0000E+00
  2.1140E+01  2.1210E+01  1.0000E+00  1.0000E+04  2.6533E-12  0.0000E+00
  2.1280E+01  2.1350E+01  1.0000E+00  1.0000E+04  2.6533E-12  0.0000E+00
  2.1420E+01  2.1490E+01  1.0000E+00  1.0000E+04  2.6533E-12  0.0000E+00
  2.1560E+01  2.1630E+01  1.0000E+00  1.0000E+04  2.6533E-12  0.0000E+00
  2.1700E+01  2.1770E+01  1.0000E+00  1.0000E+04  2.6533E-12  0.0000E+00
  2.1840E+01  2.1910E+01  1.0000E+00  1.0000E+04  2.6533E-12  0.0000E+00
  2.1980E+01  2.2050E+01  1.0000E+00  1.0000E+04  2.6533E-12  0.0000E+00
  2.2120E+01  2.2190E+01  1.0000E+00  1.0000E+04  2.6533E-12  0.0000E+00
  2.2260E+01  2.2330E+01  1.0000E+00  1.0000E+04  2.6533E-12  0.0000E+00
  2.2400E+01  2.2470E+01  1.0000E+00  1.0000E+04  2.6533E-12  0.0000E+00
  2.2540E+01  2.2610E+01  1.0000E+00  1.0000E+04  2.6533E-12  0.0000E+00
  2.2680E+01  2.2750E+01  1.0000E+00  1.0000E+04  2.6533E-12  0.0000E+00
  2.2820E+01  2.2890E+01  1.0000E+00  1.0000E+04  2.6533E-12  0.0000E+00
  2.2960E+01  2.3030E+01  1.0000E+00  1.0000E+04  2.6533E-12  0.0000E+00
  2.3100E+01  2.3170E+01  1.0000E+00  1.0000E+04  2.6533E-12  0.0000E+00
  2.3240E+01  2.3310E+01  1.0000E+00  1.0000E+04  2.6533E-12  0.0000E+00
  2.3380E+01  2.3450E+01  1.0000E+00  1.0000E+04  2.6533E-12  0.0000E+00
  2.3520E+01  2.3590E+01  1.0000E+00  1.0000E+04  2.6533E-12  0.0000E+00
  2.3660E+01  2.3730E+01  1.0000E+00  1.0000E+04  2.6533E-12  0.0000E+00
  2.3800E+01  2.3870E+01  1.0000E+00  1.0000E+04  2.6533E-12  0.0000E+00
  2.3940E+01  2.4010E+01  1.0000E+00  1.0000E+04  2.6533E-12  0.0000E+00
  2.4080E+01  2.4150E+01  1.0000E+00  1.0000E+04  2.6533E-12  0.0000E+00
  2.4220E+01  2.4290E+01  1.0000E+00  1.0000E+04  2.6533E-12  0.0000E+00
  2.4360E+01  2.4430E+01  1.0000E+00  1.0000E+04  2.6533E-12  0.0000E+00
  2.4500E+01  2.4570E+01  1.0000E+00  1.0000E+04  2.6533E-12  0.0000E+00
  2.4640E+01  2.4710E+01  1.0000E+00  1.0000E+04  2.6533E-12  0.0000E+00
  2.4780E+01  2.4850E+01  1.0000E+00  1.0000E+04  2.6533E-12  0.0000E+00
  2.4920E+01  2.4990E+01  1.0000E+00  1.0000E+04  2.6533E-12  0.0000E+00
  2.5060E+01  2.5130E+01  1.0000E+00  1.0000E+04  2.6533E-12  0.0000E+00
  2.5200E+01  2.5270E+01  1.0000E+00  1.0000E+04  2.6533E-12  0.0000E+00
  2.5340E+01  2.5410E+01  1.0000E+00  1.0000E+04  2.6533E-12  0.0000E+00
  2.5480E+01  2.5550E+01  1.0000E+00  1.0000E+04  2.6533E-12  0.0000E+00
  2.5620E+01  2.5690E+01  1.0000E+00  1.0000E+04  2.6533E-12  0.0000E+00
  2.5760E+01  2.5830E+01  1.0000E+00  1.0000E+04  2.6533E-12  0.0000E+00
  2.5900E+01  2.5970E+01  1.0000E+00  1.0000E+04  2.6533E-12  0.0000E+00
  2.6040E+01  2.6110E+01  1.0000E+00  1.0000E+04  2.6533E-12  0.0000E+00
  2.6180E+01  2.6250E+01  1.0000E+00  1.0000E+04  2.6533E-12  0.0000E+00
  2.6320E+01  2.6390E+01  1.0000E+00  1.0000E+04  2.6533E-12  0.0000E+00
  2.6460E+01  2.6530E+01  1.0000E+00  1.0000E+04  2.6533E-12  0.0000E+00
  2.6600E+01  2.6670E+01  1.0000E+00  1.0000E+04  2.6533E-12  0.0000E+00
  2.6740E+01  2.6810E+01  1.0000E+00  1.0000E+04  2.6533E-12  0.0000E+00
  2.6880E+01  2.6950E+01  1.0000E+00  1.0000E+04  2.6533E-12  0.0000E+00
  2.7020E+01  2.7090E+01  1.0000E+00  1.0000E+04  2.6533E-12  0.0000E+00
  2.7160E+01  2.7230E+01  1.0000E+00  1.0000E+04  2.6533E-12  0.0000E+00
  2.7300E+01  2.7370E+01  1.0000E+00  1.0000E+04  2.6533E-12  0.0000E+00
  2.7440E+01  2.7510E+01  1.0000E+00  1.0000E+04  2.6533E-12  0.0000E+00
  2.7580E+01  2.7650E+01  1.0000E+00  1.0000E+04  2.6533E-12  0.0000E+00
  2.7720E+01  2.7790E+01  1.0000E+00  1.0000E+04  2.6533E-12  0.0000E+00
  2.7860E+01  2.7930E+01  1.0000E+00  1.0000E+04  2.6533E-12  0.0000E+00
  2.8000E+01  2.8070E+01  1.0000E+00  1.0000E+04  2.6533E-12  0.0000E+00
  2.8140E+01  2.8210E+01  1.0000E+00  1.0000E+04  2.6533E-12  0.0000E+00
  2.8280E+01  2.8350E+01  1.0000E+00  1.0000E+04  2.6533E-12  0.0000E+00
  2.8420E+01  2.8490E+01  1.0000E+00  1.0000E+04  2.6533E-12  0.0000E+00
  2.8560E+01  2.8630E+01  1.0000E+00  1.0000E+04  2.6533E-12  0.0000E+00
  2.8700E+01  2.8770E+01  1.0000E+00  1.0000E+04  2.6533E-12  0.0000E+00
  2.8840E+01  2.8910E+01  1.0000E+00  1.0000E+04  2.6533E-12  0.0000E+00
  2.8980E+01  2.9050E+01  1.0000E+00  1.0000E+04  2.6533E-12  0.0000E+00
  2.9120E+01  2.9190E+01  1.0000E+00  1.0000E+04  2.6533E-12  0.0000E+00
  2.9260E+01  2.9330E+01  1.0000E+00  1.0000E+04  2.6533E-12  0.0000E+00
  2.9400E+01  2.9470E+01  1.0000E+00  1.0000E+04  2.6533E-12  0.0000E+00
  2.9540E+01  2.9610E+01  1.0000E+00  1.0000E+04  2.6533E-12  0.0000E+00
  2.9680E+01  2.9750E+01  1.0000E+00  1.0000E+04  2.6533E-12  0.0000E+00
  2.9820E+01  2.9890E+01  1.0000E+00  1.0000E+04  2.6533E-12  0.0000E+00
  2.9960E+01  3.0030E+01  1.0000E+00  1.0000E+04  2.6533E-12  0.0000E+00
  3.0100E+01  3.0170E+01  1.0000E+00  1.0000E+04  2.6533E-12  0.0000E+00
  3.0240E+01  3.0310E+01  1.0000E+00  1.0000E+04  2.6533E-12  0.0000E+00
  3.0380E+01  3.0450E+01  1.0000E+00  1.0000E+04  2.6533E-12  0.0000E+00
  3.0520E+01  3.0590E+01  1.0000E+00  1.0000E+04  2.6533E-12  0.0000E+00
  3.0660E+01  3.0730E+01  1.0000E+00  1.0000E+04  2.6533E-12  0.0000E+00
  3.0800E+01  3.0870E+01  1.0000E+00  1.0000E+04  2.6533E-12  0.0000E+00
  3.0940E+01  3.1010E+01  1.0000E+00  1.0000E+04  2.6533E-12  0.0000E+00
  3.1080E+01  3.1150E+01  1.0000E+00  1.0000E+04  2.6533E-12  0.0000E+00
  3.1220E+01  3.1290E+01  1.0000E+00  1.0000E+04  2.6533E-12  0.0000E+00
  3.1360E+01  3.1430E+01  1.0000E+00  1.0000E+04  2.6533E-12  0.0000E+00
  3.1500E+01  3.1570E+01  1.0000E+00  1.0000E+04  2.6533E-12  0.0000E+00
  3.1640E+01  3.1710E+01  1.0000E+00  1.0000E+04  2.6533E-12  0.0000E+00
  3.1780E+01  3.1850E+01  1.0000E+00  1.0000E+04  2.6533E-12  0.0000E+00
  3.1920E+01  3.1990E+01  1.0000E+00  1.0000E+04  2.6533E-12  0.0000E+00
  3.2060E+01  3.2130E+01  1.0000E+00  1.0000E+04  2.6533E-12  0.0000E+00
  3.2200E+01  3.2270E+01  1.0000E+00  1.0000E+04  2.6533E-12  0.0000E+00
  3.2340E+01  3.2410E+01  1.0000E+00  1.0000E+04  2.6533E-12  0.0000E+00
  3.2480E+01  3.2550E+01  1.0000E+00  1.0000E+04  2.6533E-12  0.0000E+00
  3.2620E+01  3.2690E+01  1.0000E+00  1.0000E+04  2.6533E-12  0.0000E+00
  3.2760E+01  3.2830E+01  1.0000E+00  1.0000E+04  2.6533E-12  0.0000E+00
  3.2900E+01  3.2970E+01  1.0000E+00  1.0000E+04  2.6533E-12  0.0000E+00
  3.3040E+01  3.3110E+01  1.0000E+00  1.0000E+04  2.6533E-12  0.0000E+00
  3.3180E+01  3.3250E+01  1.0000E+00  1.0000E+04  2.6533E-12  0.0000E+00
  3.3320E+01  3.3390E+01  1.0000E+00  1.0000E+04  2.6533E-12  0.0000E+00
  3.3460E+01  3.3530E+01  1.0000E+00  1.0000E+04  2.6533E-12  0.0000E+00
  3.3600E+01  3.3670E+01  1.0000E+00  1.0000E+04  2.6533E-12  0.0000E+00
  3.3740E+01  3.3810E+01  1.0000E+00  1.0000E+04  2.6533E-12  0.0000E+00
  3.3880E+01  3.3950E+01  1.0000E+00  1.0000E+04  2.6533E-12  0.0000E+00
  3.4020E+01  3.4090E+01  1.0000E+00  1.0000E+04  2.6533E-12  0.0000E+00
  3.4160E+01  3.4230E+01  1.0000E+00  1.0000E+04  2.6533E-12  0.0000E+00
  3.4300E+01  3.4370E+01  1.0000E+00  1.0000E+04  2.6533E-12  0.0000E+00
  3.4440E+01  3.4510E+01  1.0000E+00  1.0000E+04  2.6533E-12  0.0000E+00
  3.4580E+01  3.4650E+01  1.0000E+00  1.0000E+04  2.6533E-12  0.0000E+00
  3.4720E+01  3.4790E+01  1.0000E+00  1.0000E+04  2.6533E-12  0.0000E+00
  3.4860E+01  3.4930E+01  1.0000E+00  1.0000E+04  2.6533E-12  0.0000E+00
  3.5000E+01  3.5070E+01  1.0000E+00  1.0000E+04  2.6533E-12  0.0000E+00
  3.5140E+01  3.5210E+01  1.0000E+00  1.0000E+04  2.6533E-12  0.0000E+00
  3.5280E+01  3.5350E+01  1.0000E+00  1.0000E+04  2.6533E-12  0.0000E+00
  3.5420E+01  3.5490E+01  1.0000E+00  1.0000E+04  2.6533E-12  0.0000E+00
  3.5560E+01  3.5630E+01  1.0000E+00  1.0000E+04  2.6533E-12  0.0000E+00
  3.5700E+01  3.5770E+01  1.0000E+00  1.0000E+04  2.6533E-12  0.0000E+00
  3.5840E+01  3.5910E+01  1.0000E+00  1.0000E+04  2.6533E-12  0.0000E+00
  3.5980E+01  3.6050E+01  1.0000E+00  1.0000E+04  2.6533E-12  0.0000E+00
  3.6120E+01  3.6190E+01  1.0000E+00  1.0000E+04  2.6533E-12  0.0000E+00
  3.6260E+01  3.6330E+01  1.0000E+00  1.0000E+04  2.6533E-12  0.0000E+00
  3.6400E+01  3.6470E+01  1.0000E+00  1.0000E+04  2.6533E-12  0.0000E+00
  3.6540E+01  3.6610E+01  1.0000E+00  1.0000E+04  2.6533E-12  0.0000E+00
  3.6680E+01  3.6750E+01  1.0000E+00  1.0000E+04  2.6533E-12  0.0000E+00
  3.6820E+01  3.6890E+01  1.0000E+00  1.0000E+04  2.6533E-12  0.0000E+00
  3.6960E+01  3.7030E+01  1.0000E+00  1.0000E+04  2.6533E-12  0.0000E+00
  3.7100E+01  3.7170E+01  1.0000E+00  1.0000E+04  2.6533E-12  0.0000E+00
  3.7240E+01  3.7310E+01  1.0000E+00  1.0000E+04  2.6533E-12  0.0000E+00
  3.7380E+01  3.7450E+01  1.0000E+00  1.0000E+04  2.6533E-12  0.0000E+00
  3.7520E+01  3.7590E+01  1.0000E+00  1.0000E+04  2.6533E-12  0.0000E+00
  3.7660E+01  3.7730E+01  1.0000E+00  1.0000E+04  2.6533E-12  0.0000E+00
  3.7800E+01  3.7870E+01  1.0000E+00  1.0000E+04  2.6533E-12  0.0000E+00
  3.7940E+01  3.8010E+01  1.0000E+00  1.0000E+04  2.6533E-12  0.0000E+00
  3.8080E+01  3.8150E+01  1.0000E+00  1.0000E+04  2.6533E-12  0.0000E+00
  3.8220E+01  3.8290E+01  1.0000E+00  1.0000E+04  2.6533E-12  0.0000E+00
  3.8360E+01  3.8430E+01  1.0000E+00  1.0000E+04  2.6533E-12  0.0000E+00
  3.8500E+01  3.8570E+01  1.0000E+00  1.0000E+04  2.6533E-12  0.0000E+00
  3.8640E+01  3.8710E+01  1.0000E+00  1.0000E+04  2.6533E-12  0.0000E+00
  3.8780E+01  3.8850E+01  1.0000E+00  1.0000E+04  2.6533E-12  0.0000E+00
  3.8920E+01  3.8990E+01  1.0000E+00  1.0000E+04  2.6533E-12  0.0000E+00
  3.9060E+01  3.9130E+01  1.0000E+00  1.0000E+04  2.6533E-12  0.0000E+00
  3.9200E+01  3.9270E+01  1.0000E+00  1.0000E+04  2.6533E-12  0.0000E+00
  3.9340E+01  3.9410E+01  1.0000E+00  1.0000E+04  2.6533E-12  0.0000E+00
  3.9480E+01  3.9550E+01  1.0000E+00  1.0000E+04  2.6533E-12  0.0000E+00
  3.9620E+01  3.9690E+01  1.0000E+00  1.0000E+04  2.6533E-12  0.0000E+00
  3.9760E+01  3.9830E+01  1.0000E+00  1.0000E+04  2.6533E-12  0.0000E+00
  3.9900E+01  3.9970E+01  1.0000E+00  1.0000E+04  2.6533E-12  0.0000E+00
  4.0040E+01  4.0110E+01  1.0000E+00  1.0000E+04  2.6533E-12  0.0000E+00
  4.0180E+01  4.0250E+01  1.0000E+00  1.0000E+04  2.6533E-12  0.0000E+00
  4.0320E+01  4.0390E+01  1.0000E+00  1.0000E+04  2.6533E-12  0.0000E+00
  4.0460E+01  4.0530E+01  1.0000E+00  1.0000E+04  2.6533E-12  0.0000E+00
  4.0600E+01  4.0670E+01  1.0000E+00  1.0000E+04  2.6533E-12  0.0000E+00
  4.0740E+01  4.0810E+01  1.0000E+00  1.0000E+04  2.6533E-12  0.0000E+00
  4.0880E+01  4.0950E+01  1.0000E+00  1.0000E+04  2.6533E-12  0.0000E+00
  4.1020E+01  4.1090E+01  1.0000E+00  1.0000E+04  2.6533E-12  0.0000E+00
  4.1160E+01  4.1230E+01  1.0000E+00  1.0000E+04  2.6533E-12  0.0000E+00
  4.1300E+01  4.1370E+01  1.0000E+00  1.0000E+04  2.6533E-12  0.0000E+00
  4.1440E+01  4.1510E+01  1.0000E+00  1.0000E+04  2.6533E-12  0.0000E+00
  4.1580E+01  4.1650E+01  1.0000E+00  1.0000E+04  2.6533E-12  0.0000E+00
  4.1720E+01  4.1790E+01  1.0000E+00  1.0000E+04  2.6533E-12  0.0000E+00
  4.1860E+01  4.1930E+01  1.0000E+00  1.0000E+04  2.6533E-12  0.0000E+00
  4.2000E+01  4.2070E+01  1.0000E+00  1.0000E+04  2.6533E-12  0.0000E+00
  4.2140E+01  4.2210E+01  1.0000E+00  1.0000E+04  2.6533E-12  0.0000E+00
  4.2280E+01  4.2350E+01  1.0000E+00  1.0000E+04  2.6533E-12  0.0000E+00
  4.2420E+01  4.2490E+01  1.0000E+00  1.0000E+04  2.6533E-12  0.0000E+00
  4.2560E+01  4.2630E+01  1.0000E+00  1.0000E+04  2.6533E-12  0.0000E+00
  4.2700E+01  4.2770E+01  1.0000E+00  1.0000E+04  2.6533E-12  0.0000E+00
  4.2840E+01  4.2910E+01  1.0000E+00  1.0000E+04  2.6533E-12  0.0000E+00
  4.2980E+01  4.3050E+01  1.0000E+00  1.0000E+04  2.6533E-12  0.0000E+00
  4.3120E+01  4.3190E+01  1.0000E+00  1.0000E+04  2.6533E-12  0.0000E+00
  4.3260E+01  4.3330E+01  1.0000E+00  1.0000E+04  2.6533E-12  0.0000E+00
  4.3400E+01  4.3470E+01  1.0000E+00  1.0000E+04  2.6533E-12  0.0000E+00
  4.3540E+01  4.3610E+01  1.0000E+00  1.0000E+04  2.6533E-12  0.0000E+00
  4.3680E+01  4.3750E+01  1.0000E+00  1.0000E+04  2.6533E-12  0.0000E+00
  4.3820E+01  4.3890E+01  1.0000E+00  1.0000E+04  2.6533E-12  0.0000E+00
  4.3960E+01  4.4030E+01  1.0000E+00  1.0000E+04  2.6533E-12  0.0000E+00
  4.4100E+01  4.4170E+01  1.0000E+00  1.0000E+04  2.6533E-12  0.0000E+00
  4.4240E+01  4.4310E+01  1.0000E+00  1.0000E+04  2.6533E-12  0.0000E+00
  4.4380E+01  4.4450E+01  1.0000E+00  1.0000E+04  2.6533E-12  0.0000E+00
  4.4520E+01  4.4590E+01  1.0000E+00  1.0000E+04  2.6533E-12  0.0000E+00
  4.4660E+01  4.4730E+01  1.0000E+00  1.0000E+04  2.6533E-12  0.0000E+00
  4.4800E+01  4.4870E+01  1.0000E+00  1.0000E+04  2.6533E-12  0.0000E+00
  4.4940E+01  4.5010E+01  1.0000E+00  1.0000E+04  2.6533E-12  0.0000E+00
  4.5080E+01  4.5150E+01  1.0000E+00  1.0000E+04  2.6533E-12  0.0000E+00
  4.5220E+01  4.5290E+01  1.0000E+00  1.0000E+04  2.6533E-12  0.0000E+00
  4.5360E+01  4.5430E+01  1.0000E+00  1.0000E+04  2.6533E-12  0.0000E+00
  4.5500E+01  4.5570E+01  1.0000E+00  1.0000E+04  2.6533E-12  0.0000E+00
  4.5640E+01  4.5710E+01  1.0000E+00  1.0000E+04  2.6533E-12  0.0000E+00
  4.5780E+01  4.5850E+01  1.0000E+00  1.0000E+04  2.6533E-12  0.0000E+00
  4.5920E+01  4.5990E+01  1.0000E+00  1.0000E+04  2.6533E-12  0.0000E+00
  4.6060E+01  4.6130E+01  1.0000E+00  1.0000E+04  2.6533E-12  0.0000E+00
  4.6200E+01  4.6270E+01  1.0000E+00  1.0000E+04  2.6533E-12  0.0000E+00
  4.6340E+01  4.6410E+01  1.0000E+00  1.0000E+04  2.6533E-12  0.0000E+00
  4.6480E+01  4.6550E+01  1.0000E+00  1.0000E+04  2.6533E-12  0.0000E+00
  4.6620E+01  4.6690E+01  1.0000E+00  1.0000E+04  2.6533E-12  0.0000E+00
  4.6760E+01  4.6830E+01  1.0000E+00  1.0000E+04  2.6533E-12  0.0000E+00
  4.6900E+01  4.6970E+01  1.0000E+00  1.0000E+04  2.6533E-12  0.0000E+00
  4.7040E+01  4.7110E+01  1.0000E+00  1.0000E+04  2.6533E-12  0.0000E+00
  4.7180E+01  4.7250E+01  1.0000E+00  1.0000E+04  2.6533E-12  0.0000E+00
  4.7320E+01  4.7390E+01  1.0000E+00  1.0000E+04  2.6533E-12  0.0000E+00
  4.7460E+01  4.7530E+01  1.0000E+00  1.0000E+04  2.6533E-12  0.0000E+00
  4.7600E+01  4.7670E+01  1.0000E+00  1.0000E+04  2.6533E-12  0.0000E+00
  4.7740E+01  4.7810E+01  1.0000E+00  1.0000E+04  2.6533E-12  0.0000E+00
  4.7880E+01  4.7950E+01  1.0000E+00  1.0000E+04  2.6533E-12  0.0000E+00
  4.8020E+01  4.8090E+01  1.0000E+00  1.0000E+04  2.6533E-12  0.0000E+00
  4.8160E+01  4.8230E+01  1.0000E+00  1.0000E+04  2.6533E-12  0.0000E+00
  4.8300E+01  4.8370E+01  1.0000E+00  1.0000E+04  2.6533E-12  0.0000E+00
  4.8440E+01  4.8510E+01  1.0000E+00  1.0000E+04  2.6533E-12  0.0000E+00
  4.8580E+01  4.8650E+01  1.0000E+00  1.0000E+04  2.6533E-12  0.0000E+00
  4.8720E+01  4.8790E+01  1.0000E+00  1.0000E+04  2.6533E-12  0.0000E+00
  4.8860E+01  4.8930E+01  1.0000E+00  1.0000E+04  2.6533E-12  0.0000E+00
  4.9000E+01  4.9070E+01  1.0000E+00  1.0000E+04  2.6533E-12  0.0000E+00
  4.9140E+01  4.9210E+01  1.0000E+00  1.0000E+04  2.6533E-12  0.0000E+00
  4.9280E+01  4.9350E+01  1.0000E+00  1.0000E+04  2.6533E-12  0.0000E+00
  4.9420E+01  4.9490E+01  1.0000E+00  1.0000E+04  2.6533E-12  0.0000E+00
  4.9560E+01  4.9630E+01  1.0000E+00  1.0000E+04  2.6533E-12  0.0000E+00
  4.9700E+01  4.9770E+01  1.0000E+00  1.0000E+04  2.6533E-12  0.0000E+00
  4.9840E+01  4.9910E+01  1.0000E+00  1.0000E+04  2.6533E-12  0.0000E+00
  4.9980E+01  5.0050E+01  1.0000E+00  1.0000E+04  2.6533E-12  0.0000E+00
  5.0120E+01  5.0190E+01  1.0000E+00  1.0000E+04  2.6533E-12  0.0000E+00
  5.0260E+01  5.0330E+01  1.0000E+00  1.0000E+04  2.6533E-12  0.0000E+00
  5.0400E+01  5.0470E+01  1.0000E+00  1.0000E+04  2.6533E-12  0.0000E+00
  5.0540E+01  5.0610E+01  1.0000E+00  1.0000E+04  2.6533E-12  0.0000E+00
  5.0680E+01  5.0750E+01  1.0000E+00  1.0000E+04  2.6533E-12  0.0000E+00
  5.0820E+01  5.0890E+01  1.0000E+00  1.0000E+04  2.6533E-12  0.0000E+00
  5.0960E+01  5.1030E+01  1.0000E+00  1.0000E+04  2.6533E-12  0.0000E+00
  5.1100E+01  5.1170E+01  1.0000E+00  1.0000E+04  2.6533E-12  0.0000E+00
  5.1240E+01  5.1310E+01  1.0000E+00  1.0000E+04  2.6533E-12  0.0000E+00
  5.1380E+01  5.1450E+01  1.0000E+00  1.0000E+04  2.6533E-12  0.0000E+00
  5.1520E+01  5.1590E+01  1.0000E+00  1.0000E+04  2.6533E-12  0.0000E+00
  5.1660E+01  5.1730E+01  1.0000E+00  1.0000E+04  2.6533E-12  0.0000E+00
  5.1800E+01  5.1870E+01  1.0000E+00  1.0000E+04  2.6533E-12  0.0000E+00
  5.1940E+01  5.2010E+01  1.0000E+00  1.0000E+04  2.6533E-12  0.0000E+00
  5.2080E+01  5.2150E+01  1.0000E+00  1.0000E+04  2.6533E-12  0.0000E+00
  5.2220E+01  5.2290E+01  1.0000E+00  1.0000E+04  2.6533E-12  0.0000E+00
  5.2360E+01  5.2430E+01  1.0000E+00  1.0000E+04  2.6533E-12  0.0000E+00
  5.2500E+01  5.2570E+01  1.0000E+00  1.0000E+04  2.6533E-12  0.0000E+00
  5.2640E+01  5.2710E+01  1.0000E+00  1.0000E+04  2.6533E-12  0.0000E+00
  5.2780E+01  5.2850E+01  1.0000E+00  1.0000E+04  2.6533E-12  0.0000E+00
  5.2920E+01  5.2990E+01  1.0000E+00  1.0000E+04  2.6533E-12  0.0000E+00
  5.3060E+01  5.3130E+01  1.0000E+00  1.0000E+04  2.6533E-12  0.0000E+00
  5.3200E+01  5.3270E+01  1.0000E+00  1.0000E+04  2.6533E-12  0.0000E+00
  5.3340E+01  5.3410E+01  1.0000E+00  1.0000E+04  2.6533E-12  0.0000E+00
  5.3480E+01  5.3550E+01  1.0000E+00  1.0000E+04  2.6533E-12  0.0000E+00
  5.3620E+01  5.3690E+01  1.0000E+00  1.0000E+04  2.6533E-12  0.0000E+00
  5.3760E+01  5.3830E+01  1.0000E+00  1.0000E+04  2.6533E-12  0.0000E+00
  5.3900E+01  5.3970E+01  1.0000E+00  1.0000E+04  2.6533E-12  0.0000E+00
  5.4040E+01  5.4110E+01  1.0000E+00  1.0000E+04  2.6533E-12  0.0000E+00
  5.4180E+01  5.4250E+01  1.0000E+00  1.0000E+04  2.6533E-12  0.0000E+00
  5.4320E+01  5.4390E+01  1.0000E+00  1.0000E+04  2.6533E-12  0.0000E+00
  5.4460E+01  5.4530E+01  1.0000E+00  1.0000E+04  2.6533E-12  0.0000E+00
  5.4600E+01  5.4670E+01  1.0000E+00  1.0000E+04  2.6533E-12  0.0000E+00
  5.4740E+01  5.4810E+01  1.0000E+00  1.0000E+04  2.6533E-12  0.0000E+00
  5.4880E+01  5.4950E+01  1.0000E+00  1.0000E+04  2.6533E-12  0.0000E+00
  5.5020E+01  5.5090E+01  1.0000E+00  1.0000E+04  2.6533E-12  0.0000E+00
  5.5160E+01  5.5230E+01  1.0000E+00  1.0000E+04  2.6533E-12  0.0000E+00
  5.5300E+01  5.5370E+01  1.0000E+00  1.0000E+04  2.6533E-12  0.0000E+00
  5.5440E+01  5.5510E+01  1.0000E+00  1.0000E+04  2.6533E-12  0.0000E+00
  5.5580E+01  5.5650E+01  1.0000E+00  1.0000E+04  2.6533E-12  0.0000E+00
  5.5720E+01  5.5790E+01  1.0000E+00  1.0000E+04  2.6533E-12  0.0000E+00
  5.5860E+01  5.5930E+01  1.0000E+00  1.0000E+04  2.6533E-12  0.0000E+00
  5.6000E+01  5.6070E+01  1.0000E+00  1.0000E+04  2.6533E-12  0.0000E+00
  5.6140E+01  5.6210E+01  1.0000E+00  1.0000E+04  2.6533E-12  0.0000E+00
  5.6280E+01  5.6350E+01  1.0000E+00  1.0000E+04  2.6533E-12  0.0000E+00
  5.6420E+01  5.6490E+01  1.0000E+00  1.0000E+04  2.6533E-12  0.0000E+00
  5.6560E+01  5.6630E+01  1.0000E+00  1.0000E+04  2.6533E-12  0.0000E+00
  5.6700E+01  5.6770E+01  1.0000E+00  1.0000E+04  2.6533E-12  0.0000E+00
  5.6840E+01  5.6910E+01  1.0000E+00  1.0000E+04  2.6533E-12  0.0000E+00
  5.6980E+01  5.7050E+01  1.0000E+00  1.0000E+04  2.6533E-12  0.0000E+00
  5.7120E+01  5.7190E+01  1.0000E+00  1.0000E+04  2.6533E-12  0.0000E+00
  5.7260E+01  5.7330E+01  1.0000E+00  1.0000E+04  2.6533E-12  0.0000E+00
  5.7400E+01  5.7470E+01  1.0000E+00  1.0000E+04  2.6533E-12  0.0000E+00
  5.7540E+01  5.7610E+01  1.0000E+00  1.0000E+04  2.6533E-12  0.0000E+00
  5.7680E+01  5.7750E+01  1.0000E+00  1.0000E+04  2.6533E-12  0.0000E+00
  5.7820E+01  5.7890E+01  1.0000E+00  1.0000E+04  2.6533E-12  0.0000E+00
  5.7960E+01  5.8030E+01  1.0000E+00  1.0000E+04  2.6533E-12  0.0000E+00
  5.8100E+01  5.8170E+01  1.0000E+00  1.0000E+04  2.6533E-12  0.0000E+00
  5.8240E+01  5.8310E+01  1.0000E+00  1.0000E+04  2.6533E-12  0.0000E+00
  5.8380E+01  5.8450E+01  1.0000E+00  1.0000E+04  2.6533E-12  0.0000E+00
  5.8520E+01  5.8590E+01  1.0000E+00  1.0000E+04  2.6533E-12  0.0000E+00
  5.8660E+01  5.8730E+01  1.0000E+00  1.0000E+04  2.6533E-12  0.0000E+00
  5.8800E+01  5.8870E+01  1.0000E+00  1.0000E+04  2.6533E-12  0.0000E+00
  5.8940E+01  5.9010E+01  1.0000E+00  1.0000E+04  2.6533E-12  0.0000E+00
  5.9080E+01  5.9150E+01  1.0000E+00  1.0000E+04  2.6533E-12  0.0000E+00
  5.9220E+01  5.9290E+01  1.0000E+00  1.0000E+04  2.6533E-12  0.0000E+00
  5.9360E+01  5.9430E+01  1.0000E+00  1.0000E+04  2.6533E-12  0.0000E+00
  5.9500E+01  5.9570E+01  1.0000E+00  1.0000E+04  2.6533E-12  0.0000E+00
  5.9640E+01  5.9710E+01  1.0000E+00  1.0000E+04  2.6533E-12  0.0000E+00
  5.9780E+01  5.9850E+01  1.0000E+00  1.0000E+04  2.6533E-12  0.0000E+00
  5.9920E+01  5.9990E+01  1.0000E+00  1.0000E+04  2.6533E-12  0.0000E+00
  6.0060E+01  6.0130E+01  1.0000E+00  1.0000E+04  2.6533E-12  0.0000E+00
  6.0200E+01  6.0270E+01  1.0000E+00  1.0000E+04  2.6533E-12  0.0000E+00
  6.0340E+01  6.0410E+01  1.0000E+00  1.0000E+04  2.6533E-12  0.0000E+00
  6.0480E+01  6.0550E+01  1.0000E+00  1.0000E+04  2.6533E-12  0.0000E+00
  6.0620E+01  6.0690E+01  1.0000E+00  1.0000E+04  2.6533E-12  0.0000E+00
  6.0760E+01  6.0830E+01  1.0000E+00  1.0000E+04  2.6533E-12  0.0000E+00
  6.0900E+01  6.0970E+01  1.0000E+00  1.0000E+04  2.6533E-12  0.0000E+00
  6.1040E+01  6.1110E+01  1.0000E+00  1.0000E+04  2.6533E-12  0.0000E+00
  6.1180E+01  6.1250E+01  1.0000E+00  1.0000E+04  2.6533E-12  0.0000E+00
  6.1320E+01  6.1390E+01  1.0000E+00  1.0000E+04  2.6533E-12  0.0000E+00
  6.1460E+01  6.1530E+01  1.0000E+00  1.0000E+04  2.6533E-12  0.0000E+00
  6.1600E+01  6.1670E+01  1.0000E+00  1.0000E+04  2.6533E-12  0.0000E+00
  6.1740E+01  6.1810E+01  1.0000E+00  1.0000E+04  2.6533E-12  0.0000E+00
  6.1880E+01  6.1950E+01  1.0000E+00  1.0000E+04  2.6533E-12  0.0000E+00
  6.2020E+01  6.2090E+01  1.0000E+00  1.0000E+04  2.6533E-12  0.0000E+00
  6.2160E+01  6.2230E+01  1.0000E+00  1.0000E+04  2.6533E-12  0.0000E+00
  6.2300E+01  6.2370E+01  1.0000E+00  1.0000E+04  2.6533E-12  0.0000E+00
  6.2440E+01  6.2510E+01  1.0000E+00  1.0000E+04  2.6533E-12  0.0000E+00
  6.2580E+01  6.2650E+01  1.0000E+00  1.0000E+04  2.6533E-12  0.0000E+00
  6.2720E+01  6.2790E+01  1.0000E+00  1.0000E+04  2.6533E-12  0.0000E+00
  6.2860E+01  6.2930E+01  1.0000E+00  1.0000E+04  2.6533E-12  0.0000E+00
  6.3000E+01  6.3070E+01  1.0000E+00  1.0000E+04  2.6533E-12  0.0000E+00
  6.3140E+01  6.3210E+01  1.0000E+00  1.0000E+04  2.6533E-12  0.0000E+00
  6.3280E+01  6.3350E+01  1.0000E+00  1.0000E+04  2.6533E-12  0.0000E+00
  6.3420E+01  6.3490E+01  1.0000E+00  1.0000E+04  2.6533E-12  0.0000E+00
  6.3560E+01  6.3630E+01  1.0000E+00  1.0000E+04  2.6533E-12  0.0000E+00
  6.3700E+01  6.3770E+01  1.0000E+00  1.0000E+04  2.6533E-12  0.0000E+00
  6.3840E+01  6.3910E+01  1.0000E+00  1.0000E+04  2.6533E-12  0.0000E+00
  6.3980E+01  6.4050E+01  1.0000E+00  1.0000E+04  2.6533E-12  0.0000E+00
  6.4120E+01  6.4190E+01  1.0000E+00  1.0000E+04  2.6533E-12  0.0000E+00
  6.4260E+01  6.4330E+01  1.0000E+00  1.0000E+04  2.6533E-12  0.0000E+00
  6.4400E+01  6.4470E+01  1.0000E+00  1.0000E+04  2.6533E-12  0.0000E+00
  6.4540E+01  6.4610E+01  1.0000E+00  1.0000E+04  2.6533E-12  0.0000E+00
  6.4680E+01  6.4750E+01  1.0000E+00  1.0000E+04  2.6533E-12  0.0000E+00
  6.4820E+01  6.4890E+01  1.0000E+00  1.0000E+04  2.6533E-12  0.0000E+00
  6.4960E+01  6.5030E+01  1.0000E+00  1.0000E+04  2.6533E-12  0.0000E+00
  6.5100E+01  6.5170E+01  1.0000E+00  1.0000E+04  2.6533E-12  0.0000E+00
  6.5240E+01  6.5310E+01  1.0000E+00  1.0000E+04  2.6533E-12  0.0000E+00
  6.5380E+01  6.5450E+01  1.0000E+00  1.0000E+04  2.6533E-12  0.0000E+00
  6.5520E+01  6.5590E+01  1.0000E+00  1.0000E+04  2.6533E-12  0.0000E+00
  6.5660E+01  6.5730E+01  1.0000E+00  1.0000E+04  2.6533E-12  0.0000E+00
  6.5800E+01  6.5870E+01  1.0000E+00  1.0000E+04  2.6533E-12  0.0000E+00
  6.5940E+01  6.6010E+01  1.0000E+00  1.0000E+04  2.6533E-12  0.0000E+00
  6.6080E+01  6.6150E+01  1.0000E+00  1.0000E+04  2.6533E-12  0.0000E+00
  6.6220E+01  6.6290E+01  1.0000E+00  1.0000E+04  2.6533E-12  0.0000E+00
  6.6360E+01  6.6430E+01  1.0000E+00  1.0000E+04  2.6533E-12  0.0000E+00
  6.6500E+01  6.6570E+01  1.0000E+00  1.0000E+04  2.6533E-12  0.0000E+00
  6.6640E+01  6.6710E+01  1.0000E+00  1.0000E+04  2.6533E-12  0.0000E+00
  6.6780E+01  6.6850E+01  1.0000E+00  1.0000E+04  2.6533E-12  0.0000E+00
  6.6920E+01  6.6990E+01  1.0000E+00  1.0000E+04  2.6533E-12  0.0000E+00
  6.7060E+01  6.7130E+01  1.0000E+00  1.0000E+04  2.6533E-12  0.0000E+00
  6.7200E+01  6.7270E+01  1.0000E+00  1.0000E+04  2.6533E-12  0.0000E+00
  6.7340E+01  6.7410E+01  1.0000E+00  1.0000E+04  2.6533E-12  0.0000E+00
  6.7480E+01  6.7550E+01  1.0000E+00  1.0000E+04  2.6533E-12  0.0000E+00
  6.7620E+01  6.7690E+01  1.0000E+00  1.0000E+04  2.6533E-12  0.0000E+00
  6.7760E+01  6.7830E+01  1.0000E+00  1.0000E+04  2.6533E-12  0.0000E+00
  6.7900E+01  6.7970E+01  1.0000E+00  1.0000E+04  2.6533E-12  0.0000E+00
  6.8040E+01  6.8110E+01  1.0000E+00  1.0000E+04  2.6533E-12  0.0000E+00
  6.8180E+01  6.8250E+01  1.0000E+00  1.0000E+04  2.6533E-12  0.0000E+00
  6.8320E+01  6.8390E+01  1.0000E+00  1.0000E+04  2.6533E-12  0.0000E+00
  6.8460E+01  6.8530E+01  1.0000E+00  1.0000E+04  2.6533E-12  0.0000E+00
  6.8600E+01  6.8670E+01  1.0000E+00  1.0000E+04  2.6533E-12  0.0000E+00
  6.8740E+01  6.8810E+01  1.0000E+00  1.0000E+04  2.6533E-12  0.0000E+00
  6.8880E+01  6.8950E+01  1.0000E+00  1.0000E+04  2.6533E-12  0.0000E+00
  6.9020E+01  6.9090E+01  1.0000E+00  1.0000E+04  2.6533E-12  0.0000E+00
  6.9160E+01  6.9230E+01  1.0000E+00  1.0000E+04  2.6533E-12  0.0000E+00
  6.9300E+01  6.9370E+01  1.0000E+00  1.0000E+04  2.6533E-12  0.0000E+00
  6.9440E+01  6.9510E+01  1.0000E+00  1.0000E+04  2.6533E-12  0.0000E+00
  6.9580E+01  6.9650E+01  1.0000E+00  1.0000E+04  2.6533E-12  0.0000E+00
  6.9720E+01  6.9790E+01  1.0000E+00  1.0000E+04  2.6533E-12  0.0000E+00
