 -1.4000E-01 -7.0000E-02  2.9489E-06  1.3181E+10  1.0313E-11  5.8411E+03
  0.0000E+00  7.0000E-02  2.9489E-06  1.3181E+10  1.0313E-11  0.0000E+00
  1.4000E-01  2.1000E-01  8.5553E-06  4.5434E+09  1.0313E-11 -5.8411E+03
  2.8000E-01  3.5000E-01  1.3511E-05  2.8769E+09  1.0313E-11  5.3657E+03
  4.2000E-01  4.9000E-01  1.7548E-05  2.2151E+09  1.0313E-11  2.5180E+04
  5.6000E-01  6.3000E-01  2.1220E-05  1.8317E+09  1.0313E-11  2.1248E+04
  7.0000E-01  7.7000E-01  2.4765E-05  1.5696E+09  1.0313E-11  3.1697E+04
  8.4000E-01  9.1000E-01  2.8296E-05  1.3737E+09  1.0313E-11  3.5996E+04
  9.8000E-01  1.0500E+00  3.1875E-05  1.2194E+09  1.0313E-11  4.2575E+04
  1.1200E+00  1.1900E+00  3.5540E-05  1.0937E+09  1.0313E-11  4.8452E+04
  1.2600E+00  1.3300E+00  3.9313E-05  9.8871E+08  1.0313E-11  5.4529E+04
  1.4000E+00  1.4700E+00  4.3212E-05  8.9951E+08  1.0313E-11  6.0564E+04
  1.5400E+00  1.6100E+00  4.7248E-05  8.2267E+08  1.0313E-11  6.6611E+04
  1.6800E+00  1.7500E+00  5.1432E-05  7.5575E+08  1.0313E-11  7.2658E+04
  1.8200E+00  1.8900E+00  5.5772E-05  6.9694E+08  1.0313E-11  7.8706E+04
  1.9600E+00  2.0300E+00  6.0275E-05  6.4487E+08  1.0313E-11  8.4755E+04
  2.1000E+00  2.1700E+00  6.4950E-05  5.9845E+08  1.0313E-11  9.0805E+04
  2.2400E+00  2.3100E+00  6.9804E-05  5.5684E+08  1.0313E-11  9.6855E+04
  2.3800E+00  2.4500E+00  7.4842E-05  5.1936E+08  1.0313E-11  1.0291E+05
  2.5200E+00  2.5900E+00  8.0071E-05  4.8544E+08  1.0313E-11  1.0896E+05
  2.6600E+00  2.7300E+00  8.5500E-05  4.5462E+08  1.0313E-11  1.1501E+05
  2.8000E+00  2.8700E+00  9.1134E-05  4.2651E+08  1.0313E-11  1.2106E+05
  2.9400E+00  3.0100E+00  9.6980E-05  4.0080E+08  1.0313E-11  1.2711E+05
  3.0800E+00  3.1500E+00  1.0305E-04  3.7720E+08  1.0313E-11  1.3316E+05
  3.2200E+00  3.2900E+00  1.0934E-04  3.5549E+08  1.0313E-11  1.3921E+05
  3.3600E+00  3.4300E+00  1.1587E-04  3.3546E+08  1.0313E-11  1.4527E+05
  3.5000E+00  3.5700E+00  1.2264E-04  3.1694E+08  1.0313E-11  1.5132E+05
  3.6400E+00  3.7100E+00  1.2966E-04  2.9977E+08  1.0313E-11  1.5737E+05
  3.7800E+00  3.8500E+00  1.3695E-04  2.8383E+08  1.0313E-11  1.6342E+05
  3.9200E+00  3.9900E+00  1.4450E-04  2.6900E+08  1.0313E-11  1.6947E+05
  4.0600E+00  4.1300E+00  1.5233E-04  2.5517E+08  1.0313E-11  1.7553E+05
  4.2000E+00  4.2700E+00  1.6044E-04  2.4227E+08  1.0313E-11  1.8158E+05
  4.3400E+00  4.4100E+00  1.6885E-04  2.3020E+08  1.0313E-11  1.8763E+05
  4.4800E+00  4.5500E+00  1.7757E-04  2.1890E+08  1.0313E-11  1.9368E+05
  4.6200E+00  4.6900E+00  1.8660E-04  2.0831E+08  1.0313E-11  1.9974E+05
  4.7600E+00  4.8300E+00  1.9595E-04  1.9836E+08  1.0313E-11  2.0579E+05
  4.9000E+00  4.9700E+00  2.0565E-04  1.8901E+08  1.0313E-11  2.1184E+05
  5.0400E+00  5.1100E+00  2.1569E-04  1.8021E+08  1.0313E-11  2.1789E+05
  5.1800E+00  5.2500E+00  2.2609E-04  1.7192E+08  1.0313E-11  2.2394E+05
  5.3200E+00  5.3900E+00  2.3686E-04  1.6410E+08  1.0313E-11  2.3000E+05
  5.4600E+00  5.5300E+00  2.4801E-04  1.5672E+08  1.0313E-11  2.3605E+05
  5.6000E+00  5.6700E+00  2.5956E-04  1.4975E+08  1.0313E-11  2.4210E+05
  5.7400E+00  5.8100E+00  2.7152E-04  1.4316E+08  1.0313E-11  2.4815E+05
  5.8800E+00  5.9500E+00  2.8389E-04  1.3692E+08  1.0313E-11  2.5421E+05
  6.0200E+00  6.0900E+00  2.9670E-04  1.3101E+08  1.0314E-11  2.6026E+05
  6.1600E+00  6.2300E+00  3.0996E-04  1.2540E+08  1.0314E-11  2.6631E+05
  6.3000E+00  6.3700E+00  3.2368E-04  1.2009E+08  1.0314E-11  2.7236E+05
  6.4400E+00  6.5100E+00  3.3788E-04  1.1504E+08  1.0314E-11  2.7842E+05
  6.5800E+00  6.6500E+00  3.5257E-04  1.1025E+08  1.0314E-11  2.8447E+05
  6.7200E+00  6.7900E+00  3.6777E-04  1.0569E+08  1.0314E-11  2.9052E+05
  6.8600E+00  6.9300E+00  3.8349E-04  1.0136E+08  1.0314E-11  2.9657E+05
  7.0000E+00  7.0700E+00  3.9976E-04  9.7234E+07  1.0314E-11  3.0263E+05
  7.1400E+00  7.2100E+00  4.1658E-04  9.3308E+07  1.0314E-11  3.0868E+05
  7.2800E+00  7.3500E+00  4.3397E-04  8.9568E+07  1.0314E-11  3.1473E+05
  7.4200E+00  7.4900E+00  4.5195E-04  8.6004E+07  1.0314E-11  3.2078E+05
  7.5600E+00  7.6300E+00  4.7055E-04  8.2605E+07  1.0314E-11  3.2684E+05
  7.7000E+00  7.7700E+00  4.8977E-04  7.9363E+07  1.0314E-11  3.3289E+05
  7.8400E+00  7.9100E+00  5.0965E-04  7.6268E+07  1.0314E-11  3.3894E+05
  7.9800E+00  8.0500E+00  5.3019E-04  7.3314E+07  1.0314E-11  3.4499E+05
  8.1200E+00  8.1900E+00  5.5142E-04  7.0491E+07  1.0314E-11  3.5105E+05
  8.2600E+00  8.3300E+00  5.7335E-04  6.7794E+07  1.0314E-11  3.5710E+05
  8.4000E+00  8.4700E+00  5.9602E-04  6.5216E+07  1.0314E-11  3.6315E+05
  8.5400E+00  8.6100E+00  6.1944E-04  6.2751E+07  1.0314E-11  3.6920E+05
  8.6800E+00  8.7500E+00  6.4363E-04  6.0392E+07  1.0314E-11  3.7526E+05
  8.8200E+00  8.8900E+00  6.6862E-04  5.8135E+07  1.0314E-11  3.8131E+05
  8.9600E+00  9.0300E+00  6.9443E-04  5.5974E+07  1.0314E-11  3.8736E+05
  9.1000E+00  9.1700E+00  7.2108E-04  5.3905E+07  1.0314E-11  3.9342E+05
  9.2400E+00  9.3100E+00  7.4861E-04  5.1924E+07  1.0314E-11  3.9947E+05
  9.3800E+00  9.4500E+00  7.7702E-04  5.0025E+07  1.0314E-11  4.0552E+05
  9.5200E+00  9.5900E+00  8.0636E-04  4.8205E+07  1.0314E-11  4.1157E+05
  9.6600E+00  9.7300E+00  8.3665E-04  4.6460E+07  1.0314E-11  4.1763E+05
  9.8000E+00  9.8700E+00  8.6791E-04  4.4787E+07  1.0314E-11  4.2368E+05
  9.9400E+00  1.0010E+01  9.0017E-04  4.3182E+07  1.0314E-11  4.2973E+05
  1.0080E+01  1.0150E+01  9.3346E-04  4.1642E+07  1.0314E-11  4.3578E+05
  1.0220E+01  1.0290E+01  9.6781E-04  4.0164E+07  1.0314E-11  4.4184E+05
  1.0360E+01  1.0430E+01  1.0032E-03  3.8745E+07  1.0314E-11  4.4789E+05
  1.0500E+01  1.0570E+01  1.0398E-03  3.7383E+07  1.0314E-11  4.5394E+05
  1.0640E+01  1.0710E+01  1.0775E-03  3.6075E+07  1.0314E-11  4.6000E+05
  1.0780E+01  1.0850E+01  1.1164E-03  3.4818E+07  1.0314E-11  4.6605E+05
  1.0920E+01  1.0990E+01  1.1565E-03  3.3611E+07  1.0314E-11  4.7210E+05
  1.1060E+01  1.1130E+01  1.1979E-03  3.2451E+07  1.0314E-11  4.7816E+05
  1.1200E+01  1.1270E+01  1.2405E-03  3.1335E+07  1.0314E-11  4.8421E+05
  1.1340E+01  1.1410E+01  1.2845E-03  3.0263E+07  1.0314E-11  4.9026E+05
  1.1480E+01  1.1550E+01  1.3298E-03  2.9232E+07  1.0314E-11  4.9631E+05
  1.1620E+01  1.1690E+01  1.3765E-03  2.8240E+07  1.0314E-11  5.0237E+05
  1.1760E+01  1.1830E+01  1.4246E-03  2.7286E+07  1.0314E-11  5.0842E+05
  1.1900E+01  1.1970E+01  1.4742E-03  2.6369E+07  1.0314E-11  5.1447E+05
  1.2040E+01  1.2110E+01  1.5253E-03  2.5485E+07  1.0314E-11  5.2053E+05
  1.2180E+01  1.2250E+01  1.5779E-03  2.4635E+07  1.0314E-11  5.2658E+05
  1.2320E+01  1.2390E+01  1.6322E-03  2.3817E+07  1.0314E-11  5.3263E+05
  1.2460E+01  1.2530E+01  1.6880E-03  2.3029E+07  1.0314E-11  5.3869E+05
  1.2600E+01  1.2670E+01  1.7455E-03  2.2270E+07  1.0314E-11  5.4474E+05
  1.2740E+01  1.2810E+01  1.8048E-03  2.1539E+07  1.0314E-11  5.5080E+05
  1.2880E+01  1.2950E+01  1.8658E-03  2.0835E+07  1.0314E-11  5.5685E+05
  1.3020E+01  1.3090E+01  1.9286E-03  2.0157E+07  1.0315E-11  5.6290E+05
  1.3160E+01  1.3230E+01  1.9932E-03  1.9503E+07  1.0315E-11  5.6896E+05
  1.3300E+01  1.3370E+01  2.0597E-03  1.8873E+07  1.0315E-11  5.7501E+05
  1.3440E+01  1.3510E+01  2.1282E-03  1.8266E+07  1.0315E-11  5.8106E+05
  1.3580E+01  1.3650E+01  2.1987E-03  1.7681E+07  1.0315E-11  5.8712E+05
  1.3720E+01  1.3790E+01  2.2712E-03  1.7116E+07  1.0315E-11  5.9317E+05
  1.3860E+01  1.3930E+01  2.3458E-03  1.6572E+07  1.0315E-11  5.9923E+05
  1.4000E+01  1.4070E+01  2.4226E-03  1.6047E+07  1.0315E-11  6.0528E+05
  1.4140E+01  1.4210E+01  2.5016E-03  1.5540E+07  1.0315E-11  6.1134E+05
  1.4280E+01  1.4350E+01  2.5828E-03  1.5052E+07  1.0315E-11  6.1739E+05
  1.4420E+01  1.4490E+01  2.6663E-03  1.4580E+07  1.0315E-11  6.2344E+05
  1.4560E+01  1.4630E+01  2.7522E-03  1.4126E+07  1.0315E-11  6.2950E+05
  1.4700E+01  1.4770E+01  2.8405E-03  1.3686E+07  1.0315E-11  6.3555E+05
  1.4840E+01  1.4910E+01  2.9313E-03  1.3263E+07  1.0315E-11  6.4161E+05
  1.4980E+01  1.5050E+01  3.0247E-03  1.2853E+07  1.0316E-11  6.4766E+05
  1.5120E+01  1.5190E+01  3.1206E-03  1.2458E+07  1.0316E-11  6.5372E+05
  1.5260E+01  1.5330E+01  3.2193E-03  1.2077E+07  1.0316E-11  6.5977E+05
  1.5400E+01  1.5470E+01  3.3206E-03  1.1708E+07  1.0316E-11  6.6583E+05
  1.5540E+01  1.5610E+01  3.4248E-03  1.1352E+07  1.0316E-11  6.7188E+05
  1.5680E+01  1.5750E+01  3.5318E-03  1.1008E+07  1.0316E-11  6.7794E+05
  1.5820E+01  1.5890E+01  3.6417E-03  1.0676E+07  1.0316E-11  6.8400E+05
  1.5960E+01  1.6030E+01  3.7546E-03  1.0355E+07  1.0316E-11  6.9005E+05
  1.6100E+01  1.6170E+01  3.8706E-03  1.0045E+07  1.0316E-11  6.9611E+05
  1.6240E+01  1.6310E+01  3.9898E-03  9.7452E+06  1.0317E-11  7.0216E+05
  1.6380E+01  1.6450E+01  4.1122E-03  9.4554E+06  1.0317E-11  7.0822E+05
  1.6520E+01  1.6590E+01  4.2378E-03  9.1752E+06  1.0317E-11  7.1428E+05
  1.6660E+01  1.6730E+01  4.3668E-03  8.9042E+06  1.0317E-11  7.2033E+05
  1.6800E+01  1.6870E+01  4.4992E-03  8.6423E+06  1.0317E-11  7.2639E+05
  1.6940E+01  1.7010E+01  4.6352E-03  8.3889E+06  1.0317E-11  7.3245E+05
  1.7080E+01  1.7150E+01  4.7747E-03  8.1439E+06  1.0318E-11  7.3851E+05
  1.7220E+01  1.7290E+01  4.9180E-03  7.9068E+06  1.0318E-11  7.4456E+05
  1.7360E+01  1.7430E+01  5.0649E-03  7.6775E+06  1.0318E-11  7.5062E+05
  1.7500E+01  1.7570E+01  5.2158E-03  7.4556E+06  1.0318E-11  7.5668E+05
  1.7640E+01  1.7710E+01  5.3705E-03  7.2410E+06  1.0318E-11  7.6274E+05
  1.7780E+01  1.7850E+01  5.5293E-03  7.0332E+06  1.0319E-11  7.6880E+05
  1.7920E+01  1.7990E+01  5.6921E-03  6.8321E+06  1.0319E-11  7.7486E+05
  1.8060E+01  1.8130E+01  5.8592E-03  6.6374E+06  1.0319E-11  7.8092E+05
  1.8200E+01  1.8270E+01  6.0305E-03  6.4490E+06  1.0319E-11  7.8697E+05
  1.8340E+01  1.8410E+01  6.2063E-03  6.2666E+06  1.0319E-11  7.9303E+05
  1.8480E+01  1.8550E+01  6.3864E-03  6.0899E+06  1.0320E-11  7.9909E+05
  1.8620E+01  1.8690E+01  6.5712E-03  5.9189E+06  1.0320E-11  8.0515E+05
  1.8760E+01  1.8830E+01  6.7606E-03  5.7532E+06  1.0320E-11  8.1122E+05
  1.8900E+01  1.8970E+01  6.9548E-03  5.5927E+06  1.0320E-11  8.1728E+05
  1.9040E+01  1.9110E+01  7.1538E-03  5.4373E+06  1.0321E-11  8.2334E+05
  1.9180E+01  1.9250E+01  7.3578E-03  5.2867E+06  1.0321E-11  8.2940E+05
  1.9320E+01  1.9390E+01  7.5669E-03  5.1407E+06  1.0321E-11  8.3546E+05
  1.9460E+01  1.9530E+01  7.7811E-03  4.9993E+06  1.0322E-11  8.4152E+05
  1.9600E+01  1.9670E+01  8.0006E-03  4.8623E+06  1.0322E-11  8.4759E+05
  1.9740E+01  1.9810E+01  8.2256E-03  4.7295E+06  1.0322E-11  8.5365E+05
  1.9880E+01  1.9950E+01  8.4560E-03  4.6008E+06  1.0323E-11  8.5971E+05
  2.0020E+01  2.0090E+01  8.6920E-03  4.4760E+06  1.0323E-11  8.6578E+05
  2.0160E+01  2.0230E+01  8.9338E-03  4.3550E+06  1.0323E-11  8.7184E+05
  2.0300E+01  2.0370E+01  9.1814E-03  4.2377E+06  1.0324E-11  8.7791E+05
  2.0440E+01  2.0510E+01  9.4350E-03  4.1240E+06  1.0324E-11  8.8397E+05
  2.0580E+01  2.0650E+01  9.6947E-03  4.0137E+06  1.0325E-11  8.9004E+05
  2.0720E+01  2.0790E+01  9.9606E-03  3.9067E+06  1.0325E-11  8.9611E+05
  2.0860E+01  2.0930E+01  1.0233E-02  3.8030E+06  1.0326E-11  9.0218E+05
  2.1000E+01  2.1070E+01  1.0512E-02  3.7023E+06  1.0326E-11  9.0824E+05
  2.1140E+01  2.1210E+01  1.0797E-02  3.6046E+06  1.0327E-11  9.1431E+05
  2.1280E+01  2.1350E+01  1.1089E-02  3.5099E+06  1.0327E-11  9.2038E+05
  2.1420E+01  2.1490E+01  1.1388E-02  3.4179E+06  1.0328E-11  9.2645E+05
  2.1560E+01  2.1630E+01  1.1694E-02  3.3287E+06  1.0328E-11  9.3252E+05
  2.1700E+01  2.1770E+01  1.2007E-02  3.2421E+06  1.0329E-11  9.3859E+05
  2.1840E+01  2.1910E+01  1.2327E-02  3.1581E+06  1.0329E-11  9.4466E+05
  2.1980E+01  2.2050E+01  1.2654E-02  3.0765E+06  1.0330E-11  9.5074E+05
  2.2120E+01  2.2190E+01  1.2990E-02  2.9973E+06  1.0330E-11  9.5681E+05
  2.2260E+01  2.2330E+01  1.3332E-02  2.9204E+06  1.0331E-11  9.6288E+05
  2.2400E+01  2.2470E+01  1.3683E-02  2.8457E+06  1.0332E-11  9.6896E+05
  2.2540E+01  2.2610E+01  1.4042E-02  2.7732E+06  1.0332E-11  9.7504E+05
  2.2680E+01  2.2750E+01  1.4409E-02  2.7027E+06  1.0333E-11  9.8111E+05
  2.2820E+01  2.2890E+01  1.4784E-02  2.6343E+06  1.0334E-11  9.8719E+05
  2.2960E+01  2.3030E+01  1.5168E-02  2.5679E+06  1.0334E-11  9.9327E+05
  2.3100E+01  2.3170E+01  1.5560E-02  2.5033E+06  1.0335E-11  9.9935E+05
  2.3240E+01  2.3310E+01  1.5961E-02  2.4406E+06  1.0336E-11  1.0054E+06
  2.3380E+01  2.3450E+01  1.6371E-02  2.3797E+06  1.0337E-11  1.0115E+06
  2.3520E+01  2.3590E+01  1.6790E-02  2.3205E+06  1.0338E-11  1.0176E+06
  2.3660E+01  2.3730E+01  1.7218E-02  2.2630E+06  1.0339E-11  1.0237E+06
  2.3800E+01  2.3870E+01  1.7656E-02  2.2071E+06  1.0339E-11  1.0298E+06
  2.3940E+01  2.4010E+01  1.8103E-02  2.1527E+06  1.0340E-11  1.0358E+06
  2.4080E+01  2.4150E+01  1.8560E-02  2.0999E+06  1.0341E-11  1.0419E+06
  2.4220E+01  2.4290E+01  1.9027E-02  2.0485E+06  1.0342E-11  1.0480E+06
  2.4360E+01  2.4430E+01  1.9505E-02  1.9986E+06  1.0343E-11  1.0541E+06
  2.4500E+01  2.4570E+01  1.9992E-02  1.9500E+06  1.0344E-11  1.0602E+06
  2.4640E+01  2.4710E+01  2.0490E-02  1.9028E+06  1.0345E-11  1.0663E+06
  2.4780E+01  2.4850E+01  2.0999E-02  1.8569E+06  1.0346E-11  1.0724E+06
  2.4920E+01  2.4990E+01  2.1519E-02  1.8123E+06  1.0348E-11  1.0785E+06
  2.5060E+01  2.5130E+01  2.2050E-02  1.7688E+06  1.0349E-11  1.0846E+06
  2.5200E+01  2.5270E+01  2.2592E-02  1.7266E+06  1.0350E-11  1.0907E+06
  2.5340E+01  2.5410E+01  2.3146E-02  1.6855E+06  1.0351E-11  1.0968E+06
  2.5480E+01  2.5550E+01  2.3711E-02  1.6455E+06  1.0353E-11  1.1029E+06
  2.5620E+01  2.5690E+01  2.4288E-02  1.6066E+06  1.0354E-11  1.1090E+06
  2.5760E+01  2.5830E+01  2.4878E-02  1.5687E+06  1.0355E-11  1.1151E+06
  2.5900E+01  2.5970E+01  2.5479E-02  1.5319E+06  1.0357E-11  1.1212E+06
  2.6040E+01  2.6110E+01  2.6093E-02  1.4961E+06  1.0358E-11  1.1273E+06
  2.6180E+01  2.6250E+01  2.6720E-02  1.4612E+06  1.0359E-11  1.1334E+06
  2.6320E+01  2.6390E+01  2.7360E-02  1.4272E+06  1.0361E-11  1.1395E+06
  2.6460E+01  2.6530E+01  2.8014E-02  1.3941E+06  1.0363E-11  1.1456E+06
  2.6600E+01  2.6670E+01  2.8680E-02  1.3619E+06  1.0364E-11  1.1518E+06
  2.6740E+01  2.6810E+01  2.9360E-02  1.3306E+06  1.0366E-11  1.1579E+06
  2.6880E+01  2.6950E+01  3.0055E-02  1.3001E+06  1.0368E-11  1.1640E+06
  2.7020E+01  2.7090E+01  3.0763E-02  1.2704E+06  1.0369E-11  1.1701E+06
  2.7160E+01  2.7230E+01  3.1486E-02  1.2414E+06  1.0371E-11  1.1762E+06
  2.7300E+01  2.7370E+01  3.2223E-02  1.2132E+06  1.0373E-11  1.1824E+06
  2.7440E+01  2.7510E+01  3.2975E-02  1.1858E+06  1.0375E-11  1.1885E+06
  2.7580E+01  2.7650E+01  3.3743E-02  1.1590E+06  1.0377E-11  1.1946E+06
  2.7720E+01  2.7790E+01  3.4525E-02  1.1330E+06  1.0379E-11  1.2008E+06
  2.7860E+01  2.7930E+01  3.5324E-02  1.1076E+06  1.0381E-11  1.2069E+06
  2.8000E+01  2.8070E+01  3.6138E-02  1.0829E+06  1.0383E-11  1.2130E+06
  2.8140E+01  2.8210E+01  3.6968E-02  1.0588E+06  1.0385E-11  1.2192E+06
  2.8280E+01  2.8350E+01  3.7815E-02  1.0353E+06  1.0388E-11  1.2253E+06
  2.8420E+01  2.8490E+01  3.8679E-02  1.0124E+06  1.0390E-11  1.2315E+06
  2.8560E+01  2.8630E+01  3.9559E-02  9.9008E+05  1.0392E-11  1.2376E+06
  2.8700E+01  2.8770E+01  4.0457E-02  9.6834E+05  1.0395E-11  1.2438E+06
  2.8840E+01  2.8910E+01  4.1372E-02  9.4715E+05  1.0397E-11  1.2499E+06
  2.8980E+01  2.9050E+01  4.2305E-02  9.2648E+05  1.0400E-11  1.2561E+06
  2.9120E+01  2.9190E+01  4.3257E-02  9.0634E+05  1.0403E-11  1.2623E+06
  2.9260E+01  2.9330E+01  4.4227E-02  8.8670E+05  1.0405E-11  1.2684E+06
  2.9400E+01  2.9470E+01  4.5215E-02  8.6755E+05  1.0408E-11  1.2746E+06
  2.9540E+01  2.9610E+01  4.6223E-02  8.4888E+05  1.0411E-11  1.2808E+06
  2.9680E+01  2.9750E+01  4.7249E-02  8.3067E+05  1.0414E-11  1.2870E+06
  2.9820E+01  2.9890E+01  4.8296E-02  8.1290E+05  1.0417E-11  1.2931E+06
  2.9960E+01  3.0030E+01  4.9363E-02  7.9558E+05  1.0420E-11  1.2993E+06
  3.0100E+01  3.0170E+01  5.0449E-02  7.7868E+05  1.0424E-11  1.3055E+06
  3.0240E+01  3.0310E+01  5.1557E-02  7.6220E+05  1.0427E-11  1.3117E+06
  3.0380E+01  3.0450E+01  5.2685E-02  7.4612E+05  1.0430E-11  1.3179E+06
  3.0520E+01  3.0590E+01  5.3835E-02  7.3042E+05  1.0434E-11  1.3241E+06
  3.0660E+01  3.0730E+01  5.5007E-02  7.1511E+05  1.0437E-11  1.3303E+06
  3.0800E+01  3.0870E+01  5.6200E-02  7.0018E+05  1.0441E-11  1.3365E+06
  3.0940E+01  3.1010E+01  5.7416E-02  6.8560E+05  1.0445E-11  1.3428E+06
  3.1080E+01  3.1150E+01  5.8654E-02  6.7137E+05  1.0449E-11  1.3490E+06
  3.1220E+01  3.1290E+01  5.9916E-02  6.5748E+05  1.0453E-11  1.3552E+06
  3.1360E+01  3.1430E+01  6.1201E-02  6.4393E+05  1.0457E-11  1.3615E+06
  3.1500E+01  3.1570E+01  6.2510E-02  6.3070E+05  1.0461E-11  1.3677E+06
  3.1640E+01  3.1710E+01  6.3843E-02  6.1779E+05  1.0465E-11  1.3739E+06
  3.1780E+01  3.1850E+01  6.5201E-02  6.0518E+05  1.0470E-11  1.3802E+06
  3.1920E+01  3.1990E+01  6.6583E-02  5.9287E+05  1.0474E-11  1.3864E+06
  3.2060E+01  3.2130E+01  6.7991E-02  5.8085E+05  1.0479E-11  1.3927E+06
  3.2200E+01  3.2270E+01  6.9425E-02  5.6911E+05  1.0484E-11  1.3990E+06
  3.2340E+01  3.2410E+01  7.0885E-02  5.5765E+05  1.0488E-11  1.4052E+06
  3.2480E+01  3.2550E+01  7.2371E-02  5.4645E+05  1.0493E-11  1.4115E+06
  3.2620E+01  3.2690E+01  7.3885E-02  5.3552E+05  1.0499E-11  1.4178E+06
  3.2760E+01  3.2830E+01  7.5426E-02  5.2484E+05  1.0504E-11  1.4241E+06
  3.2900E+01  3.2970E+01  7.6995E-02  5.1441E+05  1.0509E-11  1.4304E+06
  3.3040E+01  3.3110E+01  7.8592E-02  5.0423E+05  1.0515E-11  1.4367E+06
  3.3180E+01  3.3250E+01  8.0218E-02  4.9427E+05  1.0520E-11  1.4430E+06
  3.3320E+01  3.3390E+01  8.1873E-02  4.8455E+05  1.0526E-11  1.4493E+06
  3.3460E+01  3.3530E+01  8.3558E-02  4.7505E+05  1.0532E-11  1.4557E+06
  3.3600E+01  3.3670E+01  8.5273E-02  4.6576E+05  1.0538E-11  1.4620E+06
  3.3740E+01  3.3810E+01  8.7019E-02  4.5669E+05  1.0545E-11  1.4683E+06
  3.3880E+01  3.3950E+01  8.8796E-02  4.4782E+05  1.0551E-11  1.4747E+06
  3.4020E+01  3.4090E+01  9.0604E-02  4.3916E+05  1.0558E-11  1.4811E+06
  3.4160E+01  3.4230E+01  9.2445E-02  4.3069E+05  1.0564E-11  1.4874E+06
  3.4300E+01  3.4370E+01  9.4318E-02  4.2242E+05  1.0571E-11  1.4938E+06
  3.4440E+01  3.4510E+01  9.6224E-02  4.1433E+05  1.0579E-11  1.5002E+06
  3.4580E+01  3.4650E+01  9.8164E-02  4.0642E+05  1.0586E-11  1.5066E+06
  3.4720E+01  3.4790E+01  1.0014E-01  3.9869E+05  1.0593E-11  1.5130E+06
  3.4860E+01  3.4930E+01  1.0215E-01  3.9113E+05  1.0601E-11  1.5194E+06
  3.5000E+01  3.5070E+01  1.0419E-01  3.8374E+05  1.0609E-11  1.5258E+06
  3.5140E+01  3.5210E+01  1.0627E-01  3.7651E+05  1.0617E-11  1.5323E+06
  3.5280E+01  3.5350E+01  1.0839E-01  3.6944E+05  1.0625E-11  1.5387E+06
  3.5420E+01  3.5490E+01  1.1054E-01  3.6253E+05  1.0633E-11  1.5452E+06
  3.5560E+01  3.5630E+01  1.1273E-01  3.5578E+05  1.0642E-11  1.5516E+06
  3.5700E+01  3.5770E+01  1.1496E-01  3.4917E+05  1.0651E-11  1.5581E+06
  3.5840E+01  3.5910E+01  1.1723E-01  3.4270E+05  1.0660E-11  1.5646E+06
  3.5980E+01  3.6050E+01  1.1953E-01  3.3638E+05  1.0669E-11  1.5711E+06
  3.6120E+01  3.6190E+01  1.2188E-01  3.3020E+05  1.0678E-11  1.5776E+06
  3.6260E+01  3.6330E+01  1.2427E-01  3.2415E+05  1.0688E-11  1.5841E+06
  3.6400E+01  3.6470E+01  1.2670E-01  3.1823E+05  1.0698E-11  1.5907E+06
  3.6540E+01  3.6610E+01  1.2917E-01  3.1244E+05  1.0708E-11  1.5972E+06
  3.6680E+01  3.6750E+01  1.3168E-01  3.0677E+05  1.0719E-11  1.6038E+06
  3.6820E+01  3.6890E+01  1.3424E-01  3.0123E+05  1.0729E-11  1.6103E+06
  3.6960E+01  3.7030E+01  1.3684E-01  2.9580E+05  1.0740E-11  1.6169E+06
  3.7100E+01  3.7170E+01  1.3949E-01  2.9050E+05  1.0751E-11  1.6235E+06
  3.7240E+01  3.7310E+01  1.4218E-01  2.8530E+05  1.0763E-11  1.6301E+06
  3.7380E+01  3.7450E+01  1.4491E-01  2.8022E+05  1.0775E-11  1.6368E+06
  3.7520E+01  3.7590E+01  1.4770E-01  2.7524E+05  1.0787E-11  1.6434E+06
  3.7660E+01  3.7730E+01  1.5053E-01  2.7037E+05  1.0799E-11  1.6501E+06
  3.7800E+01  3.7870E+01  1.5341E-01  2.6560E+05  1.0811E-11  1.6567E+06
  3.7940E+01  3.8010E+01  1.5634E-01  2.6094E+05  1.0824E-11  1.6634E+06
  3.8080E+01  3.8150E+01  1.5932E-01  2.5637E+05  1.0837E-11  1.6701E+06
  3.8220E+01  3.8290E+01  1.6235E-01  2.5190E+05  1.0851E-11  1.6769E+06
  3.8360E+01  3.8430E+01  1.6543E-01  2.4752E+05  1.0865E-11  1.6836E+06
  3.8500E+01  3.8570E+01  1.6856E-01  2.4323E+05  1.0879E-11  1.6903E+06
  3.8640E+01  3.8710E+01  1.7175E-01  2.3904E+05  1.0893E-11  1.6971E+06
  3.8780E+01  3.8850E+01  1.7499E-01  2.3493E+05  1.0908E-11  1.7039E+06
  3.8920E+01  3.8990E+01  1.7828E-01  2.3090E+05  1.0923E-11  1.7107E+06
  3.9060E+01  3.9130E+01  1.8164E-01  2.2696E+05  1.0938E-11  1.7175E+06
  3.9200E+01  3.9270E+01  1.8505E-01  2.2310E+05  1.0954E-11  1.7244E+06
  3.9340E+01  3.9410E+01  1.8851E-01  2.1932E+05  1.0970E-11  1.7313E+06
  3.9480E+01  3.9550E+01  1.9204E-01  2.1562E+05  1.0987E-11  1.7381E+06
  3.9620E+01  3.9690E+01  1.9562E-01  2.1199E+05  1.1004E-11  1.7450E+06
  3.9760E+01  3.9830E+01  1.9927E-01  2.0844E+05  1.1021E-11  1.7520E+06
  3.9900E+01  3.9970E+01  2.0298E-01  2.0496E+05  1.1039E-11  1.7589E+06
  4.0040E+01  4.0110E+01  2.0675E-01  2.0156E+05  1.1057E-11  1.7659E+06
  4.0180E+01  4.0250E+01  2.1058E-01  1.9822E+05  1.1075E-11  1.7729E+06
  4.0320E+01  4.0390E+01  2.1448E-01  1.9495E+05  1.1094E-11  1.7799E+06
  4.0460E+01  4.0530E+01  2.1845E-01  1.9174E+05  1.1114E-11  1.7869E+06
  4.0600E+01  4.0670E+01  2.2248E-01  1.8860E+05  1.1134E-11  1.7940E+06
  4.0740E+01  4.0810E+01  2.2658E-01  1.8552E+05  1.1154E-11  1.8011E+06
  4.0880E+01  4.0950E+01  2.3075E-01  1.8251E+05  1.1175E-11  1.8082E+06
  4.1020E+01  4.1090E+01  2.3499E-01  1.7956E+05  1.1196E-11  1.8153E+06
  4.1160E+01  4.1230E+01  2.3931E-01  1.7666E+05  1.1218E-11  1.8224E+06
  4.1300E+01  4.1370E+01  2.4369E-01  1.7382E+05  1.1240E-11  1.8296E+06
  4.1440E+01  4.1510E+01  2.4816E-01  1.7104E+05  1.1262E-11  1.8368E+06
  4.1580E+01  4.1650E+01  2.5269E-01  1.6832E+05  1.1286E-11  1.8441E+06
  4.1720E+01  4.1790E+01  2.5730E-01  1.6565E+05  1.1309E-11  1.8513E+06
  4.1860E+01  4.1930E+01  2.6200E-01  1.6303E+05  1.1334E-11  1.8586E+06
  4.2000E+01  4.2070E+01  2.6677E-01  1.6047E+05  1.1358E-11  1.8659E+06
  4.2140E+01  4.2210E+01  2.7162E-01  1.5795E+05  1.1384E-11  1.8733E+06
  4.2280E+01  4.2350E+01  2.7656E-01  1.5549E+05  1.1410E-11  1.8806E+06
  4.2420E+01  4.2490E+01  2.8157E-01  1.5307E+05  1.1436E-11  1.8880E+06
  4.2560E+01  4.2630E+01  2.8668E-01  1.5070E+05  1.1463E-11  1.8955E+06
  4.2700E+01  4.2770E+01  2.9187E-01  1.4838E+05  1.1491E-11  1.9029E+06
  4.2840E+01  4.2910E+01  2.9715E-01  1.4610E+05  1.1520E-11  1.9104E+06
  4.2980E+01  4.3050E+01  3.0252E-01  1.4387E+05  1.1549E-11  1.9180E+06
  4.3120E+01  4.3190E+01  3.0798E-01  1.4168E+05  1.1578E-11  1.9255E+06
  4.3260E+01  4.3330E+01  3.1354E-01  1.3954E+05  1.1609E-11  1.9331E+06
  4.3400E+01  4.3470E+01  3.1919E-01  1.3743E+05  1.1640E-11  1.9408E+06
  4.3540E+01  4.3610E+01  3.2493E-01  1.3537E+05  1.1671E-11  1.9484E+06
  4.3680E+01  4.3750E+01  3.3078E-01  1.3335E+05  1.1704E-11  1.9561E+06
  4.3820E+01  4.3890E+01  3.3673E-01  1.3136E+05  1.1737E-11  1.9638E+06
  4.3960E+01  4.4030E+01  3.4278E-01  1.2942E+05  1.1771E-11  1.9716E+06
  4.4100E+01  4.4170E+01  3.4893E-01  1.2751E+05  1.1805E-11  1.9794E+06
  4.4240E+01  4.4310E+01  3.5519E-01  1.2564E+05  1.1841E-11  1.9873E+06
  4.4380E+01  4.4450E+01  3.6155E-01  1.2380E+05  1.1877E-11  1.9952E+06
  4.4520E+01  4.4590E+01  3.6803E-01  1.2200E+05  1.1914E-11  2.0031E+06
  4.4660E+01  4.4730E+01  3.7462E-01  1.2024E+05  1.1952E-11  2.0110E+06
  4.4800E+01  4.4870E+01  3.8132E-01  1.1851E+05  1.1991E-11  2.0190E+06
  4.4940E+01  4.5010E+01  3.8814E-01  1.1681E+05  1.2030E-11  2.0271E+06
  4.5080E+01  4.5150E+01  3.9508E-01  1.1515E+05  1.2071E-11  2.0352E+06
  4.5220E+01  4.5290E+01  4.0214E-01  1.1351E+05  1.2112E-11  2.0433E+06
  4.5360E+01  4.5430E+01  4.0932E-01  1.1191E+05  1.2154E-11  2.0515E+06
  4.5500E+01  4.5570E+01  4.1662E-01  1.1034E+05  1.2198E-11  2.0597E+06
  4.5640E+01  4.5710E+01  4.2406E-01  1.0880E+05  1.2242E-11  2.0680E+06
  4.5780E+01  4.5850E+01  4.3162E-01  1.0729E+05  1.2287E-11  2.0763E+06
  4.5920E+01  4.5990E+01  4.3932E-01  1.0580E+05  1.2333E-11  2.0846E+06
  4.6060E+01  4.6130E+01  4.4715E-01  1.0435E+05  1.2381E-11  2.0930E+06
  4.6200E+01  4.6270E+01  4.5512E-01  1.0292E+05  1.2429E-11  2.1015E+06
  4.6340E+01  4.6410E+01  4.6324E-01  1.0152E+05  1.2478E-11  2.1100E+06
  4.6480E+01  4.6550E+01  4.7149E-01  1.0015E+05  1.2529E-11  2.1185E+06
  4.6620E+01  4.6690E+01  4.7989E-01  9.8799E+04  1.2580E-11  2.1271E+06
  4.6760E+01  4.6830E+01  4.8844E-01  9.7478E+04  1.2633E-11  2.1357E+06
  4.6900E+01  4.6970E+01  4.9714E-01  9.6181E+04  1.2687E-11  2.1444E+06
  4.7040E+01  4.7110E+01  5.0600E-01  9.4909E+04  1.2743E-11  2.1532E+06
  4.7180E+01  4.7250E+01  5.1501E-01  9.3661E+04  1.2799E-11  2.1620E+06
  4.7320E+01  4.7390E+01  5.2419E-01  9.2436E+04  1.2857E-11  2.1708E+06
  4.7460E+01  4.7530E+01  5.3353E-01  9.1235E+04  1.2916E-11  2.1798E+06
  4.7600E+01  4.7670E+01  5.4304E-01  9.0057E+04  1.2976E-11  2.1887E+06
  4.7740E+01  4.7810E+01  5.5272E-01  8.8901E+04  1.3038E-11  2.1977E+06
  4.7880E+01  4.7950E+01  5.6257E-01  8.7767E+04  1.3101E-11  2.2068E+06
  4.8020E+01  4.8090E+01  5.7260E-01  8.6654E+04  1.3166E-11  2.2160E+06
  4.8160E+01  4.8230E+01  5.8281E-01  8.5563E+04  1.3232E-11  2.2251E+06
  4.8300E+01  4.8370E+01  5.9321E-01  8.4492E+04  1.3299E-11  2.2344E+06
  4.8440E+01  4.8510E+01  6.0380E-01  8.3441E+04  1.3368E-11  2.2437E+06
  4.8580E+01  4.8650E+01  6.1458E-01  8.2411E+04  1.3439E-11  2.2531E+06
  4.8720E+01  4.8790E+01  6.2555E-01  8.1400E+04  1.3511E-11  2.2625E+06
  4.8860E+01  4.8930E+01  6.3673E-01  8.0408E+04  1.3585E-11  2.2720E+06
  4.9000E+01  4.9070E+01  6.4811E-01  7.9435E+04  1.3660E-11  2.2816E+06
  4.9140E+01  4.9210E+01  6.5970E-01  7.8481E+04  1.3738E-11  2.2912E+06
  4.9280E+01  4.9350E+01  6.7150E-01  7.7545E+04  1.3817E-11  2.3009E+06
  4.9420E+01  4.9490E+01  6.8352E-01  7.6627E+04  1.3897E-11  2.3107E+06
  4.9560E+01  4.9630E+01  6.9576E-01  7.5726E+04  1.3980E-11  2.3205E+06
  4.9700E+01  4.9770E+01  7.0823E-01  7.4842E+04  1.4064E-11  2.3304E+06
  4.9840E+01  4.9910E+01  7.2093E-01  7.3976E+04  1.4151E-11  2.3403E+06
  4.9980E+01  5.0050E+01  7.3386E-01  7.3126E+04  1.4239E-11  2.3504E+06
  5.0120E+01  5.0190E+01  7.4703E-01  7.2292E+04  1.4330E-11  2.3605E+06
  5.0260E+01  5.0330E+01  7.6045E-01  7.1475E+04  1.4422E-11  2.3706E+06
  5.0400E+01  5.0470E+01  7.7412E-01  7.0673E+04  1.4517E-11  2.3809E+06
  5.0540E+01  5.0610E+01  7.8805E-01  6.9887E+04  1.4613E-11  2.3912E+06
  5.0680E+01  5.0750E+01  8.0224E-01  6.9116E+04  1.4712E-11  2.4016E+06
  5.0820E+01  5.0890E+01  8.1669E-01  6.8360E+04  1.4814E-11  2.4120E+06
  5.0960E+01  5.1030E+01  8.3141E-01  6.7619E+04  1.4917E-11  2.4226E+06
  5.1100E+01  5.1170E+01  8.4641E-01  6.6892E+04  1.5023E-11  2.4332E+06
  5.1240E+01  5.1310E+01  8.6170E-01  6.6179E+04  1.5131E-11  2.4438E+06
  5.1380E+01  5.1450E+01  8.7727E-01  6.5481E+04  1.5242E-11  2.4546E+06
  5.1520E+01  5.1590E+01  8.9313E-01  6.4796E+04  1.5355E-11  2.4654E+06
  5.1660E+01  5.1730E+01  9.0930E-01  6.4125E+04  1.5471E-11  2.4763E+06
  5.1800E+01  5.1870E+01  9.2577E-01  6.3467E+04  1.5590E-11  2.4873E+06
  5.1940E+01  5.2010E+01  9.4255E-01  6.2822E+04  1.5711E-11  2.4984E+06
  5.2080E+01  5.2150E+01  9.5966E-01  6.2190E+04  1.5836E-11  2.5095E+06
  5.2220E+01  5.2290E+01  9.7708E-01  6.1570E+04  1.5963E-11  2.5207E+06
  5.2360E+01  5.2430E+01  9.9484E-01  6.0964E+04  1.6093E-11  2.5320E+06
  5.2500E+01  5.2570E+01  1.0129E+00  6.0369E+04  1.6226E-11  2.5434E+06
  5.2640E+01  5.2710E+01  1.0314E+00  5.9787E+04  1.6362E-11  2.5549E+06
  5.2780E+01  5.2850E+01  1.0502E+00  5.9216E+04  1.6501E-11  2.5664E+06
  5.2920E+01  5.2990E+01  1.0693E+00  5.8657E+04  1.6643E-11  2.5781E+06
  5.3060E+01  5.3130E+01  1.0888E+00  5.8110E+04  1.6789E-11  2.5898E+06
  5.3200E+01  5.3270E+01  1.1087E+00  5.7574E+04  1.6938E-11  2.6016E+06
  5.3340E+01  5.3410E+01  1.1290E+00  5.7049E+04  1.7090E-11  2.6134E+06
  5.3480E+01  5.3550E+01  1.1497E+00  5.6536E+04  1.7246E-11  2.6254E+06
  5.3620E+01  5.3690E+01  1.1707E+00  5.6033E+04  1.7406E-11  2.6374E+06
  5.3760E+01  5.3830E+01  1.1922E+00  5.5540E+04  1.7569E-11  2.6496E+06
  5.3900E+01  5.3970E+01  1.2140E+00  5.5059E+04  1.7736E-11  2.6618E+06
  5.4040E+01  5.4110E+01  1.2363E+00  5.4588E+04  1.7907E-11  2.6741E+06
  5.4180E+01  5.4250E+01  1.2590E+00  5.4127E+04  1.8082E-11  2.6864E+06
  5.4320E+01  5.4390E+01  1.2821E+00  5.3676E+04  1.8261E-11  2.6989E+06
  5.4460E+01  5.4530E+01  1.3057E+00  5.3235E+04  1.8444E-11  2.7115E+06
  5.4600E+01  5.4670E+01  1.3298E+00  5.2804E+04  1.8631E-11  2.7241E+06
  5.4740E+01  5.4810E+01  1.3542E+00  5.2382E+04  1.8823E-11  2.7368E+06
  5.4880E+01  5.4950E+01  1.3792E+00  5.1970E+04  1.9019E-11  2.7496E+06
  5.5020E+01  5.5090E+01  1.4046E+00  5.1568E+04  1.9219E-11  2.7625E+06
  5.5160E+01  5.5230E+01  1.4305E+00  5.1175E+04  1.9424E-11  2.7755E+06
  5.5300E+01  5.5370E+01  1.4569E+00  5.0791E+04  1.9634E-11  2.7885E+06
  5.5440E+01  5.5510E+01  1.4838E+00  5.0416E+04  1.9849E-11  2.8017E+06
  5.5580E+01  5.5650E+01  1.5112E+00  5.0050E+04  2.0069E-11  2.8149E+06
  5.5720E+01  5.5790E+01  1.5391E+00  4.9692E+04  2.0293E-11  2.8282E+06
  5.5860E+01  5.5930E+01  1.5675E+00  4.9344E+04  2.0523E-11  2.8416E+06
  5.6000E+01  5.6070E+01  1.5965E+00  4.9004E+04  2.0759E-11  2.8551E+06
  5.6140E+01  5.6210E+01  1.6260E+00  4.8673E+04  2.0999E-11  2.8687E+06
  5.6280E+01  5.6350E+01  1.6560E+00  4.8349E+04  2.1245E-11  2.8823E+06
  5.6420E+01  5.6490E+01  1.6866E+00  4.8035E+04  2.1497E-11  2.8960E+06
  5.6560E+01  5.6630E+01  1.7178E+00  4.7728E+04  2.1755E-11  2.9098E+06
  5.6700E+01  5.6770E+01  1.7496E+00  4.7430E+04  2.2018E-11  2.9237E+06
  5.6840E+01  5.6910E+01  1.7819E+00  4.7139E+04  2.2288E-11  2.9377E+06
  5.6980E+01  5.7050E+01  1.8148E+00  4.6857E+04  2.2563E-11  2.9518E+06
  5.7120E+01  5.7190E+01  1.8483E+00  4.6582E+04  2.2845E-11  2.9659E+06
  5.7260E+01  5.7330E+01  1.8824E+00  4.6315E+04  2.3133E-11  2.9801E+06
  5.7400E+01  5.7470E+01  1.9171E+00  4.6056E+04  2.3428E-11  2.9944E+06
  5.7540E+01  5.7610E+01  1.9525E+00  4.5804E+04  2.3730E-11  3.0088E+06
  5.7680E+01  5.7750E+01  1.9885E+00  4.5559E+04  2.4038E-11  3.0233E+06
  5.7820E+01  5.7890E+01  2.0251E+00  4.5323E+04  2.4353E-11  3.0378E+06
  5.7960E+01  5.8030E+01  2.0623E+00  4.5093E+04  2.4676E-11  3.0524E+06
  5.8100E+01  5.8170E+01  2.1002E+00  4.4871E+04  2.5005E-11  3.0671E+06
  5.8240E+01  5.8310E+01  2.1388E+00  4.4655E+04  2.5342E-11  3.0819E+06
  5.8380E+01  5.8450E+01  2.1780E+00  4.4447E+04  2.5687E-11  3.0967E+06
  5.8520E+01  5.8590E+01  2.2179E+00  4.4246E+04  2.6039E-11  3.1116E+06
  5.8660E+01  5.8730E+01  2.2585E+00  4.4052E+04  2.6399E-11  3.1266E+06
  5.8800E+01  5.8870E+01  2.2998E+00  4.3865E+04  2.6768E-11  3.1417E+06
  5.8940E+01  5.9010E+01  2.3418E+00  4.3685E+04  2.7144E-11  3.1568E+06
  5.9080E+01  5.9150E+01  2.3844E+00  4.3511E+04  2.7529E-11  3.1720E+06
  5.9220E+01  5.9290E+01  2.4278E+00  4.3344E+04  2.7922E-11  3.1873E+06
  5.9360E+01  5.9430E+01  2.4718E+00  4.3184E+04  2.8323E-11  3.2026E+06
  5.9500E+01  5.9570E+01  2.5166E+00  4.3030E+04  2.8734E-11  3.2180E+06
  5.9640E+01  5.9710E+01  2.5621E+00  4.2883E+04  2.9153E-11  3.2335E+06
  5.9780E+01  5.9850E+01  2.6083E+00  4.2743E+04  2.9582E-11  3.2490E+06
  5.9920E+01  5.9990E+01  2.6553E+00  4.2608E+04  3.0020E-11  3.2646E+06
  6.0060E+01  6.0130E+01  2.7030E+00  4.2480E+04  3.0467E-11  3.2803E+06
  6.0200E+01  6.0270E+01  2.7514E+00  4.2359E+04  3.0924E-11  3.2960E+06
  6.0340E+01  6.0410E+01  2.8006E+00  4.2243E+04  3.1391E-11  3.3118E+06
  6.0480E+01  6.0550E+01  2.8505E+00  4.2134E+04  3.1868E-11  3.3276E+06
  6.0620E+01  6.0690E+01  2.9011E+00  4.2031E+04  3.2355E-11  3.3435E+06
  6.0760E+01  6.0830E+01  2.9525E+00  4.1934E+04  3.2852E-11  3.3595E+06
  6.0900E+01  6.0970E+01  3.0046E+00  4.1843E+04  3.3359E-11  3.3755E+06
  6.1040E+01  6.1110E+01  3.0571E+00  4.1753E+04  3.3869E-11  3.3914E+06
  6.1180E+01  6.1250E+01  3.1074E+00  4.1645E+04  3.4337E-11  3.4062E+06
  6.1320E+01  6.1390E+01  3.1446E+00  4.1421E+04  3.4562E-11  3.4149E+06
  6.1460E+01  6.1530E+01  3.1357E+00  4.0801E+04  3.3946E-11  3.3991E+06
  6.1600E+01  6.1670E+01  3.0165E+00  3.9215E+04  3.1384E-11  3.3191E+06
  6.1740E+01  6.1810E+01  2.7154E+00  3.5835E+04  2.5813E-11  3.1144E+06
  6.1880E+01  6.1950E+01  2.2268E+00  2.9850E+04  1.7631E-11  2.7200E+06
  6.2020E+01  6.2090E+01  1.6775E+00  2.1452E+04  9.5441E-12  2.0938E+06
  6.2160E+01  6.2230E+01  1.2574E+00  1.3709E+04  4.5719E-12  1.2727E+06
  6.2300E+01  6.2370E+01  1.0504E+00  1.0440E+04  2.9093E-12  4.6579E+05
  6.2440E+01  6.2510E+01  1.0026E+00  1.0017E+04  2.6647E-12  4.7970E+04
  6.2580E+01  6.2650E+01  1.0000E+00  1.0000E+04  2.6534E-12  4.8375E+02
  6.2720E+01  6.2790E+01  1.0000E+00  1.0000E+04  2.6533E-12  1.2820E+00
  6.2860E+01  6.2930E+01  1.0000E+00  1.0000E+04  2.6533E-12  3.2425E-03
  6.3000E+01  6.3070E+01  1.0000E+00  1.0000E+04  2.6533E-12  8.1669E-06
  6.3140E+01  6.3210E+01  1.0000E+00  1.0000E+04  2.6533E-12  1.7508E-08
  6.3280E+01  6.3350E+01  1.0000E+00  1.0000E+04  2.6533E-12  1.5100E-23
  6.3420E+01  6.3490E+01  1.0000E+00  1.0000E+04  2.6533E-12  5.2733E-54
  6.3560E+01  6.3630E+01  1.0000E+00  1.0000E+04  2.6533E-12  3.1003-115
  6.3700E+01  6.3770E+01  1.0000E+00  1.0000E+04  2.6533E-12  5.1256-238
  6.3840E+01  6.3910E+01  1.0000E+00  1.0000E+04  2.6533E-12  0.0000E+00
  6.3980E+01  6.4050E+01  1.0000E+00  1.0000E+04  2.6533E-12  0.0000E+00
  6.4120E+01  6.4190E+01  1.0000E+00  1.0000E+04  2.6533E-12  0.0000E+00
  6.4260E+01  6.4330E+01  1.0000E+00  1.0000E+04  2.6533E-12  0.0000E+00
  6.4400E+01  6.4470E+01  1.0000E+00  1.0000E+04  2.6533E-12  0.0000E+00
  6.4540E+01  6.4610E+01  1.0000E+00  1.0000E+04  2.6533E-12  0.0000E+00
  6.4680E+01  6.4750E+01  1.0000E+00  1.0000E+04  2.6533E-12  0.0000E+00
  6.4820E+01  6.4890E+01  1.0000E+00  1.0000E+04  2.6533E-12  0.0000E+00
  6.4960E+01  6.5030E+01  1.0000E+00  1.0000E+04  2.6533E-12  0.0000E+00
  6.5100E+01  6.5170E+01  1.0000E+00  1.0000E+04  2.6533E-12  0.0000E+00
  6.5240E+01  6.5310E+01  1.0000E+00  1.0000E+04  2.6533E-12  0.0000E+00
  6.5380E+01  6.5450E+01  1.0000E+00  1.0000E+04  2.6533E-12  0.0000E+00
  6.5520E+01  6.5590E+01  1.0000E+00  1.0000E+04  2.6533E-12  0.0000E+00
  6.5660E+01  6.5730E+01  1.0000E+00  1.0000E+04  2.6533E-12  0.0000E+00
  6.5800E+01  6.5870E+01  1.0000E+00  1.0000E+04  2.6533E-12  0.0000E+00
  6.5940E+01  6.6010E+01  1.0000E+00  1.0000E+04  2.6533E-12  0.0000E+00
  6.6080E+01  6.6150E+01  1.0000E+00  1.0000E+04  2.6533E-12  0.0000E+00
  6.6220E+01  6.6290E+01  1.0000E+00  1.0000E+04  2.6533E-12  0.0000E+00
  6.6360E+01  6.6430E+01  1.0000E+00  1.0000E+04  2.6533E-12  0.0000E+00
  6.6500E+01  6.6570E+01  1.0000E+00  1.0000E+04  2.6533E-12  0.0000E+00
  6.6640E+01  6.6710E+01  1.0000E+00  1.0000E+04  2.6533E-12  0.0000E+00
  6.6780E+01  6.6850E+01  1.0000E+00  1.0000E+04  2.6533E-12  0.0000E+00
  6.6920E+01  6.6990E+01  1.0000E+00  1.0000E+04  2.6533E-12  0.0000E+00
  6.7060E+01  6.7130E+01  1.0000E+00  1.0000E+04  2.6533E-12  0.0000E+00
  6.7200E+01  6.7270E+01  1.0000E+00  1.0000E+04  2.6533E-12  0.0000E+00
  6.7340E+01  6.7410E+01  1.0000E+00  1.0000E+04  2.6533E-12  0.0000E+00
  6.7480E+01  6.7550E+01  1.0000E+00  1.0000E+04  2.6533E-12  0.0000E+00
  6.7620E+01  6.7690E+01  1.0000E+00  1.0000E+04  2.6533E-12  0.0000E+00
  6.7760E+01  6.7830E+01  1.0000E+00  1.0000E+04  2.6533E-12  0.0000E+00
  6.7900E+01  6.7970E+01  1.0000E+00  1.0000E+04  2.6533E-12  0.0000E+00
  6.8040E+01  6.8110E+01  1.0000E+00  1.0000E+04  2.6533E-12  0.0000E+00
  6.8180E+01  6.8250E+01  1.0000E+00  1.0000E+04  2.6533E-12  0.0000E+00
  6.8320E+01  6.8390E+01  1.0000E+00  1.0000E+04  2.6533E-12  0.0000E+00
  6.8460E+01  6.8530E+01  1.0000E+00  1.0000E+04  2.6533E-12  0.0000E+00
  6.8600E+01  6.8670E+01  1.0000E+00  1.0000E+04  2.6533E-12  0.0000E+00
  6.8740E+01  6.8810E+01  1.0000E+00  1.0000E+04  2.6533E-12  0.0000E+00
  6.8880E+01  6.8950E+01  1.0000E+00  1.0000E+04  2.6533E-12  0.0000E+00
  6.9020E+01  6.9090E+01  1.0000E+00  1.0000E+04  2.6533E-12  0.0000E+00
  6.9160E+01  6.9230E+01  1.0000E+00  1.0000E+04  2.6533E-12  0.0000E+00
  6.9300E+01  6.9370E+01  1.0000E+00  1.0000E+04  2.6533E-12  0.0000E+00
  6.9440E+01  6.9510E+01  1.0000E+00  1.0000E+04  2.6533E-12  0.0000E+00
  6.9580E+01  6.9650E+01  1.0000E+00  1.0000E+04  2.6533E-12  0.0000E+00
  6.9720E+01  6.9790E+01  1.0000E+00  1.0000E+04  2.6533E-12  0.0000E+00
