 -1.4000E-01 -7.0000E-02  6.1194E-06  2.5065E+10  4.0703E-11 -2.1623E+05
  0.0000E+00  7.0000E-02  6.1194E-06  2.5065E+10  4.0703E-11  0.0000E+00
  1.4000E-01  2.1000E-01  2.2709E-05  6.7543E+09  4.0701E-11  2.1623E+05
  2.8000E-01  3.5000E-01  3.5320E-05  4.3428E+09  4.0701E-11  2.3230E+05
  4.2000E-01  4.9000E-01  4.6142E-05  3.3242E+09  4.0701E-11  2.6049E+05
  5.6000E-01  6.3000E-01  5.6472E-05  2.7161E+09  4.0701E-11  3.9016E+05
  7.0000E-01  7.7000E-01  6.6842E-05  2.2948E+09  4.0701E-11  4.6365E+05
  8.4000E-01  9.1000E-01  7.7499E-05  1.9792E+09  4.0701E-11  5.6315E+05
  9.8000E-01  1.0500E+00  8.8576E-05  1.7317E+09  4.0701E-11  6.5375E+05
  1.1200E+00  1.1900E+00  1.0015E-04  1.5315E+09  4.0701E-11  7.4733E+05
  1.2600E+00  1.3300E+00  1.1229E-04  1.3660E+09  4.0701E-11  8.4027E+05
  1.4000E+00  1.4700E+00  1.2503E-04  1.2268E+09  4.0701E-11  9.3343E+05
  1.5400E+00  1.6100E+00  1.3841E-04  1.1082E+09  4.0701E-11  1.0266E+06
  1.6800E+00  1.7500E+00  1.5246E-04  1.0061E+09  4.0701E-11  1.1198E+06
  1.8200E+00  1.8900E+00  1.6722E-04  9.1724E+08  4.0701E-11  1.2130E+06
  1.9600E+00  2.0300E+00  1.8273E-04  8.3940E+08  4.0701E-11  1.3062E+06
  2.1000E+00  2.1700E+00  1.9901E-04  7.7072E+08  4.0700E-11  1.3995E+06
  2.2400E+00  2.3100E+00  2.1611E-04  7.0974E+08  4.0700E-11  1.4927E+06
  2.3800E+00  2.4500E+00  2.3405E-04  6.5532E+08  4.0700E-11  1.5860E+06
  2.5200E+00  2.5900E+00  2.5289E-04  6.0651E+08  4.0700E-11  1.6792E+06
  2.6600E+00  2.7300E+00  2.7265E-04  5.6255E+08  4.0700E-11  1.7725E+06
  2.8000E+00  2.8700E+00  2.9338E-04  5.2280E+08  4.0699E-11  1.8658E+06
  2.9400E+00  3.0100E+00  3.1511E-04  4.8673E+08  4.0699E-11  1.9590E+06
  3.0800E+00  3.1500E+00  3.3791E-04  4.5389E+08  4.0698E-11  2.0523E+06
  3.2200E+00  3.2900E+00  3.6180E-04  4.2391E+08  4.0698E-11  2.1456E+06
  3.3600E+00  3.4300E+00  3.8684E-04  3.9647E+08  4.0697E-11  2.2389E+06
  3.5000E+00  3.5700E+00  4.1307E-04  3.7128E+08  4.0697E-11  2.3321E+06
  3.6400E+00  3.7100E+00  4.4056E-04  3.4811E+08  4.0696E-11  2.4254E+06
  3.7800E+00  3.8500E+00  4.6935E-04  3.2675E+08  4.0696E-11  2.5187E+06
  3.9200E+00  3.9900E+00  4.9949E-04  3.0703E+08  4.0695E-11  2.6120E+06
  4.0600E+00  4.1300E+00  5.3106E-04  2.8877E+08  4.0694E-11  2.7053E+06
  4.2000E+00  4.2700E+00  5.6410E-04  2.7185E+08  4.0693E-11  2.7985E+06
  4.3400E+00  4.4100E+00  5.9868E-04  2.5614E+08  4.0692E-11  2.8918E+06
  4.4800E+00  4.5500E+00  6.3487E-04  2.4153E+08  4.0691E-11  2.9851E+06
  4.6200E+00  4.6900E+00  6.7273E-04  2.2793E+08  4.0689E-11  3.0784E+06
  4.7600E+00  4.8300E+00  7.1234E-04  2.1525E+08  4.0688E-11  3.1717E+06
  4.9000E+00  4.9700E+00  7.5376E-04  2.0342E+08  4.0687E-11  3.2650E+06
  5.0400E+00  5.1100E+00  7.9707E-04  1.9235E+08  4.0685E-11  3.3583E+06
  5.1800E+00  5.2500E+00  8.4235E-04  1.8201E+08  4.0683E-11  3.4516E+06
  5.3200E+00  5.3900E+00  8.8969E-04  1.7231E+08  4.0681E-11  3.5449E+06
  5.4600E+00  5.5300E+00  9.3916E-04  1.6323E+08  4.0679E-11  3.6382E+06
  5.6000E+00  5.6700E+00  9.9085E-04  1.5471E+08  4.0677E-11  3.7315E+06
  5.7400E+00  5.8100E+00  1.0449E-03  1.4670E+08  4.0675E-11  3.8249E+06
  5.8800E+00  5.9500E+00  1.1013E-03  1.3918E+08  4.0672E-11  3.9182E+06
  6.0200E+00  6.0900E+00  1.1602E-03  1.3210E+08  4.0669E-11  4.0115E+06
  6.1600E+00  6.2300E+00  1.2217E-03  1.2544E+08  4.0666E-11  4.1048E+06
  6.3000E+00  6.3700E+00  1.2859E-03  1.1917E+08  4.0663E-11  4.1982E+06
  6.4400E+00  6.5100E+00  1.3529E-03  1.1325E+08  4.0659E-11  4.2915E+06
  6.5800E+00  6.6500E+00  1.4229E-03  1.0768E+08  4.0656E-11  4.3849E+06
  6.7200E+00  6.7900E+00  1.4958E-03  1.0241E+08  4.0652E-11  4.4782E+06
  6.8600E+00  6.9300E+00  1.5719E-03  9.7445E+07  4.0647E-11  4.5716E+06
  7.0000E+00  7.0700E+00  1.6513E-03  9.2749E+07  4.0642E-11  4.6650E+06
  7.1400E+00  7.2100E+00  1.7341E-03  8.8311E+07  4.0637E-11  4.7583E+06
  7.2800E+00  7.3500E+00  1.8204E-03  8.4114E+07  4.0632E-11  4.8517E+06
  7.4200E+00  7.4900E+00  1.9103E-03  8.0142E+07  4.0626E-11  4.9451E+06
  7.5600E+00  7.6300E+00  2.0040E-03  7.6383E+07  4.0620E-11  5.0385E+06
  7.7000E+00  7.7700E+00  2.1017E-03  7.2822E+07  4.0614E-11  5.1319E+06
  7.8400E+00  7.9100E+00  2.2034E-03  6.9449E+07  4.0607E-11  5.2254E+06
  7.9800E+00  8.0500E+00  2.3093E-03  6.6251E+07  4.0599E-11  5.3188E+06
  8.1200E+00  8.1900E+00  2.4196E-03  6.3219E+07  4.0591E-11  5.4123E+06
  8.2600E+00  8.3300E+00  2.5344E-03  6.0343E+07  4.0583E-11  5.5057E+06
  8.4000E+00  8.4700E+00  2.6539E-03  5.7614E+07  4.0574E-11  5.5992E+06
  8.5400E+00  8.6100E+00  2.7782E-03  5.5022E+07  4.0564E-11  5.6927E+06
  8.6800E+00  8.7500E+00  2.9075E-03  5.2562E+07  4.0554E-11  5.7862E+06
  8.8200E+00  8.8900E+00  3.0420E-03  5.0224E+07  4.0543E-11  5.8798E+06
  8.9600E+00  9.0300E+00  3.1819E-03  4.8003E+07  4.0532E-11  5.9733E+06
  9.1000E+00  9.1700E+00  3.3273E-03  4.5892E+07  4.0520E-11  6.0669E+06
  9.2400E+00  9.3100E+00  3.4784E-03  4.3884E+07  4.0507E-11  6.1605E+06
  9.3800E+00  9.4500E+00  3.6354E-03  4.1974E+07  4.0493E-11  6.2541E+06
  9.5200E+00  9.5900E+00  3.7986E-03  4.0157E+07  4.0479E-11  6.3478E+06
  9.6600E+00  9.7300E+00  3.9680E-03  3.8428E+07  4.0463E-11  6.4415E+06
  9.8000E+00  9.8700E+00  4.1439E-03  3.6782E+07  4.0447E-11  6.5352E+06
  9.9400E+00  1.0010E+01  4.3266E-03  3.5214E+07  4.0430E-11  6.6289E+06
  1.0080E+01  1.0150E+01  4.5162E-03  3.3720E+07  4.0412E-11  6.7227E+06
  1.0220E+01  1.0290E+01  4.7129E-03  3.2298E+07  4.0392E-11  6.8165E+06
  1.0360E+01  1.0430E+01  4.9169E-03  3.0942E+07  4.0372E-11  6.9103E+06
  1.0500E+01  1.0570E+01  5.1286E-03  2.9649E+07  4.0350E-11  7.0042E+06
  1.0640E+01  1.0710E+01  5.3480E-03  2.8416E+07  4.0328E-11  7.0981E+06
  1.0780E+01  1.0850E+01  5.5755E-03  2.7241E+07  4.0304E-11  7.1920E+06
  1.0920E+01  1.0990E+01  5.8112E-03  2.6119E+07  4.0279E-11  7.2860E+06
  1.1060E+01  1.1130E+01  6.0555E-03  2.5049E+07  4.0252E-11  7.3801E+06
  1.1200E+01  1.1270E+01  6.3085E-03  2.4028E+07  4.0224E-11  7.4742E+06
  1.1340E+01  1.1410E+01  6.5706E-03  2.3053E+07  4.0195E-11  7.5683E+06
  1.1480E+01  1.1550E+01  6.8418E-03  2.2122E+07  4.0164E-11  7.6625E+06
  1.1620E+01  1.1690E+01  7.1226E-03  2.1232E+07  4.0131E-11  7.7568E+06
  1.1760E+01  1.1830E+01  7.4132E-03  2.0383E+07  4.0097E-11  7.8511E+06
  1.1900E+01  1.1970E+01  7.7137E-03  1.9571E+07  4.0061E-11  7.9455E+06
  1.2040E+01  1.2110E+01  8.0245E-03  1.8795E+07  4.0024E-11  8.0399E+06
  1.2180E+01  1.2250E+01  8.3459E-03  1.8054E+07  3.9984E-11  8.1344E+06
  1.2320E+01  1.2390E+01  8.6780E-03  1.7345E+07  3.9943E-11  8.2290E+06
  1.2460E+01  1.2530E+01  9.0213E-03  1.6667E+07  3.9899E-11  8.3237E+06
  1.2600E+01  1.2670E+01  9.3758E-03  1.6018E+07  3.9853E-11  8.4184E+06
  1.2740E+01  1.2810E+01  9.7420E-03  1.5397E+07  3.9806E-11  8.5133E+06
  1.2880E+01  1.2950E+01  1.0120E-02  1.4804E+07  3.9755E-11  8.6082E+06
  1.3020E+01  1.3090E+01  1.0510E-02  1.4235E+07  3.9703E-11  8.7032E+06
  1.3160E+01  1.3230E+01  1.0913E-02  1.3691E+07  3.9648E-11  8.7983E+06
  1.3300E+01  1.3370E+01  1.1328E-02  1.3170E+07  3.9591E-11  8.8935E+06
  1.3440E+01  1.3510E+01  1.1756E-02  1.2671E+07  3.9531E-11  8.9888E+06
  1.3580E+01  1.3650E+01  1.2197E-02  1.2194E+07  3.9468E-11  9.0842E+06
  1.3720E+01  1.3790E+01  1.2652E-02  1.1736E+07  3.9403E-11  9.1798E+06
  1.3860E+01  1.3930E+01  1.3121E-02  1.1297E+07  3.9335E-11  9.2754E+06
  1.4000E+01  1.4070E+01  1.3603E-02  1.0877E+07  3.9264E-11  9.3712E+06
  1.4140E+01  1.4210E+01  1.4100E-02  1.0474E+07  3.9190E-11  9.4671E+06
  1.4280E+01  1.4350E+01  1.4611E-02  1.0088E+07  3.9113E-11  9.5631E+06
  1.4420E+01  1.4490E+01  1.5137E-02  9.7171E+06  3.9032E-11  9.6593E+06
  1.4560E+01  1.4630E+01  1.5678E-02  9.3618E+06  3.8948E-11  9.7556E+06
  1.4700E+01  1.4770E+01  1.6234E-02  9.0209E+06  3.8861E-11  9.8520E+06
  1.4840E+01  1.4910E+01  1.6805E-02  8.6940E+06  3.8771E-11  9.9486E+06
  1.4980E+01  1.5050E+01  1.7392E-02  8.3802E+06  3.8676E-11  1.0045E+07
  1.5120E+01  1.5190E+01  1.7994E-02  8.0790E+06  3.8578E-11  1.0142E+07
  1.5260E+01  1.5330E+01  1.8613E-02  7.7900E+06  3.8477E-11  1.0239E+07
  1.5400E+01  1.5470E+01  1.9248E-02  7.5124E+06  3.8371E-11  1.0337E+07
  1.5540E+01  1.5610E+01  1.9899E-02  7.2459E+06  3.8262E-11  1.0434E+07
  1.5680E+01  1.5750E+01  2.0566E-02  6.9900E+06  3.8148E-11  1.0532E+07
  1.5820E+01  1.5890E+01  2.1250E-02  6.7441E+06  3.8031E-11  1.0629E+07
  1.5960E+01  1.6030E+01  2.1951E-02  6.5079E+06  3.7909E-11  1.0727E+07
  1.6100E+01  1.6170E+01  2.2668E-02  6.2809E+06  3.7783E-11  1.0826E+07
  1.6240E+01  1.6310E+01  2.3403E-02  6.0628E+06  3.7652E-11  1.0924E+07
  1.6380E+01  1.6450E+01  2.4154E-02  5.8531E+06  3.7517E-11  1.1023E+07
  1.6520E+01  1.6590E+01  2.4923E-02  5.6516E+06  3.7378E-11  1.1122E+07
  1.6660E+01  1.6730E+01  2.5708E-02  5.4578E+06  3.7234E-11  1.1221E+07
  1.6800E+01  1.6870E+01  2.6511E-02  5.2714E+06  3.7085E-11  1.1320E+07
  1.6940E+01  1.7010E+01  2.7330E-02  5.0921E+06  3.6931E-11  1.1420E+07
  1.7080E+01  1.7150E+01  2.8167E-02  4.9197E+06  3.6772E-11  1.1519E+07
  1.7220E+01  1.7290E+01  2.9020E-02  4.7537E+06  3.6609E-11  1.1619E+07
  1.7360E+01  1.7430E+01  2.9890E-02  4.5941E+06  3.6440E-11  1.1720E+07
  1.7500E+01  1.7570E+01  3.0778E-02  4.4404E+06  3.6266E-11  1.1820E+07
  1.7640E+01  1.7710E+01  3.1681E-02  4.2925E+06  3.6088E-11  1.1921E+07
  1.7780E+01  1.7850E+01  3.2601E-02  4.1501E+06  3.5904E-11  1.2022E+07
  1.7920E+01  1.7990E+01  3.3538E-02  4.0129E+06  3.5715E-11  1.2124E+07
  1.8060E+01  1.8130E+01  3.4490E-02  3.8809E+06  3.5520E-11  1.2225E+07
  1.8200E+01  1.8270E+01  3.5458E-02  3.7537E+06  3.5320E-11  1.2327E+07
  1.8340E+01  1.8410E+01  3.6442E-02  3.6311E+06  3.5115E-11  1.2430E+07
  1.8480E+01  1.8550E+01  3.7441E-02  3.5131E+06  3.4904E-11  1.2532E+07
  1.8620E+01  1.8690E+01  3.8454E-02  3.3993E+06  3.4688E-11  1.2635E+07
  1.8760E+01  1.8830E+01  3.9483E-02  3.2896E+06  3.4467E-11  1.2739E+07
  1.8900E+01  1.8970E+01  4.0525E-02  3.1839E+06  3.4240E-11  1.2842E+07
  1.9040E+01  1.9110E+01  4.1580E-02  3.0820E+06  3.4007E-11  1.2946E+07
  1.9180E+01  1.9250E+01  4.2649E-02  2.9838E+06  3.3769E-11  1.3051E+07
  1.9320E+01  1.9390E+01  4.3730E-02  2.8890E+06  3.3526E-11  1.3156E+07
  1.9460E+01  1.9530E+01  4.4823E-02  2.7976E+06  3.3277E-11  1.3261E+07
  1.9600E+01  1.9670E+01  4.5928E-02  2.7094E+06  3.3022E-11  1.3366E+07
  1.9740E+01  1.9810E+01  4.7044E-02  2.6244E+06  3.2762E-11  1.3472E+07
  1.9880E+01  1.9950E+01  4.8169E-02  2.5423E+06  3.2497E-11  1.3579E+07
  2.0020E+01  2.0090E+01  4.9304E-02  2.4630E+06  3.2226E-11  1.3686E+07
  2.0160E+01  2.0230E+01  5.0448E-02  2.3866E+06  3.1950E-11  1.3793E+07
  2.0300E+01  2.0370E+01  5.1600E-02  2.3127E+06  3.1668E-11  1.3901E+07
  2.0440E+01  2.0510E+01  5.2759E-02  2.2414E+06  3.1381E-11  1.4009E+07
  2.0580E+01  2.0650E+01  5.3924E-02  2.1726E+06  3.1089E-11  1.4117E+07
  2.0720E+01  2.0790E+01  5.5095E-02  2.1061E+06  3.0791E-11  1.4227E+07
  2.0860E+01  2.0930E+01  5.6270E-02  2.0418E+06  3.0489E-11  1.4336E+07
  2.1000E+01  2.1070E+01  5.7449E-02  1.9797E+06  3.0181E-11  1.4446E+07
  2.1140E+01  2.1210E+01  5.8631E-02  1.9197E+06  2.9869E-11  1.4557E+07
  2.1280E+01  2.1350E+01  5.9815E-02  1.8617E+06  2.9551E-11  1.4668E+07
  2.1420E+01  2.1490E+01  6.0999E-02  1.8057E+06  2.9229E-11  1.4780E+07
  2.1560E+01  2.1630E+01  6.2183E-02  1.7515E+06  2.8902E-11  1.4892E+07
  2.1700E+01  2.1770E+01  6.3366E-02  1.6991E+06  2.8571E-11  1.5005E+07
  2.1840E+01  2.1910E+01  6.4547E-02  1.6484E+06  2.8235E-11  1.5119E+07
  2.1980E+01  2.2050E+01  6.5724E-02  1.5994E+06  2.7894E-11  1.5233E+07
  2.2120E+01  2.2190E+01  6.6897E-02  1.5519E+06  2.7550E-11  1.5347E+07
  2.2260E+01  2.2330E+01  6.8064E-02  1.5060E+06  2.7201E-11  1.5462E+07
  2.2400E+01  2.2470E+01  6.9225E-02  1.4615E+06  2.6849E-11  1.5578E+07
  2.2540E+01  2.2610E+01  7.0378E-02  1.4185E+06  2.6492E-11  1.5695E+07
  2.2680E+01  2.2750E+01  7.1522E-02  1.3769E+06  2.6132E-11  1.5812E+07
  2.2820E+01  2.2890E+01  7.2657E-02  1.3365E+06  2.5769E-11  1.5930E+07
  2.2960E+01  2.3030E+01  7.3780E-02  1.2974E+06  2.5402E-11  1.6048E+07
  2.3100E+01  2.3170E+01  7.4892E-02  1.2596E+06  2.5032E-11  1.6167E+07
  2.3240E+01  2.3310E+01  7.5990E-02  1.2229E+06  2.4660E-11  1.6287E+07
  2.3380E+01  2.3450E+01  7.7075E-02  1.1873E+06  2.4285E-11  1.6407E+07
  2.3520E+01  2.3590E+01  7.8144E-02  1.1529E+06  2.3907E-11  1.6528E+07
  2.3660E+01  2.3730E+01  7.9199E-02  1.1195E+06  2.3527E-11  1.6650E+07
  2.3800E+01  2.3870E+01  8.0237E-02  1.0871E+06  2.3146E-11  1.6772E+07
  2.3940E+01  2.4010E+01  8.1258E-02  1.0556E+06  2.2763E-11  1.6894E+07
  2.4080E+01  2.4150E+01  8.2262E-02  1.0252E+06  2.2378E-11  1.7017E+07
  2.4220E+01  2.4290E+01  8.3248E-02  9.9559E+05  2.1994E-11  1.7141E+07
  2.4360E+01  2.4430E+01  8.4218E-02  9.6691E+05  2.1609E-11  1.7264E+07
  2.4500E+01  2.4570E+01  8.5171E-02  9.3908E+05  2.1224E-11  1.7388E+07
  2.4640E+01  2.4710E+01  8.6108E-02  9.1208E+05  2.0841E-11  1.7511E+07
  2.4780E+01  2.4850E+01  8.7033E-02  8.8590E+05  2.0460E-11  1.7634E+07
  2.4920E+01  2.4990E+01  8.7947E-02  8.6052E+05  2.0082E-11  1.7757E+07
  2.5060E+01  2.5130E+01  8.8855E-02  8.3592E+05  1.9710E-11  1.7877E+07
  2.5200E+01  2.5270E+01  8.9765E-02  8.1211E+05  1.9345E-11  1.7996E+07
  2.5340E+01  2.5410E+01  9.0686E-02  7.8909E+05  1.8989E-11  1.8112E+07
  2.5480E+01  2.5550E+01  9.1632E-02  7.6688E+05  1.8647E-11  1.8223E+07
  2.5620E+01  2.5690E+01  9.2623E-02  7.4553E+05  1.8324E-11  1.8328E+07
  2.5760E+01  2.5830E+01  9.3689E-02  7.2509E+05  1.8027E-11  1.8424E+07
  2.5900E+01  2.5970E+01  9.4871E-02  7.0566E+05  1.7765E-11  1.8508E+07
  2.6040E+01  2.6110E+01  9.6230E-02  6.8739E+05  1.7553E-11  1.8574E+07
  2.6180E+01  2.6250E+01  9.7849E-02  6.7048E+05  1.7409E-11  1.8616E+07
  2.6320E+01  2.6390E+01  9.9843E-02  6.5519E+05  1.7359E-11  1.8623E+07
  2.6460E+01  2.6530E+01  1.0236E-01  6.4179E+05  1.7432E-11  1.8585E+07
  2.6600E+01  2.6670E+01  1.0556E-01  6.3057E+05  1.7664E-11  1.8489E+07
  2.6740E+01  2.6810E+01  1.0964E-01  6.2171E+05  1.8089E-11  1.8322E+07
  2.6880E+01  2.6950E+01  1.1478E-01  6.1519E+05  1.8739E-11  1.8076E+07
  2.7020E+01  2.7090E+01  1.2115E-01  6.1057E+05  1.9629E-11  1.7749E+07
  2.7160E+01  2.7230E+01  1.2895E-01  6.0653E+05  2.0756E-11  1.7352E+07
  2.7300E+01  2.7370E+01  1.3890E-01  5.9903E+05  2.2082E-11  1.6905E+07
  2.7440E+01  2.7510E+01  1.5424E-01  5.7499E+05  2.3538E-11  1.6433E+07
  2.7580E+01  2.7650E+01  1.8863E-01  4.9938E+05  2.5008E-11  1.5961E+07
  2.7720E+01  2.7790E+01  2.8824E-01  3.3197E+05  2.5414E-11  1.5494E+07
  2.7860E+01  2.7930E+01  5.5617E-01  1.4251E+05  2.1056E-11  1.4727E+07
  2.8000E+01  2.8070E+01  1.1444E+00  3.8804E+04  1.1797E-11  1.3516E+07
  2.8140E+01  2.8210E+01  2.1847E+00  1.6111E+04  9.3489E-12  1.2205E+07
  2.8280E+01  2.8350E+01  3.7286E+00  1.1439E+04  1.1326E-11  1.1175E+07
  2.8420E+01  2.8490E+01  5.6664E+00  1.0019E+04  1.5072E-11  1.0378E+07
  2.8560E+01  2.8630E+01  7.6961E+00  1.0000E+04  2.0429E-11  9.7238E+06
  2.8700E+01  2.8770E+01  9.3581E+00  1.0000E+04  2.4836E-11  9.1442E+06
  2.8840E+01  2.8910E+01  1.0152E+01  1.0000E+04  2.6939E-11  8.5809E+06
  2.8980E+01  2.9050E+01  9.7396E+00  1.0000E+04  2.5837E-11  7.9854E+06
  2.9120E+01  2.9190E+01  8.1488E+00  1.0000E+04  2.1612E-11  7.3085E+06
  2.9260E+01  2.9330E+01  5.8677E+00  1.1058E+04  1.7204E-11  6.4910E+06
  2.9400E+01  2.9470E+01  3.6565E+00  1.3134E+04  1.2731E-11  5.4651E+06
  2.9540E+01  2.9610E+01  2.1157E+00  1.5551E+04  8.7211E-12  4.1476E+06
  2.9680E+01  2.9750E+01  1.3473E+00  1.4913E+04  5.3276E-12  2.5437E+06
  2.9820E+01  2.9890E+01  1.0646E+00  1.0504E+04  2.9664E-12  9.7743E+05
  2.9960E+01  3.0030E+01  1.0033E+00  1.0000E+04  2.6620E-12  1.0801E+05
  3.0100E+01  3.0170E+01  1.0000E+00  1.0000E+04  2.6534E-12  7.5465E+02
  3.0240E+01  3.0310E+01  1.0000E+00  1.0000E+04  2.6533E-12  2.5016E-01
  3.0380E+01  3.0450E+01  1.0000E+00  1.0000E+04  2.6533E-12  6.4846E-05
  3.0520E+01  3.0590E+01  1.0000E+00  1.0000E+04  2.6533E-12  1.6049E-08
  3.0660E+01  3.0730E+01  1.0000E+00  1.0000E+04  2.6533E-12  6.0984E-24
  3.0800E+01  3.0870E+01  1.0000E+00  1.0000E+04  2.6533E-12  4.1900E-55
  3.0940E+01  3.1010E+01  1.0000E+00  1.0000E+04  2.6533E-12  9.5980-118
  3.1080E+01  3.1150E+01  1.0000E+00  1.0000E+04  2.6533E-12  2.3905-243
  3.1220E+01  3.1290E+01  1.0000E+00  1.0000E+04  2.6533E-12  0.0000E+00
  3.1360E+01  3.1430E+01  1.0000E+00  1.0000E+04  2.6533E-12  0.0000E+00
  3.1500E+01  3.1570E+01  1.0000E+00  1.0000E+04  2.6533E-12  0.0000E+00
  3.1640E+01  3.1710E+01  1.0000E+00  1.0000E+04  2.6533E-12  0.0000E+00
  3.1780E+01  3.1850E+01  1.0000E+00  1.0000E+04  2.6533E-12  0.0000E+00
  3.1920E+01  3.1990E+01  1.0000E+00  1.0000E+04  2.6533E-12  0.0000E+00
  3.2060E+01  3.2130E+01  1.0000E+00  1.0000E+04  2.6533E-12  0.0000E+00
  3.2200E+01  3.2270E+01  1.0000E+00  1.0000E+04  2.6533E-12  0.0000E+00
  3.2340E+01  3.2410E+01  1.0000E+00  1.0000E+04  2.6533E-12  0.0000E+00
  3.2480E+01  3.2550E+01  1.0000E+00  1.0000E+04  2.6533E-12  0.0000E+00
  3.2620E+01  3.2690E+01  1.0000E+00  1.0000E+04  2.6533E-12  0.0000E+00
  3.2760E+01  3.2830E+01  1.0000E+00  1.0000E+04  2.6533E-12  0.0000E+00
  3.2900E+01  3.2970E+01  1.0000E+00  1.0000E+04  2.6533E-12  0.0000E+00
  3.3040E+01  3.3110E+01  1.0000E+00  1.0000E+04  2.6533E-12  0.0000E+00
  3.3180E+01  3.3250E+01  1.0000E+00  1.0000E+04  2.6533E-12  0.0000E+00
  3.3320E+01  3.3390E+01  1.0000E+00  1.0000E+04  2.6533E-12  0.0000E+00
  3.3460E+01  3.3530E+01  1.0000E+00  1.0000E+04  2.6533E-12  0.0000E+00
  3.3600E+01  3.3670E+01  1.0000E+00  1.0000E+04  2.6533E-12  0.0000E+00
  3.3740E+01  3.3810E+01  1.0000E+00  1.0000E+04  2.6533E-12  0.0000E+00
  3.3880E+01  3.3950E+01  1.0000E+00  1.0000E+04  2.6533E-12  0.0000E+00
  3.4020E+01  3.4090E+01  1.0000E+00  1.0000E+04  2.6533E-12  0.0000E+00
  3.4160E+01  3.4230E+01  1.0000E+00  1.0000E+04  2.6533E-12  0.0000E+00
  3.4300E+01  3.4370E+01  1.0000E+00  1.0000E+04  2.6533E-12  0.0000E+00
  3.4440E+01  3.4510E+01  1.0000E+00  1.0000E+04  2.6533E-12  0.0000E+00
  3.4580E+01  3.4650E+01  1.0000E+00  1.0000E+04  2.6533E-12  0.0000E+00
  3.4720E+01  3.4790E+01  1.0000E+00  1.0000E+04  2.6533E-12  0.0000E+00
  3.4860E+01  3.4930E+01  1.0000E+00  1.0000E+04  2.6533E-12  0.0000E+00
  3.5000E+01  3.5070E+01  1.0000E+00  1.0000E+04  2.6533E-12  0.0000E+00
  3.5140E+01  3.5210E+01  1.0000E+00  1.0000E+04  2.6533E-12  0.0000E+00
  3.5280E+01  3.5350E+01  1.0000E+00  1.0000E+04  2.6533E-12  0.0000E+00
  3.5420E+01  3.5490E+01  1.0000E+00  1.0000E+04  2.6533E-12  0.0000E+00
  3.5560E+01  3.5630E+01  1.0000E+00  1.0000E+04  2.6533E-12  0.0000E+00
  3.5700E+01  3.5770E+01  1.0000E+00  1.0000E+04  2.6533E-12  0.0000E+00
  3.5840E+01  3.5910E+01  1.0000E+00  1.0000E+04  2.6533E-12  0.0000E+00
  3.5980E+01  3.6050E+01  1.0000E+00  1.0000E+04  2.6533E-12  0.0000E+00
  3.6120E+01  3.6190E+01  1.0000E+00  1.0000E+04  2.6533E-12  0.0000E+00
  3.6260E+01  3.6330E+01  1.0000E+00  1.0000E+04  2.6533E-12  0.0000E+00
  3.6400E+01  3.6470E+01  1.0000E+00  1.0000E+04  2.6533E-12  0.0000E+00
  3.6540E+01  3.6610E+01  1.0000E+00  1.0000E+04  2.6533E-12  0.0000E+00
  3.6680E+01  3.6750E+01  1.0000E+00  1.0000E+04  2.6533E-12  0.0000E+00
  3.6820E+01  3.6890E+01  1.0000E+00  1.0000E+04  2.6533E-12  0.0000E+00
  3.6960E+01  3.7030E+01  1.0000E+00  1.0000E+04  2.6533E-12  0.0000E+00
  3.7100E+01  3.7170E+01  1.0000E+00  1.0000E+04  2.6533E-12  0.0000E+00
  3.7240E+01  3.7310E+01  1.0000E+00  1.0000E+04  2.6533E-12  0.0000E+00
  3.7380E+01  3.7450E+01  1.0000E+00  1.0000E+04  2.6533E-12  0.0000E+00
  3.7520E+01  3.7590E+01  1.0000E+00  1.0000E+04  2.6533E-12  0.0000E+00
  3.7660E+01  3.7730E+01  1.0000E+00  1.0000E+04  2.6533E-12  0.0000E+00
  3.7800E+01  3.7870E+01  1.0000E+00  1.0000E+04  2.6533E-12  0.0000E+00
  3.7940E+01  3.8010E+01  1.0000E+00  1.0000E+04  2.6533E-12  0.0000E+00
  3.8080E+01  3.8150E+01  1.0000E+00  1.0000E+04  2.6533E-12  0.0000E+00
  3.8220E+01  3.8290E+01  1.0000E+00  1.0000E+04  2.6533E-12  0.0000E+00
  3.8360E+01  3.8430E+01  1.0000E+00  1.0000E+04  2.6533E-12  0.0000E+00
  3.8500E+01  3.8570E+01  1.0000E+00  1.0000E+04  2.6533E-12  0.0000E+00
  3.8640E+01  3.8710E+01  1.0000E+00  1.0000E+04  2.6533E-12  0.0000E+00
  3.8780E+01  3.8850E+01  1.0000E+00  1.0000E+04  2.6533E-12  0.0000E+00
  3.8920E+01  3.8990E+01  1.0000E+00  1.0000E+04  2.6533E-12  0.0000E+00
  3.9060E+01  3.9130E+01  1.0000E+00  1.0000E+04  2.6533E-12  0.0000E+00
  3.9200E+01  3.9270E+01  1.0000E+00  1.0000E+04  2.6533E-12  0.0000E+00
  3.9340E+01  3.9410E+01  1.0000E+00  1.0000E+04  2.6533E-12  0.0000E+00
  3.9480E+01  3.9550E+01  1.0000E+00  1.0000E+04  2.6533E-12  0.0000E+00
  3.9620E+01  3.9690E+01  1.0000E+00  1.0000E+04  2.6533E-12  0.0000E+00
  3.9760E+01  3.9830E+01  1.0000E+00  1.0000E+04  2.6533E-12  0.0000E+00
  3.9900E+01  3.9970E+01  1.0000E+00  1.0000E+04  2.6533E-12  0.0000E+00
  4.0040E+01  4.0110E+01  1.0000E+00  1.0000E+04  2.6533E-12  0.0000E+00
  4.0180E+01  4.0250E+01  1.0000E+00  1.0000E+04  2.6533E-12  0.0000E+00
  4.0320E+01  4.0390E+01  1.0000E+00  1.0000E+04  2.6533E-12  0.0000E+00
  4.0460E+01  4.0530E+01  1.0000E+00  1.0000E+04  2.6533E-12  0.0000E+00
  4.0600E+01  4.0670E+01  1.0000E+00  1.0000E+04  2.6533E-12  0.0000E+00
  4.0740E+01  4.0810E+01  1.0000E+00  1.0000E+04  2.6533E-12  0.0000E+00
  4.0880E+01  4.0950E+01  1.0000E+00  1.0000E+04  2.6533E-12  0.0000E+00
  4.1020E+01  4.1090E+01  1.0000E+00  1.0000E+04  2.6533E-12  0.0000E+00
  4.1160E+01  4.1230E+01  1.0000E+00  1.0000E+04  2.6533E-12  0.0000E+00
  4.1300E+01  4.1370E+01  1.0000E+00  1.0000E+04  2.6533E-12  0.0000E+00
  4.1440E+01  4.1510E+01  1.0000E+00  1.0000E+04  2.6533E-12  0.0000E+00
  4.1580E+01  4.1650E+01  1.0000E+00  1.0000E+04  2.6533E-12  0.0000E+00
  4.1720E+01  4.1790E+01  1.0000E+00  1.0000E+04  2.6533E-12  0.0000E+00
  4.1860E+01  4.1930E+01  1.0000E+00  1.0000E+04  2.6533E-12  0.0000E+00
  4.2000E+01  4.2070E+01  1.0000E+00  1.0000E+04  2.6533E-12  0.0000E+00
  4.2140E+01  4.2210E+01  1.0000E+00  1.0000E+04  2.6533E-12  0.0000E+00
  4.2280E+01  4.2350E+01  1.0000E+00  1.0000E+04  2.6533E-12  0.0000E+00
  4.2420E+01  4.2490E+01  1.0000E+00  1.0000E+04  2.6533E-12  0.0000E+00
  4.2560E+01  4.2630E+01  1.0000E+00  1.0000E+04  2.6533E-12  0.0000E+00
  4.2700E+01  4.2770E+01  1.0000E+00  1.0000E+04  2.6533E-12  0.0000E+00
  4.2840E+01  4.2910E+01  1.0000E+00  1.0000E+04  2.6533E-12  0.0000E+00
  4.2980E+01  4.3050E+01  1.0000E+00  1.0000E+04  2.6533E-12  0.0000E+00
  4.3120E+01  4.3190E+01  1.0000E+00  1.0000E+04  2.6533E-12  0.0000E+00
  4.3260E+01  4.3330E+01  1.0000E+00  1.0000E+04  2.6533E-12  0.0000E+00
  4.3400E+01  4.3470E+01  1.0000E+00  1.0000E+04  2.6533E-12  0.0000E+00
  4.3540E+01  4.3610E+01  1.0000E+00  1.0000E+04  2.6533E-12  0.0000E+00
  4.3680E+01  4.3750E+01  1.0000E+00  1.0000E+04  2.6533E-12  0.0000E+00
  4.3820E+01  4.3890E+01  1.0000E+00  1.0000E+04  2.6533E-12  0.0000E+00
  4.3960E+01  4.4030E+01  1.0000E+00  1.0000E+04  2.6533E-12  0.0000E+00
  4.4100E+01  4.4170E+01  1.0000E+00  1.0000E+04  2.6533E-12  0.0000E+00
  4.4240E+01  4.4310E+01  1.0000E+00  1.0000E+04  2.6533E-12  0.0000E+00
  4.4380E+01  4.4450E+01  1.0000E+00  1.0000E+04  2.6533E-12  0.0000E+00
  4.4520E+01  4.4590E+01  1.0000E+00  1.0000E+04  2.6533E-12  0.0000E+00
  4.4660E+01  4.4730E+01  1.0000E+00  1.0000E+04  2.6533E-12  0.0000E+00
  4.4800E+01  4.4870E+01  1.0000E+00  1.0000E+04  2.6533E-12  0.0000E+00
  4.4940E+01  4.5010E+01  1.0000E+00  1.0000E+04  2.6533E-12  0.0000E+00
  4.5080E+01  4.5150E+01  1.0000E+00  1.0000E+04  2.6533E-12  0.0000E+00
  4.5220E+01  4.5290E+01  1.0000E+00  1.0000E+04  2.6533E-12  0.0000E+00
  4.5360E+01  4.5430E+01  1.0000E+00  1.0000E+04  2.6533E-12  0.0000E+00
  4.5500E+01  4.5570E+01  1.0000E+00  1.0000E+04  2.6533E-12  0.0000E+00
  4.5640E+01  4.5710E+01  1.0000E+00  1.0000E+04  2.6533E-12  0.0000E+00
  4.5780E+01  4.5850E+01  1.0000E+00  1.0000E+04  2.6533E-12  0.0000E+00
  4.5920E+01  4.5990E+01  1.0000E+00  1.0000E+04  2.6533E-12  0.0000E+00
  4.6060E+01  4.6130E+01  1.0000E+00  1.0000E+04  2.6533E-12  0.0000E+00
  4.6200E+01  4.6270E+01  1.0000E+00  1.0000E+04  2.6533E-12  0.0000E+00
  4.6340E+01  4.6410E+01  1.0000E+00  1.0000E+04  2.6533E-12  0.0000E+00
  4.6480E+01  4.6550E+01  1.0000E+00  1.0000E+04  2.6533E-12  0.0000E+00
  4.6620E+01  4.6690E+01  1.0000E+00  1.0000E+04  2.6533E-12  0.0000E+00
  4.6760E+01  4.6830E+01  1.0000E+00  1.0000E+04  2.6533E-12  0.0000E+00
  4.6900E+01  4.6970E+01  1.0000E+00  1.0000E+04  2.6533E-12  0.0000E+00
  4.7040E+01  4.7110E+01  1.0000E+00  1.0000E+04  2.6533E-12  0.0000E+00
  4.7180E+01  4.7250E+01  1.0000E+00  1.0000E+04  2.6533E-12  0.0000E+00
  4.7320E+01  4.7390E+01  1.0000E+00  1.0000E+04  2.6533E-12  0.0000E+00
  4.7460E+01  4.7530E+01  1.0000E+00  1.0000E+04  2.6533E-12  0.0000E+00
  4.7600E+01  4.7670E+01  1.0000E+00  1.0000E+04  2.6533E-12  0.0000E+00
  4.7740E+01  4.7810E+01  1.0000E+00  1.0000E+04  2.6533E-12  0.0000E+00
  4.7880E+01  4.7950E+01  1.0000E+00  1.0000E+04  2.6533E-12  0.0000E+00
  4.8020E+01  4.8090E+01  1.0000E+00  1.0000E+04  2.6533E-12  0.0000E+00
  4.8160E+01  4.8230E+01  1.0000E+00  1.0000E+04  2.6533E-12  0.0000E+00
  4.8300E+01  4.8370E+01  1.0000E+00  1.0000E+04  2.6533E-12  0.0000E+00
  4.8440E+01  4.8510E+01  1.0000E+00  1.0000E+04  2.6533E-12  0.0000E+00
  4.8580E+01  4.8650E+01  1.0000E+00  1.0000E+04  2.6533E-12  0.0000E+00
  4.8720E+01  4.8790E+01  1.0000E+00  1.0000E+04  2.6533E-12  0.0000E+00
  4.8860E+01  4.8930E+01  1.0000E+00  1.0000E+04  2.6533E-12  0.0000E+00
  4.9000E+01  4.9070E+01  1.0000E+00  1.0000E+04  2.6533E-12  0.0000E+00
  4.9140E+01  4.9210E+01  1.0000E+00  1.0000E+04  2.6533E-12  0.0000E+00
  4.9280E+01  4.9350E+01  1.0000E+00  1.0000E+04  2.6533E-12  0.0000E+00
  4.9420E+01  4.9490E+01  1.0000E+00  1.0000E+04  2.6533E-12  0.0000E+00
  4.9560E+01  4.9630E+01  1.0000E+00  1.0000E+04  2.6533E-12  0.0000E+00
  4.9700E+01  4.9770E+01  1.0000E+00  1.0000E+04  2.6533E-12  0.0000E+00
  4.9840E+01  4.9910E+01  1.0000E+00  1.0000E+04  2.6533E-12  0.0000E+00
  4.9980E+01  5.0050E+01  1.0000E+00  1.0000E+04  2.6533E-12  0.0000E+00
  5.0120E+01  5.0190E+01  1.0000E+00  1.0000E+04  2.6533E-12  0.0000E+00
  5.0260E+01  5.0330E+01  1.0000E+00  1.0000E+04  2.6533E-12  0.0000E+00
  5.0400E+01  5.0470E+01  1.0000E+00  1.0000E+04  2.6533E-12  0.0000E+00
  5.0540E+01  5.0610E+01  1.0000E+00  1.0000E+04  2.6533E-12  0.0000E+00
  5.0680E+01  5.0750E+01  1.0000E+00  1.0000E+04  2.6533E-12  0.0000E+00
  5.0820E+01  5.0890E+01  1.0000E+00  1.0000E+04  2.6533E-12  0.0000E+00
  5.0960E+01  5.1030E+01  1.0000E+00  1.0000E+04  2.6533E-12  0.0000E+00
  5.1100E+01  5.1170E+01  1.0000E+00  1.0000E+04  2.6533E-12  0.0000E+00
  5.1240E+01  5.1310E+01  1.0000E+00  1.0000E+04  2.6533E-12  0.0000E+00
  5.1380E+01  5.1450E+01  1.0000E+00  1.0000E+04  2.6533E-12  0.0000E+00
  5.1520E+01  5.1590E+01  1.0000E+00  1.0000E+04  2.6533E-12  0.0000E+00
  5.1660E+01  5.1730E+01  1.0000E+00  1.0000E+04  2.6533E-12  0.0000E+00
  5.1800E+01  5.1870E+01  1.0000E+00  1.0000E+04  2.6533E-12  0.0000E+00
  5.1940E+01  5.2010E+01  1.0000E+00  1.0000E+04  2.6533E-12  0.0000E+00
  5.2080E+01  5.2150E+01  1.0000E+00  1.0000E+04  2.6533E-12  0.0000E+00
  5.2220E+01  5.2290E+01  1.0000E+00  1.0000E+04  2.6533E-12  0.0000E+00
  5.2360E+01  5.2430E+01  1.0000E+00  1.0000E+04  2.6533E-12  0.0000E+00
  5.2500E+01  5.2570E+01  1.0000E+00  1.0000E+04  2.6533E-12  0.0000E+00
  5.2640E+01  5.2710E+01  1.0000E+00  1.0000E+04  2.6533E-12  0.0000E+00
  5.2780E+01  5.2850E+01  1.0000E+00  1.0000E+04  2.6533E-12  0.0000E+00
  5.2920E+01  5.2990E+01  1.0000E+00  1.0000E+04  2.6533E-12  0.0000E+00
  5.3060E+01  5.3130E+01  1.0000E+00  1.0000E+04  2.6533E-12  0.0000E+00
  5.3200E+01  5.3270E+01  1.0000E+00  1.0000E+04  2.6533E-12  0.0000E+00
  5.3340E+01  5.3410E+01  1.0000E+00  1.0000E+04  2.6533E-12  0.0000E+00
  5.3480E+01  5.3550E+01  1.0000E+00  1.0000E+04  2.6533E-12  0.0000E+00
  5.3620E+01  5.3690E+01  1.0000E+00  1.0000E+04  2.6533E-12  0.0000E+00
  5.3760E+01  5.3830E+01  1.0000E+00  1.0000E+04  2.6533E-12  0.0000E+00
  5.3900E+01  5.3970E+01  1.0000E+00  1.0000E+04  2.6533E-12  0.0000E+00
  5.4040E+01  5.4110E+01  1.0000E+00  1.0000E+04  2.6533E-12  0.0000E+00
  5.4180E+01  5.4250E+01  1.0000E+00  1.0000E+04  2.6533E-12  0.0000E+00
  5.4320E+01  5.4390E+01  1.0000E+00  1.0000E+04  2.6533E-12  0.0000E+00
  5.4460E+01  5.4530E+01  1.0000E+00  1.0000E+04  2.6533E-12  0.0000E+00
  5.4600E+01  5.4670E+01  1.0000E+00  1.0000E+04  2.6533E-12  0.0000E+00
  5.4740E+01  5.4810E+01  1.0000E+00  1.0000E+04  2.6533E-12  0.0000E+00
  5.4880E+01  5.4950E+01  1.0000E+00  1.0000E+04  2.6533E-12  0.0000E+00
  5.5020E+01  5.5090E+01  1.0000E+00  1.0000E+04  2.6533E-12  0.0000E+00
  5.5160E+01  5.5230E+01  1.0000E+00  1.0000E+04  2.6533E-12  0.0000E+00
  5.5300E+01  5.5370E+01  1.0000E+00  1.0000E+04  2.6533E-12  0.0000E+00
  5.5440E+01  5.5510E+01  1.0000E+00  1.0000E+04  2.6533E-12  0.0000E+00
  5.5580E+01  5.5650E+01  1.0000E+00  1.0000E+04  2.6533E-12  0.0000E+00
  5.5720E+01  5.5790E+01  1.0000E+00  1.0000E+04  2.6533E-12  0.0000E+00
  5.5860E+01  5.5930E+01  1.0000E+00  1.0000E+04  2.6533E-12  0.0000E+00
  5.6000E+01  5.6070E+01  1.0000E+00  1.0000E+04  2.6533E-12  0.0000E+00
  5.6140E+01  5.6210E+01  1.0000E+00  1.0000E+04  2.6533E-12  0.0000E+00
  5.6280E+01  5.6350E+01  1.0000E+00  1.0000E+04  2.6533E-12  0.0000E+00
  5.6420E+01  5.6490E+01  1.0000E+00  1.0000E+04  2.6533E-12  0.0000E+00
  5.6560E+01  5.6630E+01  1.0000E+00  1.0000E+04  2.6533E-12  0.0000E+00
  5.6700E+01  5.6770E+01  1.0000E+00  1.0000E+04  2.6533E-12  0.0000E+00
  5.6840E+01  5.6910E+01  1.0000E+00  1.0000E+04  2.6533E-12  0.0000E+00
  5.6980E+01  5.7050E+01  1.0000E+00  1.0000E+04  2.6533E-12  0.0000E+00
  5.7120E+01  5.7190E+01  1.0000E+00  1.0000E+04  2.6533E-12  0.0000E+00
  5.7260E+01  5.7330E+01  1.0000E+00  1.0000E+04  2.6533E-12  0.0000E+00
  5.7400E+01  5.7470E+01  1.0000E+00  1.0000E+04  2.6533E-12  0.0000E+00
  5.7540E+01  5.7610E+01  1.0000E+00  1.0000E+04  2.6533E-12  0.0000E+00
  5.7680E+01  5.7750E+01  1.0000E+00  1.0000E+04  2.6533E-12  0.0000E+00
  5.7820E+01  5.7890E+01  1.0000E+00  1.0000E+04  2.6533E-12  0.0000E+00
  5.7960E+01  5.8030E+01  1.0000E+00  1.0000E+04  2.6533E-12  0.0000E+00
  5.8100E+01  5.8170E+01  1.0000E+00  1.0000E+04  2.6533E-12  0.0000E+00
  5.8240E+01  5.8310E+01  1.0000E+00  1.0000E+04  2.6533E-12  0.0000E+00
  5.8380E+01  5.8450E+01  1.0000E+00  1.0000E+04  2.6533E-12  0.0000E+00
  5.8520E+01  5.8590E+01  1.0000E+00  1.0000E+04  2.6533E-12  0.0000E+00
  5.8660E+01  5.8730E+01  1.0000E+00  1.0000E+04  2.6533E-12  0.0000E+00
  5.8800E+01  5.8870E+01  1.0000E+00  1.0000E+04  2.6533E-12  0.0000E+00
  5.8940E+01  5.9010E+01  1.0000E+00  1.0000E+04  2.6533E-12  0.0000E+00
  5.9080E+01  5.9150E+01  1.0000E+00  1.0000E+04  2.6533E-12  0.0000E+00
  5.9220E+01  5.9290E+01  1.0000E+00  1.0000E+04  2.6533E-12  0.0000E+00
  5.9360E+01  5.9430E+01  1.0000E+00  1.0000E+04  2.6533E-12  0.0000E+00
  5.9500E+01  5.9570E+01  1.0000E+00  1.0000E+04  2.6533E-12  0.0000E+00
  5.9640E+01  5.9710E+01  1.0000E+00  1.0000E+04  2.6533E-12  0.0000E+00
  5.9780E+01  5.9850E+01  1.0000E+00  1.0000E+04  2.6533E-12  0.0000E+00
  5.9920E+01  5.9990E+01  1.0000E+00  1.0000E+04  2.6533E-12  0.0000E+00
  6.0060E+01  6.0130E+01  1.0000E+00  1.0000E+04  2.6533E-12  0.0000E+00
  6.0200E+01  6.0270E+01  1.0000E+00  1.0000E+04  2.6533E-12  0.0000E+00
  6.0340E+01  6.0410E+01  1.0000E+00  1.0000E+04  2.6533E-12  0.0000E+00
  6.0480E+01  6.0550E+01  1.0000E+00  1.0000E+04  2.6533E-12  0.0000E+00
  6.0620E+01  6.0690E+01  1.0000E+00  1.0000E+04  2.6533E-12  0.0000E+00
  6.0760E+01  6.0830E+01  1.0000E+00  1.0000E+04  2.6533E-12  0.0000E+00
  6.0900E+01  6.0970E+01  1.0000E+00  1.0000E+04  2.6533E-12  0.0000E+00
  6.1040E+01  6.1110E+01  1.0000E+00  1.0000E+04  2.6533E-12  0.0000E+00
  6.1180E+01  6.1250E+01  1.0000E+00  1.0000E+04  2.6533E-12  0.0000E+00
  6.1320E+01  6.1390E+01  1.0000E+00  1.0000E+04  2.6533E-12  0.0000E+00
  6.1460E+01  6.1530E+01  1.0000E+00  1.0000E+04  2.6533E-12  0.0000E+00
  6.1600E+01  6.1670E+01  1.0000E+00  1.0000E+04  2.6533E-12  0.0000E+00
  6.1740E+01  6.1810E+01  1.0000E+00  1.0000E+04  2.6533E-12  0.0000E+00
  6.1880E+01  6.1950E+01  1.0000E+00  1.0000E+04  2.6533E-12  0.0000E+00
  6.2020E+01  6.2090E+01  1.0000E+00  1.0000E+04  2.6533E-12  0.0000E+00
  6.2160E+01  6.2230E+01  1.0000E+00  1.0000E+04  2.6533E-12  0.0000E+00
  6.2300E+01  6.2370E+01  1.0000E+00  1.0000E+04  2.6533E-12  0.0000E+00
  6.2440E+01  6.2510E+01  1.0000E+00  1.0000E+04  2.6533E-12  0.0000E+00
  6.2580E+01  6.2650E+01  1.0000E+00  1.0000E+04  2.6533E-12  0.0000E+00
  6.2720E+01  6.2790E+01  1.0000E+00  1.0000E+04  2.6533E-12  0.0000E+00
  6.2860E+01  6.2930E+01  1.0000E+00  1.0000E+04  2.6533E-12  0.0000E+00
  6.3000E+01  6.3070E+01  1.0000E+00  1.0000E+04  2.6533E-12  0.0000E+00
  6.3140E+01  6.3210E+01  1.0000E+00  1.0000E+04  2.6533E-12  0.0000E+00
  6.3280E+01  6.3350E+01  1.0000E+00  1.0000E+04  2.6533E-12  0.0000E+00
  6.3420E+01  6.3490E+01  1.0000E+00  1.0000E+04  2.6533E-12  0.0000E+00
  6.3560E+01  6.3630E+01  1.0000E+00  1.0000E+04  2.6533E-12  0.0000E+00
  6.3700E+01  6.3770E+01  1.0000E+00  1.0000E+04  2.6533E-12  0.0000E+00
  6.3840E+01  6.3910E+01  1.0000E+00  1.0000E+04  2.6533E-12  0.0000E+00
  6.3980E+01  6.4050E+01  1.0000E+00  1.0000E+04  2.6533E-12  0.0000E+00
  6.4120E+01  6.4190E+01  1.0000E+00  1.0000E+04  2.6533E-12  0.0000E+00
  6.4260E+01  6.4330E+01  1.0000E+00  1.0000E+04  2.6533E-12  0.0000E+00
  6.4400E+01  6.4470E+01  1.0000E+00  1.0000E+04  2.6533E-12  0.0000E+00
  6.4540E+01  6.4610E+01  1.0000E+00  1.0000E+04  2.6533E-12  0.0000E+00
  6.4680E+01  6.4750E+01  1.0000E+00  1.0000E+04  2.6533E-12  0.0000E+00
  6.4820E+01  6.4890E+01  1.0000E+00  1.0000E+04  2.6533E-12  0.0000E+00
  6.4960E+01  6.5030E+01  1.0000E+00  1.0000E+04  2.6533E-12  0.0000E+00
  6.5100E+01  6.5170E+01  1.0000E+00  1.0000E+04  2.6533E-12  0.0000E+00
  6.5240E+01  6.5310E+01  1.0000E+00  1.0000E+04  2.6533E-12  0.0000E+00
  6.5380E+01  6.5450E+01  1.0000E+00  1.0000E+04  2.6533E-12  0.0000E+00
  6.5520E+01  6.5590E+01  1.0000E+00  1.0000E+04  2.6533E-12  0.0000E+00
  6.5660E+01  6.5730E+01  1.0000E+00  1.0000E+04  2.6533E-12  0.0000E+00
  6.5800E+01  6.5870E+01  1.0000E+00  1.0000E+04  2.6533E-12  0.0000E+00
  6.5940E+01  6.6010E+01  1.0000E+00  1.0000E+04  2.6533E-12  0.0000E+00
  6.6080E+01  6.6150E+01  1.0000E+00  1.0000E+04  2.6533E-12  0.0000E+00
  6.6220E+01  6.6290E+01  1.0000E+00  1.0000E+04  2.6533E-12  0.0000E+00
  6.6360E+01  6.6430E+01  1.0000E+00  1.0000E+04  2.6533E-12  0.0000E+00
  6.6500E+01  6.6570E+01  1.0000E+00  1.0000E+04  2.6533E-12  0.0000E+00
  6.6640E+01  6.6710E+01  1.0000E+00  1.0000E+04  2.6533E-12  0.0000E+00
  6.6780E+01  6.6850E+01  1.0000E+00  1.0000E+04  2.6533E-12  0.0000E+00
  6.6920E+01  6.6990E+01  1.0000E+00  1.0000E+04  2.6533E-12  0.0000E+00
  6.7060E+01  6.7130E+01  1.0000E+00  1.0000E+04  2.6533E-12  0.0000E+00
  6.7200E+01  6.7270E+01  1.0000E+00  1.0000E+04  2.6533E-12  0.0000E+00
  6.7340E+01  6.7410E+01  1.0000E+00  1.0000E+04  2.6533E-12  0.0000E+00
  6.7480E+01  6.7550E+01  1.0000E+00  1.0000E+04  2.6533E-12  0.0000E+00
  6.7620E+01  6.7690E+01  1.0000E+00  1.0000E+04  2.6533E-12  0.0000E+00
  6.7760E+01  6.7830E+01  1.0000E+00  1.0000E+04  2.6533E-12  0.0000E+00
  6.7900E+01  6.7970E+01  1.0000E+00  1.0000E+04  2.6533E-12  0.0000E+00
  6.8040E+01  6.8110E+01  1.0000E+00  1.0000E+04  2.6533E-12  0.0000E+00
  6.8180E+01  6.8250E+01  1.0000E+00  1.0000E+04  2.6533E-12  0.0000E+00
  6.8320E+01  6.8390E+01  1.0000E+00  1.0000E+04  2.6533E-12  0.0000E+00
  6.8460E+01  6.8530E+01  1.0000E+00  1.0000E+04  2.6533E-12  0.0000E+00
  6.8600E+01  6.8670E+01  1.0000E+00  1.0000E+04  2.6533E-12  0.0000E+00
  6.8740E+01  6.8810E+01  1.0000E+00  1.0000E+04  2.6533E-12  0.0000E+00
  6.8880E+01  6.8950E+01  1.0000E+00  1.0000E+04  2.6533E-12  0.0000E+00
  6.9020E+01  6.9090E+01  1.0000E+00  1.0000E+04  2.6533E-12  0.0000E+00
  6.9160E+01  6.9230E+01  1.0000E+00  1.0000E+04  2.6533E-12  0.0000E+00
  6.9300E+01  6.9370E+01  1.0000E+00  1.0000E+04  2.6533E-12  0.0000E+00
  6.9440E+01  6.9510E+01  1.0000E+00  1.0000E+04  2.6533E-12  0.0000E+00
  6.9580E+01  6.9650E+01  1.0000E+00  1.0000E+04  2.6533E-12  0.0000E+00
  6.9720E+01  6.9790E+01  1.0000E+00  1.0000E+04  2.6533E-12  0.0000E+00
