 -1.4000E-01 -7.0000E-02  5.0434E-06  1.8088E+09  2.4372E-12 -2.8753E+06
  0.0000E+00  7.0000E-02  5.0434E-06  1.8088E+09  2.4372E-12  0.0000E+00
  1.4000E-01  2.1000E-01  7.8493E-06  1.1757E+09  2.4509E-12  2.8753E+06
  2.8000E-01  3.5000E-01  9.0434E-06  1.0066E+09  2.4241E-12  1.1515E+06
  4.2000E-01  4.9000E-01  1.0180E-05  9.0473E+08  2.4478E-12  3.6917E+06
  5.6000E-01  6.3000E-01  1.1191E-05  8.1824E+08  2.4370E-12  3.4877E+06
  7.0000E-01  7.7000E-01  1.2254E-05  7.4996E+08  2.4441E-12  5.1630E+06
  8.4000E-01  9.1000E-01  1.3302E-05  6.9129E+08  2.4466E-12  5.7930E+06
  9.8000E-01  1.0500E+00  1.4371E-05  6.4069E+08  2.4497E-12  6.9629E+06
  1.1200E+00  1.1900E+00  1.5473E-05  5.9641E+08  2.4554E-12  7.9542E+06
  1.2600E+00  1.3300E+00  1.6605E-05  5.5696E+08  2.4611E-12  9.0213E+06
  1.4000E+00  1.4700E+00  1.7779E-05  5.2165E+08  2.4682E-12  1.0107E+07
  1.5400E+00  1.6100E+00  1.9004E-05  4.8992E+08  2.4780E-12  1.1277E+07
  1.6800E+00  1.7500E+00  2.0267E-05  4.6095E+08  2.4867E-12  1.2440E+07
  1.8200E+00  1.8900E+00  2.1608E-05  4.3493E+08  2.5023E-12  1.3665E+07
  1.9600E+00  2.0300E+00  2.2993E-05  4.1089E+08  2.5149E-12  1.5135E+07
  2.1000E+00  2.1700E+00  2.4451E-05  3.8897E+08  2.5338E-12  1.6253E+07
  2.2400E+00  2.3100E+00  2.6032E-05  3.6931E+08  2.5606E-12  1.8216E+07
  2.3800E+00  2.4500E+00  2.7613E-05  3.5043E+08  2.5774E-12  1.9698E+07
  2.5200E+00  2.5900E+00  2.9369E-05  3.3375E+08  2.6146E-12  2.1148E+07
  2.6600E+00  2.7300E+00  3.1328E-05  3.1897E+08  2.6643E-12  2.4097E+07
  2.8000E+00  2.8700E+00  3.3212E-05  3.0395E+08  2.6899E-12  2.6199E+07
  2.9400E+00  3.0100E+00  3.5324E-05  2.9072E+08  2.7450E-12  2.7535E+07
  3.0800E+00  3.1500E+00  3.8204E-05  2.8149E+08  2.8813E-12  3.2353E+07
  3.2200E+00  3.2900E+00  4.1080E-05  2.7146E+08  2.9699E-12  3.8947E+07
  3.3600E+00  3.4300E+00  4.2281E-05  2.5433E+08  2.8356E-12  3.8167E+07
  3.5000E+00  3.5700E+00  4.1535E-05  2.3163E+08  2.5197E-12  2.7215E+07
  3.6400E+00  3.7100E+00  3.9907E-05  2.0923E+08  2.1867E-12  9.8471E+06
  3.7800E+00  3.8500E+00  3.8854E-05  1.9254E+08  1.9687E-12 -6.9751E+06
  3.9200E+00  3.9900E+00  3.8721E-05  1.8063E+08  1.8468E-12 -1.6555E+07
  4.0600E+00  4.1300E+00  3.9082E-05  1.7120E+08  1.7690E-12 -2.1077E+07
  4.2000E+00  4.2700E+00  3.9625E-05  1.6297E+08  1.7082E-12 -2.3673E+07
  4.3400E+00  4.4100E+00  4.0253E-05  1.5551E+08  1.6563E-12 -2.5506E+07
  4.4800E+00  4.5500E+00  4.0941E-05  1.4866E+08  1.6108E-12 -2.6892E+07
  4.6200E+00  4.6900E+00  4.1679E-05  1.4233E+08  1.5702E-12 -2.7952E+07
  4.7600E+00  4.8300E+00  4.2461E-05  1.3644E+08  1.5337E-12 -2.8762E+07
  4.9000E+00  4.9700E+00  4.3283E-05  1.3095E+08  1.5006E-12 -2.9371E+07
  5.0400E+00  5.1100E+00  4.4143E-05  1.2580E+08  1.4705E-12 -2.9819E+07
  5.1800E+00  5.2500E+00  4.5039E-05  1.2097E+08  1.4428E-12 -3.0135E+07
  5.3200E+00  5.3900E+00  4.5969E-05  1.1642E+08  1.4174E-12 -3.0343E+07
  5.4600E+00  5.5300E+00  4.6932E-05  1.1213E+08  1.3938E-12 -3.0461E+07
  5.6000E+00  5.6700E+00  4.7928E-05  1.0807E+08  1.3719E-12 -3.0504E+07
  5.7400E+00  5.8100E+00  4.8955E-05  1.0422E+08  1.3516E-12 -3.0485E+07
  5.8800E+00  5.9500E+00  5.0013E-05  1.0058E+08  1.3326E-12 -3.0413E+07
  6.0200E+00  6.0900E+00  5.1102E-05  9.7115E+07  1.3148E-12 -3.0297E+07
  6.1600E+00  6.2300E+00  5.2221E-05  9.3820E+07  1.2981E-12 -3.0144E+07
  6.3000E+00  6.3700E+00  5.3371E-05  9.0682E+07  1.2824E-12 -2.9961E+07
  6.4400E+00  6.5100E+00  5.4551E-05  8.7690E+07  1.2675E-12 -2.9751E+07
  6.5800E+00  6.6500E+00  5.5762E-05  8.4835E+07  1.2535E-12 -2.9520E+07
  6.7200E+00  6.7900E+00  5.7003E-05  8.2107E+07  1.2403E-12 -2.9270E+07
  6.8600E+00  6.9300E+00  5.8275E-05  7.9498E+07  1.2277E-12 -2.9006E+07
  7.0000E+00  7.0700E+00  5.9578E-05  7.7002E+07  1.2158E-12 -2.8729E+07
  7.1400E+00  7.2100E+00  6.0912E-05  7.4611E+07  1.2045E-12 -2.8441E+07
  7.2800E+00  7.3500E+00  6.2277E-05  7.2319E+07  1.1937E-12 -2.8146E+07
  7.4200E+00  7.4900E+00  6.3674E-05  7.0121E+07  1.1834E-12 -2.7844E+07
  7.5600E+00  7.6300E+00  6.5102E-05  6.8010E+07  1.1736E-12 -2.7537E+07
  7.7000E+00  7.7700E+00  6.6563E-05  6.5984E+07  1.1642E-12 -2.7226E+07
  7.8400E+00  7.9100E+00  6.8056E-05  6.4036E+07  1.1552E-12 -2.6913E+07
  7.9800E+00  8.0500E+00  6.9582E-05  6.2163E+07  1.1466E-12 -2.6598E+07
  8.1200E+00  8.1900E+00  7.1141E-05  6.0361E+07  1.1383E-12 -2.6281E+07
  8.2600E+00  8.3300E+00  7.2734E-05  5.8627E+07  1.1304E-12 -2.5964E+07
  8.4000E+00  8.4700E+00  7.4361E-05  5.6956E+07  1.1228E-12 -2.5648E+07
  8.5400E+00  8.6100E+00  7.6023E-05  5.5346E+07  1.1155E-12 -2.5332E+07
  8.6800E+00  8.7500E+00  7.7720E-05  5.3795E+07  1.1084E-12 -2.5017E+07
  8.8200E+00  8.8900E+00  7.9452E-05  5.2298E+07  1.1016E-12 -2.4704E+07
  8.9600E+00  9.0300E+00  8.1220E-05  5.0854E+07  1.0951E-12 -2.4393E+07
  9.1000E+00  9.1700E+00  8.3025E-05  4.9461E+07  1.0888E-12 -2.4084E+07
  9.2400E+00  9.3100E+00  8.4866E-05  4.8115E+07  1.0826E-12 -2.3777E+07
  9.3800E+00  9.4500E+00  8.6745E-05  4.6815E+07  1.0767E-12 -2.3473E+07
  9.5200E+00  9.5900E+00  8.8663E-05  4.5559E+07  1.0710E-12 -2.3172E+07
  9.6600E+00  9.7300E+00  9.0619E-05  4.4345E+07  1.0655E-12 -2.2874E+07
  9.8000E+00  9.8700E+00  9.2614E-05  4.3171E+07  1.0602E-12 -2.2578E+07
  9.9400E+00  1.0010E+01  9.4648E-05  4.2035E+07  1.0550E-12 -2.2286E+07
  1.0080E+01  1.0150E+01  9.6724E-05  4.0937E+07  1.0499E-12 -2.1997E+07
  1.0220E+01  1.0290E+01  9.8840E-05  3.9873E+07  1.0451E-12 -2.1711E+07
  1.0360E+01  1.0430E+01  1.0100E-04  3.8844E+07  1.0403E-12 -2.1428E+07
  1.0500E+01  1.0570E+01  1.0320E-04  3.7847E+07  1.0357E-12 -2.1149E+07
  1.0640E+01  1.0710E+01  1.0544E-04  3.6882E+07  1.0312E-12 -2.0873E+07
  1.0780E+01  1.0850E+01  1.0773E-04  3.5946E+07  1.0269E-12 -2.0600E+07
  1.0920E+01  1.0990E+01  1.1006E-04  3.5039E+07  1.0227E-12 -2.0331E+07
  1.1060E+01  1.1130E+01  1.1243E-04  3.4160E+07  1.0185E-12 -2.0066E+07
  1.1200E+01  1.1270E+01  1.1486E-04  3.3308E+07  1.0145E-12 -1.9803E+07
  1.1340E+01  1.1410E+01  1.1732E-04  3.2481E+07  1.0106E-12 -1.9544E+07
  1.1480E+01  1.1550E+01  1.1984E-04  3.1679E+07  1.0068E-12 -1.9288E+07
  1.1620E+01  1.1690E+01  1.2240E-04  3.0901E+07  1.0031E-12 -1.9036E+07
  1.1760E+01  1.1830E+01  1.2501E-04  3.0146E+07  9.9948E-13 -1.8786E+07
  1.1900E+01  1.1970E+01  1.2767E-04  2.9414E+07  9.9595E-13 -1.8540E+07
  1.2040E+01  1.2110E+01  1.3038E-04  2.8702E+07  9.9250E-13 -1.8298E+07
  1.2180E+01  1.2250E+01  1.3314E-04  2.8011E+07  9.8913E-13 -1.8058E+07
  1.2320E+01  1.2390E+01  1.3596E-04  2.7340E+07  9.8583E-13 -1.7822E+07
  1.2460E+01  1.2530E+01  1.3882E-04  2.6688E+07  9.8262E-13 -1.7588E+07
  1.2600E+01  1.2670E+01  1.4174E-04  2.6054E+07  9.7947E-13 -1.7358E+07
  1.2740E+01  1.2810E+01  1.4471E-04  2.5439E+07  9.7639E-13 -1.7130E+07
  1.2880E+01  1.2950E+01  1.4774E-04  2.4840E+07  9.7338E-13 -1.6906E+07
  1.3020E+01  1.3090E+01  1.5082E-04  2.4259E+07  9.7043E-13 -1.6684E+07
  1.3160E+01  1.3230E+01  1.5396E-04  2.3693E+07  9.6754E-13 -1.6466E+07
  1.3300E+01  1.3370E+01  1.5716E-04  2.3143E+07  9.6471E-13 -1.6250E+07
  1.3440E+01  1.3510E+01  1.6041E-04  2.2608E+07  9.6194E-13 -1.6036E+07
  1.3580E+01  1.3650E+01  1.6373E-04  2.2088E+07  9.5922E-13 -1.5826E+07
  1.3720E+01  1.3790E+01  1.6710E-04  2.1582E+07  9.5656E-13 -1.5618E+07
  1.3860E+01  1.3930E+01  1.7054E-04  2.1089E+07  9.5395E-13 -1.5413E+07
  1.4000E+01  1.4070E+01  1.7403E-04  2.0610E+07  9.5139E-13 -1.5210E+07
  1.4140E+01  1.4210E+01  1.7759E-04  2.0143E+07  9.4887E-13 -1.5010E+07
  1.4280E+01  1.4350E+01  1.8121E-04  1.9689E+07  9.4641E-13 -1.4812E+07
  1.4420E+01  1.4490E+01  1.8490E-04  1.9247E+07  9.4399E-13 -1.4617E+07
  1.4560E+01  1.4630E+01  1.8866E-04  1.8816E+07  9.4161E-13 -1.4424E+07
  1.4700E+01  1.4770E+01  1.9248E-04  1.8397E+07  9.3927E-13 -1.4234E+07
  1.4840E+01  1.4910E+01  1.9636E-04  1.7989E+07  9.3697E-13 -1.4046E+07
  1.4980E+01  1.5050E+01  2.0032E-04  1.7591E+07  9.3472E-13 -1.3860E+07
  1.5120E+01  1.5190E+01  2.0434E-04  1.7203E+07  9.3250E-13 -1.3676E+07
  1.5260E+01  1.5330E+01  2.0844E-04  1.6826E+07  9.3032E-13 -1.3495E+07
  1.5400E+01  1.5470E+01  2.1261E-04  1.6458E+07  9.2817E-13 -1.3315E+07
  1.5540E+01  1.5610E+01  2.1685E-04  1.6099E+07  9.2607E-13 -1.3138E+07
  1.5680E+01  1.5750E+01  2.2116E-04  1.5750E+07  9.2399E-13 -1.2963E+07
  1.5820E+01  1.5890E+01  2.2555E-04  1.5409E+07  9.2195E-13 -1.2790E+07
  1.5960E+01  1.6030E+01  2.3001E-04  1.5077E+07  9.1994E-13 -1.2618E+07
  1.6100E+01  1.6170E+01  2.3456E-04  1.4753E+07  9.1796E-13 -1.2449E+07
  1.6240E+01  1.6310E+01  2.3918E-04  1.4437E+07  9.1601E-13 -1.2282E+07
  1.6380E+01  1.6450E+01  2.4387E-04  1.4129E+07  9.1409E-13 -1.2116E+07
  1.6520E+01  1.6590E+01  2.4865E-04  1.3829E+07  9.1220E-13 -1.1953E+07
  1.6660E+01  1.6730E+01  2.5351E-04  1.3536E+07  9.1033E-13 -1.1791E+07
  1.6800E+01  1.6870E+01  2.5846E-04  1.3250E+07  9.0850E-13 -1.1631E+07
  1.6940E+01  1.7010E+01  2.6348E-04  1.2972E+07  9.0669E-13 -1.1472E+07
  1.7080E+01  1.7150E+01  2.6860E-04  1.2700E+07  9.0491E-13 -1.1316E+07
  1.7220E+01  1.7290E+01  2.7380E-04  1.2434E+07  9.0315E-13 -1.1161E+07
  1.7360E+01  1.7430E+01  2.7908E-04  1.2175E+07  9.0142E-13 -1.1008E+07
  1.7500E+01  1.7570E+01  2.8446E-04  1.1923E+07  8.9971E-13 -1.0856E+07
  1.7640E+01  1.7710E+01  2.8992E-04  1.1676E+07  8.9802E-13 -1.0706E+07
  1.7780E+01  1.7850E+01  2.9548E-04  1.1435E+07  8.9636E-13 -1.0558E+07
  1.7920E+01  1.7990E+01  3.0113E-04  1.1200E+07  8.9472E-13 -1.0411E+07
  1.8060E+01  1.8130E+01  3.0687E-04  1.0971E+07  8.9311E-13 -1.0265E+07
  1.8200E+01  1.8270E+01  3.1271E-04  1.0746E+07  8.9152E-13 -1.0121E+07
  1.8340E+01  1.8410E+01  3.1865E-04  1.0528E+07  8.8995E-13 -9.9790E+06
  1.8480E+01  1.8550E+01  3.2468E-04  1.0314E+07  8.8840E-13 -9.8381E+06
  1.8620E+01  1.8690E+01  3.3081E-04  1.0105E+07  8.8687E-13 -9.6986E+06
  1.8760E+01  1.8830E+01  3.3705E-04  9.9014E+06  8.8536E-13 -9.5604E+06
  1.8900E+01  1.8970E+01  3.4339E-04  9.7024E+06  8.8387E-13 -9.4237E+06
  1.9040E+01  1.9110E+01  3.4983E-04  9.5079E+06  8.8241E-13 -9.2883E+06
  1.9180E+01  1.9250E+01  3.5637E-04  9.3179E+06  8.8096E-13 -9.1543E+06
  1.9320E+01  1.9390E+01  3.6303E-04  9.1322E+06  8.7953E-13 -9.0216E+06
  1.9460E+01  1.9530E+01  3.6979E-04  8.9509E+06  8.7812E-13 -8.8901E+06
  1.9600E+01  1.9670E+01  3.7666E-04  8.7736E+06  8.7673E-13 -8.7599E+06
  1.9740E+01  1.9810E+01  3.8364E-04  8.6004E+06  8.7536E-13 -8.6309E+06
  1.9880E+01  1.9950E+01  3.9074E-04  8.4311E+06  8.7400E-13 -8.5032E+06
  2.0020E+01  2.0090E+01  3.9795E-04  8.2656E+06  8.7266E-13 -8.3766E+06
  2.0160E+01  2.0230E+01  4.0528E-04  8.1039E+06  8.7134E-13 -8.2513E+06
  2.0300E+01  2.0370E+01  4.1272E-04  7.9458E+06  8.7004E-13 -8.1270E+06
  2.0440E+01  2.0510E+01  4.2029E-04  7.7912E+06  8.6875E-13 -8.0039E+06
  2.0580E+01  2.0650E+01  4.2797E-04  7.6401E+06  8.6748E-13 -7.8819E+06
  2.0720E+01  2.0790E+01  4.3578E-04  7.4923E+06  8.6623E-13 -7.7610E+06
  2.0860E+01  2.0930E+01  4.4371E-04  7.3478E+06  8.6499E-13 -7.6411E+06
  2.1000E+01  2.1070E+01  4.5177E-04  7.2065E+06  8.6377E-13 -7.5223E+06
  2.1140E+01  2.1210E+01  4.5996E-04  7.0684E+06  8.6257E-13 -7.4046E+06
  2.1280E+01  2.1350E+01  4.6828E-04  6.9332E+06  8.6138E-13 -7.2879E+06
  2.1420E+01  2.1490E+01  4.7673E-04  6.8010E+06  8.6020E-13 -7.1721E+06
  2.1560E+01  2.1630E+01  4.8531E-04  6.6717E+06  8.5904E-13 -7.0574E+06
  2.1700E+01  2.1770E+01  4.9403E-04  6.5452E+06  8.5790E-13 -6.9437E+06
  2.1840E+01  2.1910E+01  5.0289E-04  6.4215E+06  8.5677E-13 -6.8309E+06
  2.1980E+01  2.2050E+01  5.1189E-04  6.3004E+06  8.5566E-13 -6.7191E+06
  2.2120E+01  2.2190E+01  5.2103E-04  6.1819E+06  8.5457E-13 -6.6083E+06
  2.2260E+01  2.2330E+01  5.3031E-04  6.0660E+06  8.5349E-13 -6.4984E+06
  2.2400E+01  2.2470E+01  5.3974E-04  5.9526E+06  8.5243E-13 -6.3895E+06
  2.2540E+01  2.2610E+01  5.4932E-04  5.8416E+06  8.5138E-13 -6.2815E+06
  2.2680E+01  2.2750E+01  5.5905E-04  5.7330E+06  8.5036E-13 -6.1744E+06
  2.2820E+01  2.2890E+01  5.6894E-04  5.6267E+06  8.4934E-13 -6.0681E+06
  2.2960E+01  2.3030E+01  5.7898E-04  5.5226E+06  8.4834E-13 -5.9628E+06
  2.3100E+01  2.3170E+01  5.8917E-04  5.4208E+06  8.4736E-13 -5.8583E+06
  2.3240E+01  2.3310E+01  5.9952E-04  5.3210E+06  8.4640E-13 -5.7547E+06
  2.3380E+01  2.3450E+01  6.1004E-04  5.2234E+06  8.4544E-13 -5.6518E+06
  2.3520E+01  2.3590E+01  6.2072E-04  5.1279E+06  8.4450E-13 -5.5498E+06
  2.3660E+01  2.3730E+01  6.3156E-04  5.0343E+06  8.4358E-13 -5.4485E+06
  2.3800E+01  2.3870E+01  6.4257E-04  4.9427E+06  8.4267E-13 -5.3480E+06
  2.3940E+01  2.4010E+01  6.5375E-04  4.8530E+06  8.4177E-13 -5.2482E+06
  2.4080E+01  2.4150E+01  6.6511E-04  4.7651E+06  8.4089E-13 -5.1491E+06
  2.4220E+01  2.4290E+01  6.7663E-04  4.6791E+06  8.4002E-13 -5.0508E+06
  2.4360E+01  2.4430E+01  6.8834E-04  4.5948E+06  8.3916E-13 -4.9531E+06
  2.4500E+01  2.4570E+01  7.0022E-04  4.5123E+06  8.3831E-13 -4.8562E+06
  2.4640E+01  2.4710E+01  7.1229E-04  4.4314E+06  8.3749E-13 -4.7599E+06
  2.4780E+01  2.4850E+01  7.2454E-04  4.3522E+06  8.3667E-13 -4.6644E+06
  2.4920E+01  2.4990E+01  7.3698E-04  4.2747E+06  8.3587E-13 -4.5696E+06
  2.5060E+01  2.5130E+01  7.4961E-04  4.1987E+06  8.3509E-13 -4.4755E+06
  2.5200E+01  2.5270E+01  7.6243E-04  4.1243E+06  8.3432E-13 -4.3820E+06
  2.5340E+01  2.5410E+01  7.7545E-04  4.0514E+06  8.3357E-13 -4.2893E+06
  2.5480E+01  2.5550E+01  7.8867E-04  3.9800E+06  8.3284E-13 -4.1973E+06
  2.5620E+01  2.5690E+01  8.0209E-04  3.9100E+06  8.3212E-13 -4.1060E+06
  2.5760E+01  2.5830E+01  8.1571E-04  3.8415E+06  8.3142E-13 -4.0153E+06
  2.5900E+01  2.5970E+01  8.2954E-04  3.7743E+06  8.3074E-13 -3.9253E+06
  2.6040E+01  2.6110E+01  8.4358E-04  3.7085E+06  8.3007E-13 -3.8358E+06
  2.6180E+01  2.6250E+01  8.5783E-04  3.6440E+06  8.2941E-13 -3.7470E+06
  2.6320E+01  2.6390E+01  8.7230E-04  3.5808E+06  8.2876E-13 -3.6587E+06
  2.6460E+01  2.6530E+01  8.8697E-04  3.5188E+06  8.2812E-13 -3.5709E+06
  2.6600E+01  2.6670E+01  9.0187E-04  3.4581E+06  8.2750E-13 -3.4836E+06
  2.6740E+01  2.6810E+01  9.1699E-04  3.3985E+06  8.2689E-13 -3.3968E+06
  2.6880E+01  2.6950E+01  9.3233E-04  3.3402E+06  8.2629E-13 -3.3106E+06
  2.7020E+01  2.7090E+01  9.4790E-04  3.2830E+06  8.2570E-13 -3.2248E+06
  2.7160E+01  2.7230E+01  9.6371E-04  3.2269E+06  8.2513E-13 -3.1396E+06
  2.7300E+01  2.7370E+01  9.7975E-04  3.1719E+06  8.2457E-13 -3.0549E+06
  2.7440E+01  2.7510E+01  9.9604E-04  3.1180E+06  8.2403E-13 -2.9708E+06
  2.7580E+01  2.7650E+01  1.0126E-03  3.0652E+06  8.2351E-13 -2.8873E+06
  2.7720E+01  2.7790E+01  1.0294E-03  3.0133E+06  8.2302E-13 -2.8044E+06
  2.7860E+01  2.7930E+01  1.0464E-03  2.9625E+06  8.2253E-13 -2.7221E+06
  2.8000E+01  2.8070E+01  1.0637E-03  2.9127E+06  8.2207E-13 -2.6404E+06
  2.8140E+01  2.8210E+01  1.0813E-03  2.8638E+06  8.2162E-13 -2.5591E+06
  2.8280E+01  2.8350E+01  1.0991E-03  2.8159E+06  8.2119E-13 -2.4784E+06
  2.8420E+01  2.8490E+01  1.1172E-03  2.7689E+06  8.2077E-13 -2.3980E+06
  2.8560E+01  2.8630E+01  1.1355E-03  2.7227E+06  8.2036E-13 -2.3181E+06
  2.8700E+01  2.8770E+01  1.1542E-03  2.6774E+06  8.1995E-13 -2.2385E+06
  2.8840E+01  2.8910E+01  1.1731E-03  2.6330E+06  8.1956E-13 -2.1592E+06
  2.8980E+01  2.9050E+01  1.1923E-03  2.5893E+06  8.1917E-13 -2.0804E+06
  2.9120E+01  2.9190E+01  1.2118E-03  2.5465E+06  8.1880E-13 -2.0019E+06
  2.9260E+01  2.9330E+01  1.2316E-03  2.5045E+06  8.1845E-13 -1.9238E+06
  2.9400E+01  2.9470E+01  1.2517E-03  2.4633E+06  8.1812E-13 -1.8463E+06
  2.9540E+01  2.9610E+01  1.2721E-03  2.4228E+06  8.1781E-13 -1.7693E+06
  2.9680E+01  2.9750E+01  1.2929E-03  2.3831E+06  8.1752E-13 -1.6929E+06
  2.9820E+01  2.9890E+01  1.3140E-03  2.3441E+06  8.1726E-13 -1.6171E+06
  2.9960E+01  3.0030E+01  1.3354E-03  2.3058E+06  8.1703E-13 -1.5418E+06
  3.0100E+01  3.0170E+01  1.3572E-03  2.2682E+06  8.1681E-13 -1.4670E+06
  3.0240E+01  3.0310E+01  1.3793E-03  2.2313E+06  8.1659E-13 -1.3925E+06
  3.0380E+01  3.0450E+01  1.4017E-03  2.1950E+06  8.1639E-13 -1.3183E+06
  3.0520E+01  3.0590E+01  1.4245E-03  2.1594E+06  8.1619E-13 -1.2443E+06
  3.0660E+01  3.0730E+01  1.4476E-03  2.1243E+06  8.1599E-13 -1.1705E+06
  3.0800E+01  3.0870E+01  1.4712E-03  2.0899E+06  8.1581E-13 -1.0970E+06
  3.0940E+01  3.1010E+01  1.4951E-03  2.0560E+06  8.1564E-13 -1.0238E+06
  3.1080E+01  3.1150E+01  1.5194E-03  2.0227E+06  8.1550E-13 -9.5100E+05
  3.1220E+01  3.1290E+01  1.5442E-03  1.9900E+06  8.1538E-13 -8.7879E+05
  3.1360E+01  3.1430E+01  1.5695E-03  1.9577E+06  8.1530E-13 -8.0722E+05
  3.1500E+01  3.1570E+01  1.5952E-03  1.9260E+06  8.1526E-13 -7.3629E+05
  3.1640E+01  3.1710E+01  1.6215E-03  1.8948E+06  8.1524E-13 -6.6591E+05
  3.1780E+01  3.1850E+01  1.6483E-03  1.8640E+06  8.1524E-13 -5.9597E+05
  3.1920E+01  3.1990E+01  1.6757E-03  1.8335E+06  8.1524E-13 -5.2629E+05
  3.2060E+01  3.2130E+01  1.7037E-03  1.8033E+06  8.1525E-13 -4.5673E+05
  3.2200E+01  3.2270E+01  1.7326E-03  1.7733E+06  8.1525E-13 -3.8724E+05
  3.2340E+01  3.2410E+01  1.7624E-03  1.7434E+06  8.1526E-13 -3.1781E+05
  3.2480E+01  3.2550E+01  1.7928E-03  1.7138E+06  8.1528E-13 -2.4862E+05
  3.2620E+01  3.2690E+01  1.8238E-03  1.6848E+06  8.1533E-13 -1.7983E+05
  3.2760E+01  3.2830E+01  1.8555E-03  1.6562E+06  8.1542E-13 -1.1166E+05
  3.2900E+01  3.2970E+01  1.8882E-03  1.6278E+06  8.1557E-13 -4.4225E+04
  3.3040E+01  3.3110E+01  1.9203E-03  1.6010E+06  8.1577E-13  2.2491E+04
  3.3180E+01  3.3250E+01  1.9525E-03  1.5751E+06  8.1601E-13  8.8619E+04
  3.3320E+01  3.3390E+01  1.9852E-03  1.5496E+06  8.1626E-13  1.5441E+05
  3.3460E+01  3.3530E+01  2.0185E-03  1.5245E+06  8.1651E-13  2.2010E+05
  3.3600E+01  3.3670E+01  2.0523E-03  1.4998E+06  8.1675E-13  2.8588E+05
  3.3740E+01  3.3810E+01  2.0867E-03  1.4755E+06  8.1698E-13  3.5174E+05
  3.3880E+01  3.3950E+01  2.1217E-03  1.4516E+06  8.1723E-13  4.1753E+05
  3.4020E+01  3.4090E+01  2.1573E-03  1.4281E+06  8.1752E-13  4.8296E+05
  3.4160E+01  3.4230E+01  2.1937E-03  1.4051E+06  8.1786E-13  5.4770E+05
  3.4300E+01  3.4370E+01  2.2307E-03  1.3824E+06  8.1828E-13  6.1156E+05
  3.4440E+01  3.4510E+01  2.2684E-03  1.3603E+06  8.1876E-13  6.7455E+05
  3.4580E+01  3.4650E+01  2.3067E-03  1.3385E+06  8.1927E-13  7.3689E+05
  3.4720E+01  3.4790E+01  2.3456E-03  1.3171E+06  8.1979E-13  7.9899E+05
  3.4860E+01  3.4930E+01  2.3851E-03  1.2961E+06  8.2029E-13  8.6122E+05
  3.5000E+01  3.5070E+01  2.4251E-03  1.2755E+06  8.2076E-13  9.2376E+05
  3.5140E+01  3.5210E+01  2.4657E-03  1.2552E+06  8.2123E-13  9.8651E+05
  3.5280E+01  3.5350E+01  2.5069E-03  1.2353E+06  8.2174E-13  1.0491E+06
  3.5420E+01  3.5490E+01  2.5488E-03  1.2159E+06  8.2233E-13  1.1109E+06
  3.5560E+01  3.5630E+01  2.5915E-03  1.1969E+06  8.2302E-13  1.1717E+06
  3.5700E+01  3.5770E+01  2.6349E-03  1.1782E+06  8.2380E-13  1.2313E+06
  3.5840E+01  3.5910E+01  2.6791E-03  1.1600E+06  8.2463E-13  1.2900E+06
  3.5980E+01  3.6050E+01  2.7239E-03  1.1420E+06  8.2546E-13  1.3486E+06
  3.6120E+01  3.6190E+01  2.7693E-03  1.1244E+06  8.2624E-13  1.4075E+06
  3.6260E+01  3.6330E+01  2.8152E-03  1.1070E+06  8.2697E-13  1.4671E+06
  3.6400E+01  3.6470E+01  2.8617E-03  1.0900E+06  8.2770E-13  1.5271E+06
  3.6540E+01  3.6610E+01  2.9090E-03  1.0733E+06  8.2850E-13  1.5868E+06
  3.6680E+01  3.6750E+01  2.9574E-03  1.0570E+06  8.2944E-13  1.6453E+06
  3.6820E+01  3.6890E+01  3.0067E-03  1.0410E+06  8.3053E-13  1.7021E+06
  3.6960E+01  3.7030E+01  3.0571E-03  1.0253E+06  8.3174E-13  1.7575E+06
  3.7100E+01  3.7170E+01  3.1083E-03  1.0099E+06  8.3296E-13  1.8123E+06
  3.7240E+01  3.7310E+01  3.1600E-03  9.9471E+05  8.3410E-13  1.8675E+06
  3.7380E+01  3.7450E+01  3.2124E-03  9.7972E+05  8.3513E-13  1.9239E+06
  3.7520E+01  3.7590E+01  3.2654E-03  9.6494E+05  8.3611E-13  1.9814E+06
  3.7660E+01  3.7730E+01  3.3194E-03  9.5044E+05  8.3717E-13  2.0388E+06
  3.7800E+01  3.7870E+01  3.3747E-03  9.3626E+05  8.3843E-13  2.0946E+06
  3.7940E+01  3.8010E+01  3.4316E-03  9.2242E+05  8.3994E-13  2.1481E+06
  3.8080E+01  3.8150E+01  3.4898E-03  9.0885E+05  8.4163E-13  2.1992E+06
  3.8220E+01  3.8290E+01  3.5490E-03  8.9547E+05  8.4331E-13  2.2495E+06
  3.8360E+01  3.8430E+01  3.6088E-03  8.8219E+05  8.4481E-13  2.3010E+06
  3.8500E+01  3.8570E+01  3.6693E-03  8.6896E+05  8.4609E-13  2.3547E+06
  3.8640E+01  3.8710E+01  3.7314E-03  8.5572E+05  8.4729E-13  2.4099E+06
  3.8780E+01  3.8850E+01  3.7970E-03  8.4228E+05  8.4866E-13  2.4648E+06
  3.8920E+01  3.8990E+01  3.8707E-03  8.2794E+05  8.5039E-13  2.5170E+06
  3.9060E+01  3.9130E+01  3.9639E-03  8.1053E+05  8.5255E-13  2.5653E+06
  3.9200E+01  3.9270E+01  4.1098E-03  7.8393E+05  8.5496E-13  2.6104E+06
  3.9340E+01  3.9410E+01  4.4150E-03  7.3166E+05  8.5726E-13  2.6556E+06
  3.9480E+01  3.9550E+01  5.2383E-03  6.1804E+05  8.5935E-13  2.7046E+06
  3.9620E+01  3.9690E+01  7.8514E-03  4.1345E+05  8.6198E-13  2.7580E+06
  3.9760E+01  3.9830E+01  1.6844E-02  1.9406E+05  8.6835E-13  2.8097E+06
  3.9900E+01  3.9970E+01  4.7240E-02  7.0319E+04  8.8259E-13  2.8227E+06
  4.0040E+01  4.0110E+01  1.1886E-01  2.4613E+04  7.7699E-13  2.6797E+06
  4.0180E+01  4.0250E+01  2.2892E-01  1.4732E+04  8.9548E-13  2.3180E+06
  4.0320E+01  4.0390E+01  3.6342E-01  1.1418E+04  1.1016E-12  2.1067E+06
  4.0460E+01  4.0530E+01  4.9970E-01  1.0096E+04  1.3391E-12  1.9906E+06
  4.0600E+01  4.0670E+01  6.2312E-01  1.0000E+04  1.6539E-12  1.9285E+06
  4.0740E+01  4.0810E+01  7.3873E-01  1.0000E+04  1.9606E-12  1.9290E+06
  4.0880E+01  4.0950E+01  8.5150E-01  1.0000E+04  2.2599E-12  1.9567E+06
  4.1020E+01  4.1090E+01  9.6449E-01  1.0000E+04  2.5597E-12  1.9934E+06
  4.1160E+01  4.1230E+01  1.0802E+00  1.0000E+04  2.8666E-12  2.0327E+06
  4.1300E+01  4.1370E+01  1.2010E+00  1.0000E+04  3.1874E-12  2.0725E+06
  4.1440E+01  4.1510E+01  1.3299E+00  1.0000E+04  3.5294E-12  2.1131E+06
  4.1580E+01  4.1650E+01  1.4698E+00  1.0000E+04  3.9006E-12  2.1552E+06
  4.1720E+01  4.1790E+01  1.6236E+00  1.0000E+04  4.3088E-12  2.1998E+06
  4.1860E+01  4.1930E+01  1.7940E+00  1.0000E+04  4.7612E-12  2.2471E+06
  4.2000E+01  4.2070E+01  1.9834E+00  1.0000E+04  5.2637E-12  2.2972E+06
  4.2140E+01  4.2210E+01  2.1935E+00  1.0000E+04  5.8215E-12  2.3497E+06
  4.2280E+01  4.2350E+01  2.4259E+00  1.0000E+04  6.4383E-12  2.4041E+06
  4.2420E+01  4.2490E+01  2.6818E+00  1.0000E+04  7.1173E-12  2.4597E+06
  4.2560E+01  4.2630E+01  2.9618E+00  1.0000E+04  7.8607E-12  2.5158E+06
  4.2700E+01  4.2770E+01  3.2667E+00  1.0000E+04  8.6697E-12  2.5719E+06
  4.2840E+01  4.2910E+01  3.5964E+00  1.0000E+04  9.5447E-12  2.6274E+06
  4.2980E+01  4.3050E+01  3.9505E+00  1.0000E+04  1.0485E-11  2.6818E+06
  4.3120E+01  4.3190E+01  4.3278E+00  1.0000E+04  1.1486E-11  2.7346E+06
  4.3260E+01  4.3330E+01  4.7258E+00  1.0000E+04  1.2542E-11  2.7853E+06
  4.3400E+01  4.3470E+01  5.1401E+00  1.0000E+04  1.3642E-11  2.8331E+06
  4.3540E+01  4.3610E+01  5.5632E+00  1.0000E+04  1.4764E-11  2.8772E+06
  4.3680E+01  4.3750E+01  5.9829E+00  1.0000E+04  1.5878E-11  2.9163E+06
  4.3820E+01  4.3890E+01  6.3792E+00  1.0000E+04  1.6929E-11  2.9485E+06
  4.3960E+01  4.4030E+01  6.7193E+00  1.0000E+04  1.7831E-11  2.9706E+06
  4.4100E+01  4.4170E+01  6.9518E+00  1.0000E+04  1.8447E-11  2.9776E+06
  4.4240E+01  4.4310E+01  7.0035E+00  1.0000E+04  1.8583E-11  2.9623E+06
  4.4380E+01  4.4450E+01  6.7847E+00  1.0000E+04  1.8000E-11  2.9145E+06
  4.4520E+01  4.4590E+01  6.2123E+00  1.0000E+04  1.6478E-11  2.8205E+06
  4.4660E+01  4.4730E+01  5.2613E+00  1.0000E+04  1.3952E-11  2.6614E+06
  4.4800E+01  4.4870E+01  4.0348E+00  1.0000E+04  1.0696E-11  2.4127E+06
  4.4940E+01  4.5010E+01  2.7897E+00  1.0076E+04  7.4502E-12  2.0453E+06
  4.5080E+01  4.5150E+01  1.8366E+00  1.0760E+04  5.2375E-12  1.5432E+06
  4.5220E+01  4.5290E+01  1.2939E+00  1.0550E+04  3.6193E-12  9.4402E+05
  4.5360E+01  4.5430E+01  1.0602E+00  1.0000E+04  2.8122E-12  3.6625E+05
  4.5500E+01  4.5570E+01  1.0037E+00  1.0000E+04  2.6629E-12  4.4539E+04
  4.5640E+01  4.5710E+01  1.0000E+00  1.0000E+04  2.6534E-12  6.2828E+02
  4.5780E+01  4.5850E+01  1.0000E+00  1.0000E+04  2.6533E-12  2.2774E+00
  4.5920E+01  4.5990E+01  1.0000E+00  1.0000E+04  2.6533E-12  7.6922E-03
  4.6060E+01  4.6130E+01  1.0000E+00  1.0000E+04  2.6533E-12  2.5758E-05
  4.6200E+01  4.6270E+01  1.0000E+00  1.0000E+04  2.6533E-12  8.3911E-08
  4.6340E+01  4.6410E+01  1.0000E+00  1.0000E+04  2.6533E-12  6.0869E-22
  4.6480E+01  4.6550E+01  1.0000E+00  1.0000E+04  2.6533E-12  1.5259E-50
  4.6620E+01  4.6690E+01  1.0000E+00  1.0000E+04  2.6533E-12  4.6567-108
  4.6760E+01  4.6830E+01  1.0000E+00  1.0000E+04  2.6533E-12  2.0584-223
  4.6900E+01  4.6970E+01  1.0000E+00  1.0000E+04  2.6533E-12  0.0000E+00
  4.7040E+01  4.7110E+01  1.0000E+00  1.0000E+04  2.6533E-12  0.0000E+00
  4.7180E+01  4.7250E+01  1.0000E+00  1.0000E+04  2.6533E-12  0.0000E+00
  4.7320E+01  4.7390E+01  1.0000E+00  1.0000E+04  2.6533E-12  0.0000E+00
  4.7460E+01  4.7530E+01  1.0000E+00  1.0000E+04  2.6533E-12  0.0000E+00
  4.7600E+01  4.7670E+01  1.0000E+00  1.0000E+04  2.6533E-12  0.0000E+00
  4.7740E+01  4.7810E+01  1.0000E+00  1.0000E+04  2.6533E-12  0.0000E+00
  4.7880E+01  4.7950E+01  1.0000E+00  1.0000E+04  2.6533E-12  0.0000E+00
  4.8020E+01  4.8090E+01  1.0000E+00  1.0000E+04  2.6533E-12  0.0000E+00
  4.8160E+01  4.8230E+01  1.0000E+00  1.0000E+04  2.6533E-12  0.0000E+00
  4.8300E+01  4.8370E+01  1.0000E+00  1.0000E+04  2.6533E-12  0.0000E+00
  4.8440E+01  4.8510E+01  1.0000E+00  1.0000E+04  2.6533E-12  0.0000E+00
  4.8580E+01  4.8650E+01  1.0000E+00  1.0000E+04  2.6533E-12  0.0000E+00
  4.8720E+01  4.8790E+01  1.0000E+00  1.0000E+04  2.6533E-12  0.0000E+00
  4.8860E+01  4.8930E+01  1.0000E+00  1.0000E+04  2.6533E-12  0.0000E+00
  4.9000E+01  4.9070E+01  1.0000E+00  1.0000E+04  2.6533E-12  0.0000E+00
  4.9140E+01  4.9210E+01  1.0000E+00  1.0000E+04  2.6533E-12  0.0000E+00
  4.9280E+01  4.9350E+01  1.0000E+00  1.0000E+04  2.6533E-12  0.0000E+00
  4.9420E+01  4.9490E+01  1.0000E+00  1.0000E+04  2.6533E-12  0.0000E+00
  4.9560E+01  4.9630E+01  1.0000E+00  1.0000E+04  2.6533E-12  0.0000E+00
  4.9700E+01  4.9770E+01  1.0000E+00  1.0000E+04  2.6533E-12  0.0000E+00
  4.9840E+01  4.9910E+01  1.0000E+00  1.0000E+04  2.6533E-12  0.0000E+00
  4.9980E+01  5.0050E+01  1.0000E+00  1.0000E+04  2.6533E-12  0.0000E+00
  5.0120E+01  5.0190E+01  1.0000E+00  1.0000E+04  2.6533E-12  0.0000E+00
  5.0260E+01  5.0330E+01  1.0000E+00  1.0000E+04  2.6533E-12  0.0000E+00
  5.0400E+01  5.0470E+01  1.0000E+00  1.0000E+04  2.6533E-12  0.0000E+00
  5.0540E+01  5.0610E+01  1.0000E+00  1.0000E+04  2.6533E-12  0.0000E+00
  5.0680E+01  5.0750E+01  1.0000E+00  1.0000E+04  2.6533E-12  0.0000E+00
  5.0820E+01  5.0890E+01  1.0000E+00  1.0000E+04  2.6533E-12  0.0000E+00
  5.0960E+01  5.1030E+01  1.0000E+00  1.0000E+04  2.6533E-12  0.0000E+00
  5.1100E+01  5.1170E+01  1.0000E+00  1.0000E+04  2.6533E-12  0.0000E+00
  5.1240E+01  5.1310E+01  1.0000E+00  1.0000E+04  2.6533E-12  0.0000E+00
  5.1380E+01  5.1450E+01  1.0000E+00  1.0000E+04  2.6533E-12  0.0000E+00
  5.1520E+01  5.1590E+01  1.0000E+00  1.0000E+04  2.6533E-12  0.0000E+00
  5.1660E+01  5.1730E+01  1.0000E+00  1.0000E+04  2.6533E-12  0.0000E+00
  5.1800E+01  5.1870E+01  1.0000E+00  1.0000E+04  2.6533E-12  0.0000E+00
  5.1940E+01  5.2010E+01  1.0000E+00  1.0000E+04  2.6533E-12  0.0000E+00
  5.2080E+01  5.2150E+01  1.0000E+00  1.0000E+04  2.6533E-12  0.0000E+00
  5.2220E+01  5.2290E+01  1.0000E+00  1.0000E+04  2.6533E-12  0.0000E+00
  5.2360E+01  5.2430E+01  1.0000E+00  1.0000E+04  2.6533E-12  0.0000E+00
  5.2500E+01  5.2570E+01  1.0000E+00  1.0000E+04  2.6533E-12  0.0000E+00
  5.2640E+01  5.2710E+01  1.0000E+00  1.0000E+04  2.6533E-12  0.0000E+00
  5.2780E+01  5.2850E+01  1.0000E+00  1.0000E+04  2.6533E-12  0.0000E+00
  5.2920E+01  5.2990E+01  1.0000E+00  1.0000E+04  2.6533E-12  0.0000E+00
  5.3060E+01  5.3130E+01  1.0000E+00  1.0000E+04  2.6533E-12  0.0000E+00
  5.3200E+01  5.3270E+01  1.0000E+00  1.0000E+04  2.6533E-12  0.0000E+00
  5.3340E+01  5.3410E+01  1.0000E+00  1.0000E+04  2.6533E-12  0.0000E+00
  5.3480E+01  5.3550E+01  1.0000E+00  1.0000E+04  2.6533E-12  0.0000E+00
  5.3620E+01  5.3690E+01  1.0000E+00  1.0000E+04  2.6533E-12  0.0000E+00
  5.3760E+01  5.3830E+01  1.0000E+00  1.0000E+04  2.6533E-12  0.0000E+00
  5.3900E+01  5.3970E+01  1.0000E+00  1.0000E+04  2.6533E-12  0.0000E+00
  5.4040E+01  5.4110E+01  1.0000E+00  1.0000E+04  2.6533E-12  0.0000E+00
  5.4180E+01  5.4250E+01  1.0000E+00  1.0000E+04  2.6533E-12  0.0000E+00
  5.4320E+01  5.4390E+01  1.0000E+00  1.0000E+04  2.6533E-12  0.0000E+00
  5.4460E+01  5.4530E+01  1.0000E+00  1.0000E+04  2.6533E-12  0.0000E+00
  5.4600E+01  5.4670E+01  1.0000E+00  1.0000E+04  2.6533E-12  0.0000E+00
  5.4740E+01  5.4810E+01  1.0000E+00  1.0000E+04  2.6533E-12  0.0000E+00
  5.4880E+01  5.4950E+01  1.0000E+00  1.0000E+04  2.6533E-12  0.0000E+00
  5.5020E+01  5.5090E+01  1.0000E+00  1.0000E+04  2.6533E-12  0.0000E+00
  5.5160E+01  5.5230E+01  1.0000E+00  1.0000E+04  2.6533E-12  0.0000E+00
  5.5300E+01  5.5370E+01  1.0000E+00  1.0000E+04  2.6533E-12  0.0000E+00
  5.5440E+01  5.5510E+01  1.0000E+00  1.0000E+04  2.6533E-12  0.0000E+00
  5.5580E+01  5.5650E+01  1.0000E+00  1.0000E+04  2.6533E-12  0.0000E+00
  5.5720E+01  5.5790E+01  1.0000E+00  1.0000E+04  2.6533E-12  0.0000E+00
  5.5860E+01  5.5930E+01  1.0000E+00  1.0000E+04  2.6533E-12  0.0000E+00
  5.6000E+01  5.6070E+01  1.0000E+00  1.0000E+04  2.6533E-12  0.0000E+00
  5.6140E+01  5.6210E+01  1.0000E+00  1.0000E+04  2.6533E-12  0.0000E+00
  5.6280E+01  5.6350E+01  1.0000E+00  1.0000E+04  2.6533E-12  0.0000E+00
  5.6420E+01  5.6490E+01  1.0000E+00  1.0000E+04  2.6533E-12  0.0000E+00
  5.6560E+01  5.6630E+01  1.0000E+00  1.0000E+04  2.6533E-12  0.0000E+00
  5.6700E+01  5.6770E+01  1.0000E+00  1.0000E+04  2.6533E-12  0.0000E+00
  5.6840E+01  5.6910E+01  1.0000E+00  1.0000E+04  2.6533E-12  0.0000E+00
  5.6980E+01  5.7050E+01  1.0000E+00  1.0000E+04  2.6533E-12  0.0000E+00
  5.7120E+01  5.7190E+01  1.0000E+00  1.0000E+04  2.6533E-12  0.0000E+00
  5.7260E+01  5.7330E+01  1.0000E+00  1.0000E+04  2.6533E-12  0.0000E+00
  5.7400E+01  5.7470E+01  1.0000E+00  1.0000E+04  2.6533E-12  0.0000E+00
  5.7540E+01  5.7610E+01  1.0000E+00  1.0000E+04  2.6533E-12  0.0000E+00
  5.7680E+01  5.7750E+01  1.0000E+00  1.0000E+04  2.6533E-12  0.0000E+00
  5.7820E+01  5.7890E+01  1.0000E+00  1.0000E+04  2.6533E-12  0.0000E+00
  5.7960E+01  5.8030E+01  1.0000E+00  1.0000E+04  2.6533E-12  0.0000E+00
  5.8100E+01  5.8170E+01  1.0000E+00  1.0000E+04  2.6533E-12  0.0000E+00
  5.8240E+01  5.8310E+01  1.0000E+00  1.0000E+04  2.6533E-12  0.0000E+00
  5.8380E+01  5.8450E+01  1.0000E+00  1.0000E+04  2.6533E-12  0.0000E+00
  5.8520E+01  5.8590E+01  1.0000E+00  1.0000E+04  2.6533E-12  0.0000E+00
  5.8660E+01  5.8730E+01  1.0000E+00  1.0000E+04  2.6533E-12  0.0000E+00
  5.8800E+01  5.8870E+01  1.0000E+00  1.0000E+04  2.6533E-12  0.0000E+00
  5.8940E+01  5.9010E+01  1.0000E+00  1.0000E+04  2.6533E-12  0.0000E+00
  5.9080E+01  5.9150E+01  1.0000E+00  1.0000E+04  2.6533E-12  0.0000E+00
  5.9220E+01  5.9290E+01  1.0000E+00  1.0000E+04  2.6533E-12  0.0000E+00
  5.9360E+01  5.9430E+01  1.0000E+00  1.0000E+04  2.6533E-12  0.0000E+00
  5.9500E+01  5.9570E+01  1.0000E+00  1.0000E+04  2.6533E-12  0.0000E+00
  5.9640E+01  5.9710E+01  1.0000E+00  1.0000E+04  2.6533E-12  0.0000E+00
  5.9780E+01  5.9850E+01  1.0000E+00  1.0000E+04  2.6533E-12  0.0000E+00
  5.9920E+01  5.9990E+01  1.0000E+00  1.0000E+04  2.6533E-12  0.0000E+00
  6.0060E+01  6.0130E+01  1.0000E+00  1.0000E+04  2.6533E-12  0.0000E+00
  6.0200E+01  6.0270E+01  1.0000E+00  1.0000E+04  2.6533E-12  0.0000E+00
  6.0340E+01  6.0410E+01  1.0000E+00  1.0000E+04  2.6533E-12  0.0000E+00
  6.0480E+01  6.0550E+01  1.0000E+00  1.0000E+04  2.6533E-12  0.0000E+00
  6.0620E+01  6.0690E+01  1.0000E+00  1.0000E+04  2.6533E-12  0.0000E+00
  6.0760E+01  6.0830E+01  1.0000E+00  1.0000E+04  2.6533E-12  0.0000E+00
  6.0900E+01  6.0970E+01  1.0000E+00  1.0000E+04  2.6533E-12  0.0000E+00
  6.1040E+01  6.1110E+01  1.0000E+00  1.0000E+04  2.6533E-12  0.0000E+00
  6.1180E+01  6.1250E+01  1.0000E+00  1.0000E+04  2.6533E-12  0.0000E+00
  6.1320E+01  6.1390E+01  1.0000E+00  1.0000E+04  2.6533E-12  0.0000E+00
  6.1460E+01  6.1530E+01  1.0000E+00  1.0000E+04  2.6533E-12  0.0000E+00
  6.1600E+01  6.1670E+01  1.0000E+00  1.0000E+04  2.6533E-12  0.0000E+00
  6.1740E+01  6.1810E+01  1.0000E+00  1.0000E+04  2.6533E-12  0.0000E+00
  6.1880E+01  6.1950E+01  1.0000E+00  1.0000E+04  2.6533E-12  0.0000E+00
  6.2020E+01  6.2090E+01  1.0000E+00  1.0000E+04  2.6533E-12  0.0000E+00
  6.2160E+01  6.2230E+01  1.0000E+00  1.0000E+04  2.6533E-12  0.0000E+00
  6.2300E+01  6.2370E+01  1.0000E+00  1.0000E+04  2.6533E-12  0.0000E+00
  6.2440E+01  6.2510E+01  1.0000E+00  1.0000E+04  2.6533E-12  0.0000E+00
  6.2580E+01  6.2650E+01  1.0000E+00  1.0000E+04  2.6533E-12  0.0000E+00
  6.2720E+01  6.2790E+01  1.0000E+00  1.0000E+04  2.6533E-12  0.0000E+00
  6.2860E+01  6.2930E+01  1.0000E+00  1.0000E+04  2.6533E-12  0.0000E+00
  6.3000E+01  6.3070E+01  1.0000E+00  1.0000E+04  2.6533E-12  0.0000E+00
  6.3140E+01  6.3210E+01  1.0000E+00  1.0000E+04  2.6533E-12  0.0000E+00
  6.3280E+01  6.3350E+01  1.0000E+00  1.0000E+04  2.6533E-12  0.0000E+00
  6.3420E+01  6.3490E+01  1.0000E+00  1.0000E+04  2.6533E-12  0.0000E+00
  6.3560E+01  6.3630E+01  1.0000E+00  1.0000E+04  2.6533E-12  0.0000E+00
  6.3700E+01  6.3770E+01  1.0000E+00  1.0000E+04  2.6533E-12  0.0000E+00
  6.3840E+01  6.3910E+01  1.0000E+00  1.0000E+04  2.6533E-12  0.0000E+00
  6.3980E+01  6.4050E+01  1.0000E+00  1.0000E+04  2.6533E-12  0.0000E+00
  6.4120E+01  6.4190E+01  1.0000E+00  1.0000E+04  2.6533E-12  0.0000E+00
  6.4260E+01  6.4330E+01  1.0000E+00  1.0000E+04  2.6533E-12  0.0000E+00
  6.4400E+01  6.4470E+01  1.0000E+00  1.0000E+04  2.6533E-12  0.0000E+00
  6.4540E+01  6.4610E+01  1.0000E+00  1.0000E+04  2.6533E-12  0.0000E+00
  6.4680E+01  6.4750E+01  1.0000E+00  1.0000E+04  2.6533E-12  0.0000E+00
  6.4820E+01  6.4890E+01  1.0000E+00  1.0000E+04  2.6533E-12  0.0000E+00
  6.4960E+01  6.5030E+01  1.0000E+00  1.0000E+04  2.6533E-12  0.0000E+00
  6.5100E+01  6.5170E+01  1.0000E+00  1.0000E+04  2.6533E-12  0.0000E+00
  6.5240E+01  6.5310E+01  1.0000E+00  1.0000E+04  2.6533E-12  0.0000E+00
  6.5380E+01  6.5450E+01  1.0000E+00  1.0000E+04  2.6533E-12  0.0000E+00
  6.5520E+01  6.5590E+01  1.0000E+00  1.0000E+04  2.6533E-12  0.0000E+00
  6.5660E+01  6.5730E+01  1.0000E+00  1.0000E+04  2.6533E-12  0.0000E+00
  6.5800E+01  6.5870E+01  1.0000E+00  1.0000E+04  2.6533E-12  0.0000E+00
  6.5940E+01  6.6010E+01  1.0000E+00  1.0000E+04  2.6533E-12  0.0000E+00
  6.6080E+01  6.6150E+01  1.0000E+00  1.0000E+04  2.6533E-12  0.0000E+00
  6.6220E+01  6.6290E+01  1.0000E+00  1.0000E+04  2.6533E-12  0.0000E+00
  6.6360E+01  6.6430E+01  1.0000E+00  1.0000E+04  2.6533E-12  0.0000E+00
  6.6500E+01  6.6570E+01  1.0000E+00  1.0000E+04  2.6533E-12  0.0000E+00
  6.6640E+01  6.6710E+01  1.0000E+00  1.0000E+04  2.6533E-12  0.0000E+00
  6.6780E+01  6.6850E+01  1.0000E+00  1.0000E+04  2.6533E-12  0.0000E+00
  6.6920E+01  6.6990E+01  1.0000E+00  1.0000E+04  2.6533E-12  0.0000E+00
  6.7060E+01  6.7130E+01  1.0000E+00  1.0000E+04  2.6533E-12  0.0000E+00
  6.7200E+01  6.7270E+01  1.0000E+00  1.0000E+04  2.6533E-12  0.0000E+00
  6.7340E+01  6.7410E+01  1.0000E+00  1.0000E+04  2.6533E-12  0.0000E+00
  6.7480E+01  6.7550E+01  1.0000E+00  1.0000E+04  2.6533E-12  0.0000E+00
  6.7620E+01  6.7690E+01  1.0000E+00  1.0000E+04  2.6533E-12  0.0000E+00
  6.7760E+01  6.7830E+01  1.0000E+00  1.0000E+04  2.6533E-12  0.0000E+00
  6.7900E+01  6.7970E+01  1.0000E+00  1.0000E+04  2.6533E-12  0.0000E+00
  6.8040E+01  6.8110E+01  1.0000E+00  1.0000E+04  2.6533E-12  0.0000E+00
  6.8180E+01  6.8250E+01  1.0000E+00  1.0000E+04  2.6533E-12  0.0000E+00
  6.8320E+01  6.8390E+01  1.0000E+00  1.0000E+04  2.6533E-12  0.0000E+00
  6.8460E+01  6.8530E+01  1.0000E+00  1.0000E+04  2.6533E-12  0.0000E+00
  6.8600E+01  6.8670E+01  1.0000E+00  1.0000E+04  2.6533E-12  0.0000E+00
  6.8740E+01  6.8810E+01  1.0000E+00  1.0000E+04  2.6533E-12  0.0000E+00
  6.8880E+01  6.8950E+01  1.0000E+00  1.0000E+04  2.6533E-12  0.0000E+00
  6.9020E+01  6.9090E+01  1.0000E+00  1.0000E+04  2.6533E-12  0.0000E+00
  6.9160E+01  6.9230E+01  1.0000E+00  1.0000E+04  2.6533E-12  0.0000E+00
  6.9300E+01  6.9370E+01  1.0000E+00  1.0000E+04  2.6533E-12  0.0000E+00
  6.9440E+01  6.9510E+01  1.0000E+00  1.0000E+04  2.6533E-12  0.0000E+00
  6.9580E+01  6.9650E+01  1.0000E+00  1.0000E+04  2.6533E-12  0.0000E+00
  6.9720E+01  6.9790E+01  1.0000E+00  1.0000E+04  2.6533E-12  0.0000E+00
