 -1.4000E-01 -7.0000E-02  2.6429E-05  2.8278E+10  1.9830E-10 -3.0888E+04
  0.0000E+00  7.0000E-02  2.6429E-05  2.8278E+10  1.9830E-10  0.0000E+00
  1.4000E-01  2.1000E-01  6.8710E-05  1.0879E+10  1.9835E-10  3.0888E+04
  2.8000E-01  3.5000E-01  1.0661E-04  7.0134E+09  1.9840E-10  1.4329E+05
  4.2000E-01  4.9000E-01  1.4156E-04  5.2808E+09  1.9836E-10  3.1607E+05
  5.6000E-01  6.3000E-01  1.7710E-04  4.2211E+09  1.9837E-10  3.1366E+05
  7.0000E-01  7.7000E-01  2.1448E-04  3.4856E+09  1.9837E-10  4.4462E+05
  8.4000E-01  9.1000E-01  2.5425E-04  2.9403E+09  1.9837E-10  5.1031E+05
  9.8000E-01  1.0500E+00  2.9675E-04  2.5192E+09  1.9837E-10  6.0187E+05
  1.1200E+00  1.1900E+00  3.4223E-04  2.1844E+09  1.9837E-10  6.8541E+05
  1.2600E+00  1.3300E+00  3.9092E-04  1.9124E+09  1.9837E-10  7.7130E+05
  1.4000E+00  1.4700E+00  4.4301E-04  1.6875E+09  1.9837E-10  8.5666E+05
  1.5400E+00  1.6100E+00  4.9873E-04  1.4990E+09  1.9837E-10  9.4220E+05
  1.6800E+00  1.7500E+00  5.5830E-04  1.3390E+09  1.9837E-10  1.0277E+06
  1.8200E+00  1.8900E+00  6.2195E-04  1.2020E+09  1.9837E-10  1.1133E+06
  1.9600E+00  2.0300E+00  6.8993E-04  1.0835E+09  1.9837E-10  1.1989E+06
  2.1000E+00  2.1700E+00  7.6251E-04  9.8042E+08  1.9837E-10  1.2844E+06
  2.2400E+00  2.3100E+00  8.3996E-04  8.9002E+08  1.9837E-10  1.3700E+06
  2.3800E+00  2.4500E+00  9.2256E-04  8.1033E+08  1.9837E-10  1.4556E+06
  2.5200E+00  2.5900E+00  1.0106E-03  7.3971E+08  1.9837E-10  1.5412E+06
  2.6600E+00  2.7300E+00  1.1045E-03  6.7685E+08  1.9837E-10  1.6268E+06
  2.8000E+00  2.8700E+00  1.2045E-03  6.2065E+08  1.9838E-10  1.7124E+06
  2.9400E+00  3.0100E+00  1.3110E-03  5.7023E+08  1.9838E-10  1.7980E+06
  3.0800E+00  3.1500E+00  1.4244E-03  5.2483E+08  1.9838E-10  1.8836E+06
  3.2200E+00  3.2900E+00  1.5451E-03  4.8384E+08  1.9838E-10  1.9692E+06
  3.3600E+00  3.4300E+00  1.6736E-03  4.4671E+08  1.9838E-10  2.0548E+06
  3.5000E+00  3.5700E+00  1.8102E-03  4.1301E+08  1.9838E-10  2.1404E+06
  3.6400E+00  3.7100E+00  1.9554E-03  3.8233E+08  1.9838E-10  2.2261E+06
  3.7800E+00  3.8500E+00  2.1098E-03  3.5436E+08  1.9839E-10  2.3117E+06
  3.9200E+00  3.9900E+00  2.2739E-03  3.2879E+08  1.9839E-10  2.3973E+06
  4.0600E+00  4.1300E+00  2.4482E-03  3.0539E+08  1.9839E-10  2.4829E+06
  4.2000E+00  4.2700E+00  2.6333E-03  2.8392E+08  1.9839E-10  2.5686E+06
  4.3400E+00  4.4100E+00  2.8298E-03  2.6421E+08  1.9840E-10  2.6542E+06
  4.4800E+00  4.5500E+00  3.0383E-03  2.4608E+08  1.9840E-10  2.7398E+06
  4.6200E+00  4.6900E+00  3.2596E-03  2.2938E+08  1.9840E-10  2.8255E+06
  4.7600E+00  4.8300E+00  3.4943E-03  2.1398E+08  1.9841E-10  2.9111E+06
  4.9000E+00  4.9700E+00  3.7432E-03  1.9975E+08  1.9841E-10  2.9968E+06
  5.0400E+00  5.1100E+00  4.0070E-03  1.8661E+08  1.9842E-10  3.0825E+06
  5.1800E+00  5.2500E+00  4.2865E-03  1.7445E+08  1.9842E-10  3.1681E+06
  5.3200E+00  5.3900E+00  4.5825E-03  1.6318E+08  1.9843E-10  3.2538E+06
  5.4600E+00  5.5300E+00  4.8960E-03  1.5274E+08  1.9844E-10  3.3395E+06
  5.6000E+00  5.6700E+00  5.2279E-03  1.4305E+08  1.9844E-10  3.4252E+06
  5.7400E+00  5.8100E+00  5.5790E-03  1.3405E+08  1.9845E-10  3.5109E+06
  5.8800E+00  5.9500E+00  5.9505E-03  1.2569E+08  1.9846E-10  3.5966E+06
  6.0200E+00  6.0900E+00  6.3433E-03  1.1791E+08  1.9847E-10  3.6823E+06
  6.1600E+00  6.2300E+00  6.7586E-03  1.1067E+08  1.9848E-10  3.7681E+06
  6.3000E+00  6.3700E+00  7.1974E-03  1.0393E+08  1.9849E-10  3.8538E+06
  6.4400E+00  6.5100E+00  7.6609E-03  9.7647E+07  1.9851E-10  3.9396E+06
  6.5800E+00  6.6500E+00  8.1505E-03  9.1788E+07  1.9852E-10  4.0254E+06
  6.7200E+00  6.7900E+00  8.6673E-03  8.6321E+07  1.9853E-10  4.1112E+06
  6.8600E+00  6.9300E+00  9.2127E-03  8.1218E+07  1.9855E-10  4.1970E+06
  7.0000E+00  7.0700E+00  9.7880E-03  7.6450E+07  1.9857E-10  4.2829E+06
  7.1400E+00  7.2100E+00  1.0395E-02  7.1994E+07  1.9859E-10  4.3687E+06
  7.2800E+00  7.3500E+00  1.1035E-02  6.7827E+07  1.9861E-10  4.4546E+06
  7.4200E+00  7.4900E+00  1.1709E-02  6.3929E+07  1.9863E-10  4.5406E+06
  7.5600E+00  7.6300E+00  1.2419E-02  6.0279E+07  1.9865E-10  4.6265E+06
  7.7000E+00  7.7700E+00  1.3167E-02  5.6861E+07  1.9868E-10  4.7125E+06
  7.8400E+00  7.9100E+00  1.3955E-02  5.3659E+07  1.9871E-10  4.7985E+06
  7.9800E+00  8.0500E+00  1.4784E-02  5.0657E+07  1.9874E-10  4.8846E+06
  8.1200E+00  8.1900E+00  1.5657E-02  4.7842E+07  1.9877E-10  4.9707E+06
  8.2600E+00  8.3300E+00  1.6575E-02  4.5201E+07  1.9881E-10  5.0568E+06
  8.4000E+00  8.4700E+00  1.7540E-02  4.2721E+07  1.9884E-10  5.1430E+06
  8.5400E+00  8.6100E+00  1.8554E-02  4.0393E+07  1.9888E-10  5.2293E+06
  8.6800E+00  8.7500E+00  1.9621E-02  3.8207E+07  1.9893E-10  5.3156E+06
  8.8200E+00  8.8900E+00  2.0741E-02  3.6151E+07  1.9897E-10  5.4019E+06
  8.9600E+00  9.0300E+00  2.1918E-02  3.4219E+07  1.9902E-10  5.4883E+06
  9.1000E+00  9.1700E+00  2.3153E-02  3.2402E+07  1.9908E-10  5.5748E+06
  9.2400E+00  9.3100E+00  2.4450E-02  3.0692E+07  1.9914E-10  5.6614E+06
  9.3800E+00  9.4500E+00  2.5811E-02  2.9083E+07  1.9920E-10  5.7480E+06
  9.5200E+00  9.5900E+00  2.7239E-02  2.7567E+07  1.9926E-10  5.8347E+06
  9.6600E+00  9.7300E+00  2.8737E-02  2.6140E+07  1.9933E-10  5.9216E+06
  9.8000E+00  9.8700E+00  3.0307E-02  2.4795E+07  1.9941E-10  6.0085E+06
  9.9400E+00  1.0010E+01  3.1953E-02  2.3527E+07  1.9949E-10  6.0955E+06
  1.0080E+01  1.0150E+01  3.3678E-02  2.2332E+07  1.9958E-10  6.1826E+06
  1.0220E+01  1.0290E+01  3.5485E-02  2.1204E+07  1.9967E-10  6.2699E+06
  1.0360E+01  1.0430E+01  3.7378E-02  2.0140E+07  1.9977E-10  6.3572E+06
  1.0500E+01  1.0570E+01  3.9361E-02  1.9136E+07  1.9987E-10  6.4447E+06
  1.0640E+01  1.0710E+01  4.1436E-02  1.8188E+07  1.9999E-10  6.5324E+06
  1.0780E+01  1.0850E+01  4.3609E-02  1.7292E+07  2.0011E-10  6.6202E+06
  1.0920E+01  1.0990E+01  4.5882E-02  1.6446E+07  2.0024E-10  6.7082E+06
  1.1060E+01  1.1130E+01  4.8260E-02  1.5646E+07  2.0037E-10  6.7963E+06
  1.1200E+01  1.1270E+01  5.0748E-02  1.4890E+07  2.0052E-10  6.8847E+06
  1.1340E+01  1.1410E+01  5.3350E-02  1.4175E+07  2.0067E-10  6.9732E+06
  1.1480E+01  1.1550E+01  5.6070E-02  1.3498E+07  2.0084E-10  7.0620E+06
  1.1620E+01  1.1690E+01  5.8914E-02  1.2858E+07  2.0101E-10  7.1510E+06
  1.1760E+01  1.1830E+01  6.1886E-02  1.2251E+07  2.0120E-10  7.2402E+06
  1.1900E+01  1.1970E+01  6.4992E-02  1.1677E+07  2.0140E-10  7.3297E+06
  1.2040E+01  1.2110E+01  6.8237E-02  1.1134E+07  2.0161E-10  7.4194E+06
  1.2180E+01  1.2250E+01  7.1627E-02  1.0619E+07  2.0183E-10  7.5095E+06
  1.2320E+01  1.2390E+01  7.5168E-02  1.0130E+07  2.0207E-10  7.5999E+06
  1.2460E+01  1.2530E+01  7.8865E-02  9.6672E+06  2.0232E-10  7.6906E+06
  1.2600E+01  1.2670E+01  8.2727E-02  9.2281E+06  2.0258E-10  7.7816E+06
  1.2740E+01  1.2810E+01  8.6758E-02  8.8116E+06  2.0287E-10  7.8730E+06
  1.2880E+01  1.2950E+01  9.0967E-02  8.4163E+06  2.0317E-10  7.9648E+06
  1.3020E+01  1.3090E+01  9.5361E-02  8.0411E+06  2.0349E-10  8.0570E+06
  1.3160E+01  1.3230E+01  9.9947E-02  7.6849E+06  2.0382E-10  8.1497E+06
  1.3300E+01  1.3370E+01  1.0473E-01  7.3465E+06  2.0418E-10  8.2428E+06
  1.3440E+01  1.3510E+01  1.0973E-01  7.0251E+06  2.0456E-10  8.3365E+06
  1.3580E+01  1.3650E+01  1.1494E-01  6.7196E+06  2.0496E-10  8.4306E+06
  1.3720E+01  1.3790E+01  1.2038E-01  6.4292E+06  2.0538E-10  8.5254E+06
  1.3860E+01  1.3930E+01  1.2606E-01  6.1530E+06  2.0583E-10  8.6207E+06
  1.4000E+01  1.4070E+01  1.3198E-01  5.8904E+06  2.0631E-10  8.7166E+06
  1.4140E+01  1.4210E+01  1.3817E-01  5.6405E+06  2.0681E-10  8.8132E+06
  1.4280E+01  1.4350E+01  1.4462E-01  5.4027E+06  2.0734E-10  8.9105E+06
  1.4420E+01  1.4490E+01  1.5135E-01  5.1763E+06  2.0790E-10  9.0085E+06
  1.4560E+01  1.4630E+01  1.5838E-01  4.9608E+06  2.0850E-10  9.1074E+06
  1.4700E+01  1.4770E+01  1.6571E-01  4.7554E+06  2.0912E-10  9.2070E+06
  1.4840E+01  1.4910E+01  1.7337E-01  4.5598E+06  2.0978E-10  9.3075E+06
  1.4980E+01  1.5050E+01  1.8136E-01  4.3734E+06  2.1048E-10  9.4089E+06
  1.5120E+01  1.5190E+01  1.8971E-01  4.1956E+06  2.1122E-10  9.5114E+06
  1.5260E+01  1.5330E+01  1.9843E-01  4.0262E+06  2.1200E-10  9.6148E+06
  1.5400E+01  1.5470E+01  2.0753E-01  3.8645E+06  2.1283E-10  9.7193E+06
  1.5540E+01  1.5610E+01  2.1704E-01  3.7103E+06  2.1370E-10  9.8250E+06
  1.5680E+01  1.5750E+01  2.2698E-01  3.5631E+06  2.1462E-10  9.9318E+06
  1.5820E+01  1.5890E+01  2.3737E-01  3.4225E+06  2.1559E-10  1.0040E+07
  1.5960E+01  1.6030E+01  2.4823E-01  3.2883E+06  2.1661E-10  1.0149E+07
  1.6100E+01  1.6170E+01  2.5958E-01  3.1601E+06  2.1769E-10  1.0260E+07
  1.6240E+01  1.6310E+01  2.7147E-01  3.0376E+06  2.1883E-10  1.0373E+07
  1.6380E+01  1.6450E+01  2.8390E-01  2.9204E+06  2.2003E-10  1.0487E+07
  1.6520E+01  1.6590E+01  2.9692E-01  2.8085E+06  2.2129E-10  1.0602E+07
  1.6660E+01  1.6730E+01  3.1056E-01  2.7013E+06  2.2263E-10  1.0720E+07
  1.6800E+01  1.6870E+01  3.2485E-01  2.5988E+06  2.2404E-10  1.0839E+07
  1.6940E+01  1.7010E+01  3.3983E-01  2.5007E+06  2.2552E-10  1.0960E+07
  1.7080E+01  1.7150E+01  3.5555E-01  2.4067E+06  2.2708E-10  1.1083E+07
  1.7220E+01  1.7290E+01  3.7205E-01  2.3167E+06  2.2873E-10  1.1208E+07
  1.7360E+01  1.7430E+01  3.8938E-01  2.2304E+06  2.3047E-10  1.1336E+07
  1.7500E+01  1.7570E+01  4.0760E-01  2.1476E+06  2.3230E-10  1.1466E+07
  1.7640E+01  1.7710E+01  4.2676E-01  2.0682E+06  2.3423E-10  1.1598E+07
  1.7780E+01  1.7850E+01  4.4694E-01  1.9920E+06  2.3626E-10  1.1733E+07
  1.7920E+01  1.7990E+01  4.6820E-01  1.9187E+06  2.3840E-10  1.1871E+07
  1.8060E+01  1.8130E+01  4.9062E-01  1.8484E+06  2.4066E-10  1.2011E+07
  1.8200E+01  1.8270E+01  5.1428E-01  1.7807E+06  2.4303E-10  1.2155E+07
  1.8340E+01  1.8410E+01  5.3930E-01  1.7155E+06  2.4552E-10  1.2302E+07
  1.8480E+01  1.8550E+01  5.6577E-01  1.6527E+06  2.4814E-10  1.2452E+07
  1.8620E+01  1.8690E+01  5.9381E-01  1.5921E+06  2.5090E-10  1.2606E+07
  1.8760E+01  1.8830E+01  6.2356E-01  1.5336E+06  2.5379E-10  1.2764E+07
  1.8900E+01  1.8970E+01  6.5517E-01  1.4771E+06  2.5683E-10  1.2925E+07
  1.9040E+01  1.9110E+01  6.8881E-01  1.4224E+06  2.6001E-10  1.3091E+07
  1.9180E+01  1.9250E+01  7.2466E-01  1.3693E+06  2.6334E-10  1.3262E+07
  1.9320E+01  1.9390E+01  7.6295E-01  1.3178E+06  2.6682E-10  1.3437E+07
  1.9460E+01  1.9530E+01  8.0392E-01  1.2676E+06  2.7044E-10  1.3617E+07
  1.9600E+01  1.9670E+01  8.4786E-01  1.2187E+06  2.7422E-10  1.3803E+07
  1.9740E+01  1.9810E+01  8.9509E-01  1.1708E+06  2.7812E-10  1.3995E+07
  1.9880E+01  1.9950E+01  9.4599E-01  1.1238E+06  2.8215E-10  1.4193E+07
  2.0020E+01  2.0090E+01  1.0010E+00  1.0776E+06  2.8627E-10  1.4398E+07
  2.0160E+01  2.0230E+01  1.0606E+00  1.0318E+06  2.9045E-10  1.4611E+07
  2.0300E+01  2.0370E+01  1.1255E+00  9.8634E+05  2.9463E-10  1.4832E+07
  2.0440E+01  2.0510E+01  1.1963E+00  9.4085E+05  2.9873E-10  1.5064E+07
  2.0580E+01  2.0650E+01  1.2739E+00  8.9500E+05  3.0260E-10  1.5307E+07
  2.0720E+01  2.0790E+01  1.3592E+00  8.4835E+05  3.0603E-10  1.5565E+07
  2.0860E+01  2.0930E+01  1.4532E+00  8.0032E+05  3.0868E-10  1.5841E+07
  2.1000E+01  2.1070E+01  1.5569E+00  7.5002E+05  3.0993E-10  1.6143E+07
  2.1140E+01  2.1210E+01  1.6707E+00  6.9611E+05  3.0868E-10  1.6482E+07
  2.1280E+01  2.1350E+01  1.7931E+00  6.3643E+05  3.0291E-10  1.6884E+07
  2.1420E+01  2.1490E+01  1.9205E+00  5.6744E+05  2.8927E-10  1.7388E+07
  2.1560E+01  2.1630E+01  2.0556E+00  4.7836E+05  2.6104E-10  1.8065E+07
  2.1700E+01  2.1770E+01  2.3898E+00  3.2593E+05  2.0681E-10  1.9095E+07
  2.1840E+01  2.1910E+01  3.0301E+00  1.5260E+05  1.2278E-10  1.9553E+07
  2.1980E+01  2.2050E+01  3.8945E+00  5.1055E+04  5.2787E-11  1.8798E+07
  2.2120E+01  2.2190E+01  4.6818E+00  1.8745E+04  2.3292E-11  1.7291E+07
  2.2260E+01  2.2330E+01  4.9550E+00  1.5826E+04  2.0803E-11  1.5446E+07
  2.2400E+01  2.2470E+01  4.4420E+00  1.6519E+04  1.9454E-11  1.3388E+07
  2.2540E+01  2.2610E+01  3.3298E+00  2.1457E+04  1.8934E-11  1.1053E+07
  2.2680E+01  2.2750E+01  2.1836E+00  3.5606E+04  2.0599E-11  8.3677E+06
  2.2820E+01  2.2890E+01  1.4328E+00  2.8457E+04  1.0806E-11  5.3423E+06
  2.2960E+01  2.3030E+01  1.0963E+00  1.3269E+04  3.8579E-12  2.3156E+06
  2.3100E+01  2.3170E+01  1.0069E+00  1.0005E+04  2.6727E-12  3.5834E+05
  2.3240E+01  2.3310E+01  1.0000E+00  1.0000E+04  2.6534E-12  4.6099E+03
  2.3380E+01  2.3450E+01  1.0000E+00  1.0000E+04  2.6533E-12  8.1980E-01
  2.3520E+01  2.3590E+01  1.0000E+00  1.0000E+04  2.6533E-12  4.4730E-05
  2.3660E+01  2.3730E+01  1.0000E+00  1.0000E+04  2.6533E-12  2.3293E-09
  2.3800E+01  2.3870E+01  1.0000E+00  1.0000E+04  2.6533E-12  5.9145E-26
  2.3940E+01  2.4010E+01  1.0000E+00  1.0000E+04  2.6533E-12  1.7304E-59
  2.4080E+01  2.4150E+01  1.0000E+00  1.0000E+04  2.6533E-12  6.9750-127
  2.4220E+01  2.4290E+01  1.0000E+00  1.0000E+04  2.6533E-12  5.0904-262
  2.4360E+01  2.4430E+01  1.0000E+00  1.0000E+04  2.6533E-12  0.0000E+00
  2.4500E+01  2.4570E+01  1.0000E+00  1.0000E+04  2.6533E-12  0.0000E+00
  2.4640E+01  2.4710E+01  1.0000E+00  1.0000E+04  2.6533E-12  0.0000E+00
  2.4780E+01  2.4850E+01  1.0000E+00  1.0000E+04  2.6533E-12  0.0000E+00
  2.4920E+01  2.4990E+01  1.0000E+00  1.0000E+04  2.6533E-12  0.0000E+00
  2.5060E+01  2.5130E+01  1.0000E+00  1.0000E+04  2.6533E-12  0.0000E+00
  2.5200E+01  2.5270E+01  1.0000E+00  1.0000E+04  2.6533E-12  0.0000E+00
  2.5340E+01  2.5410E+01  1.0000E+00  1.0000E+04  2.6533E-12  0.0000E+00
  2.5480E+01  2.5550E+01  1.0000E+00  1.0000E+04  2.6533E-12  0.0000E+00
  2.5620E+01  2.5690E+01  1.0000E+00  1.0000E+04  2.6533E-12  0.0000E+00
  2.5760E+01  2.5830E+01  1.0000E+00  1.0000E+04  2.6533E-12  0.0000E+00
  2.5900E+01  2.5970E+01  1.0000E+00  1.0000E+04  2.6533E-12  0.0000E+00
  2.6040E+01  2.6110E+01  1.0000E+00  1.0000E+04  2.6533E-12  0.0000E+00
  2.6180E+01  2.6250E+01  1.0000E+00  1.0000E+04  2.6533E-12  0.0000E+00
  2.6320E+01  2.6390E+01  1.0000E+00  1.0000E+04  2.6533E-12  0.0000E+00
  2.6460E+01  2.6530E+01  1.0000E+00  1.0000E+04  2.6533E-12  0.0000E+00
  2.6600E+01  2.6670E+01  1.0000E+00  1.0000E+04  2.6533E-12  0.0000E+00
  2.6740E+01  2.6810E+01  1.0000E+00  1.0000E+04  2.6533E-12  0.0000E+00
  2.6880E+01  2.6950E+01  1.0000E+00  1.0000E+04  2.6533E-12  0.0000E+00
  2.7020E+01  2.7090E+01  1.0000E+00  1.0000E+04  2.6533E-12  0.0000E+00
  2.7160E+01  2.7230E+01  1.0000E+00  1.0000E+04  2.6533E-12  0.0000E+00
  2.7300E+01  2.7370E+01  1.0000E+00  1.0000E+04  2.6533E-12  0.0000E+00
  2.7440E+01  2.7510E+01  1.0000E+00  1.0000E+04  2.6533E-12  0.0000E+00
  2.7580E+01  2.7650E+01  1.0000E+00  1.0000E+04  2.6533E-12  0.0000E+00
  2.7720E+01  2.7790E+01  1.0000E+00  1.0000E+04  2.6533E-12  0.0000E+00
  2.7860E+01  2.7930E+01  1.0000E+00  1.0000E+04  2.6533E-12  0.0000E+00
  2.8000E+01  2.8070E+01  1.0000E+00  1.0000E+04  2.6533E-12  0.0000E+00
  2.8140E+01  2.8210E+01  1.0000E+00  1.0000E+04  2.6533E-12  0.0000E+00
  2.8280E+01  2.8350E+01  1.0000E+00  1.0000E+04  2.6533E-12  0.0000E+00
  2.8420E+01  2.8490E+01  1.0000E+00  1.0000E+04  2.6533E-12  0.0000E+00
  2.8560E+01  2.8630E+01  1.0000E+00  1.0000E+04  2.6533E-12  0.0000E+00
  2.8700E+01  2.8770E+01  1.0000E+00  1.0000E+04  2.6533E-12  0.0000E+00
  2.8840E+01  2.8910E+01  1.0000E+00  1.0000E+04  2.6533E-12  0.0000E+00
  2.8980E+01  2.9050E+01  1.0000E+00  1.0000E+04  2.6533E-12  0.0000E+00
  2.9120E+01  2.9190E+01  1.0000E+00  1.0000E+04  2.6533E-12  0.0000E+00
  2.9260E+01  2.9330E+01  1.0000E+00  1.0000E+04  2.6533E-12  0.0000E+00
  2.9400E+01  2.9470E+01  1.0000E+00  1.0000E+04  2.6533E-12  0.0000E+00
  2.9540E+01  2.9610E+01  1.0000E+00  1.0000E+04  2.6533E-12  0.0000E+00
  2.9680E+01  2.9750E+01  1.0000E+00  1.0000E+04  2.6533E-12  0.0000E+00
  2.9820E+01  2.9890E+01  1.0000E+00  1.0000E+04  2.6533E-12  0.0000E+00
  2.9960E+01  3.0030E+01  1.0000E+00  1.0000E+04  2.6533E-12  0.0000E+00
  3.0100E+01  3.0170E+01  1.0000E+00  1.0000E+04  2.6533E-12  0.0000E+00
  3.0240E+01  3.0310E+01  1.0000E+00  1.0000E+04  2.6533E-12  0.0000E+00
  3.0380E+01  3.0450E+01  1.0000E+00  1.0000E+04  2.6533E-12  0.0000E+00
  3.0520E+01  3.0590E+01  1.0000E+00  1.0000E+04  2.6533E-12  0.0000E+00
  3.0660E+01  3.0730E+01  1.0000E+00  1.0000E+04  2.6533E-12  0.0000E+00
  3.0800E+01  3.0870E+01  1.0000E+00  1.0000E+04  2.6533E-12  0.0000E+00
  3.0940E+01  3.1010E+01  1.0000E+00  1.0000E+04  2.6533E-12  0.0000E+00
  3.1080E+01  3.1150E+01  1.0000E+00  1.0000E+04  2.6533E-12  0.0000E+00
  3.1220E+01  3.1290E+01  1.0000E+00  1.0000E+04  2.6533E-12  0.0000E+00
  3.1360E+01  3.1430E+01  1.0000E+00  1.0000E+04  2.6533E-12  0.0000E+00
  3.1500E+01  3.1570E+01  1.0000E+00  1.0000E+04  2.6533E-12  0.0000E+00
  3.1640E+01  3.1710E+01  1.0000E+00  1.0000E+04  2.6533E-12  0.0000E+00
  3.1780E+01  3.1850E+01  1.0000E+00  1.0000E+04  2.6533E-12  0.0000E+00
  3.1920E+01  3.1990E+01  1.0000E+00  1.0000E+04  2.6533E-12  0.0000E+00
  3.2060E+01  3.2130E+01  1.0000E+00  1.0000E+04  2.6533E-12  0.0000E+00
  3.2200E+01  3.2270E+01  1.0000E+00  1.0000E+04  2.6533E-12  0.0000E+00
  3.2340E+01  3.2410E+01  1.0000E+00  1.0000E+04  2.6533E-12  0.0000E+00
  3.2480E+01  3.2550E+01  1.0000E+00  1.0000E+04  2.6533E-12  0.0000E+00
  3.2620E+01  3.2690E+01  1.0000E+00  1.0000E+04  2.6533E-12  0.0000E+00
  3.2760E+01  3.2830E+01  1.0000E+00  1.0000E+04  2.6533E-12  0.0000E+00
  3.2900E+01  3.2970E+01  1.0000E+00  1.0000E+04  2.6533E-12  0.0000E+00
  3.3040E+01  3.3110E+01  1.0000E+00  1.0000E+04  2.6533E-12  0.0000E+00
  3.3180E+01  3.3250E+01  1.0000E+00  1.0000E+04  2.6533E-12  0.0000E+00
  3.3320E+01  3.3390E+01  1.0000E+00  1.0000E+04  2.6533E-12  0.0000E+00
  3.3460E+01  3.3530E+01  1.0000E+00  1.0000E+04  2.6533E-12  0.0000E+00
  3.3600E+01  3.3670E+01  1.0000E+00  1.0000E+04  2.6533E-12  0.0000E+00
  3.3740E+01  3.3810E+01  1.0000E+00  1.0000E+04  2.6533E-12  0.0000E+00
  3.3880E+01  3.3950E+01  1.0000E+00  1.0000E+04  2.6533E-12  0.0000E+00
  3.4020E+01  3.4090E+01  1.0000E+00  1.0000E+04  2.6533E-12  0.0000E+00
  3.4160E+01  3.4230E+01  1.0000E+00  1.0000E+04  2.6533E-12  0.0000E+00
  3.4300E+01  3.4370E+01  1.0000E+00  1.0000E+04  2.6533E-12  0.0000E+00
  3.4440E+01  3.4510E+01  1.0000E+00  1.0000E+04  2.6533E-12  0.0000E+00
  3.4580E+01  3.4650E+01  1.0000E+00  1.0000E+04  2.6533E-12  0.0000E+00
  3.4720E+01  3.4790E+01  1.0000E+00  1.0000E+04  2.6533E-12  0.0000E+00
  3.4860E+01  3.4930E+01  1.0000E+00  1.0000E+04  2.6533E-12  0.0000E+00
  3.5000E+01  3.5070E+01  1.0000E+00  1.0000E+04  2.6533E-12  0.0000E+00
  3.5140E+01  3.5210E+01  1.0000E+00  1.0000E+04  2.6533E-12  0.0000E+00
  3.5280E+01  3.5350E+01  1.0000E+00  1.0000E+04  2.6533E-12  0.0000E+00
  3.5420E+01  3.5490E+01  1.0000E+00  1.0000E+04  2.6533E-12  0.0000E+00
  3.5560E+01  3.5630E+01  1.0000E+00  1.0000E+04  2.6533E-12  0.0000E+00
  3.5700E+01  3.5770E+01  1.0000E+00  1.0000E+04  2.6533E-12  0.0000E+00
  3.5840E+01  3.5910E+01  1.0000E+00  1.0000E+04  2.6533E-12  0.0000E+00
  3.5980E+01  3.6050E+01  1.0000E+00  1.0000E+04  2.6533E-12  0.0000E+00
  3.6120E+01  3.6190E+01  1.0000E+00  1.0000E+04  2.6533E-12  0.0000E+00
  3.6260E+01  3.6330E+01  1.0000E+00  1.0000E+04  2.6533E-12  0.0000E+00
  3.6400E+01  3.6470E+01  1.0000E+00  1.0000E+04  2.6533E-12  0.0000E+00
  3.6540E+01  3.6610E+01  1.0000E+00  1.0000E+04  2.6533E-12  0.0000E+00
  3.6680E+01  3.6750E+01  1.0000E+00  1.0000E+04  2.6533E-12  0.0000E+00
  3.6820E+01  3.6890E+01  1.0000E+00  1.0000E+04  2.6533E-12  0.0000E+00
  3.6960E+01  3.7030E+01  1.0000E+00  1.0000E+04  2.6533E-12  0.0000E+00
  3.7100E+01  3.7170E+01  1.0000E+00  1.0000E+04  2.6533E-12  0.0000E+00
  3.7240E+01  3.7310E+01  1.0000E+00  1.0000E+04  2.6533E-12  0.0000E+00
  3.7380E+01  3.7450E+01  1.0000E+00  1.0000E+04  2.6533E-12  0.0000E+00
  3.7520E+01  3.7590E+01  1.0000E+00  1.0000E+04  2.6533E-12  0.0000E+00
  3.7660E+01  3.7730E+01  1.0000E+00  1.0000E+04  2.6533E-12  0.0000E+00
  3.7800E+01  3.7870E+01  1.0000E+00  1.0000E+04  2.6533E-12  0.0000E+00
  3.7940E+01  3.8010E+01  1.0000E+00  1.0000E+04  2.6533E-12  0.0000E+00
  3.8080E+01  3.8150E+01  1.0000E+00  1.0000E+04  2.6533E-12  0.0000E+00
  3.8220E+01  3.8290E+01  1.0000E+00  1.0000E+04  2.6533E-12  0.0000E+00
  3.8360E+01  3.8430E+01  1.0000E+00  1.0000E+04  2.6533E-12  0.0000E+00
  3.8500E+01  3.8570E+01  1.0000E+00  1.0000E+04  2.6533E-12  0.0000E+00
  3.8640E+01  3.8710E+01  1.0000E+00  1.0000E+04  2.6533E-12  0.0000E+00
  3.8780E+01  3.8850E+01  1.0000E+00  1.0000E+04  2.6533E-12  0.0000E+00
  3.8920E+01  3.8990E+01  1.0000E+00  1.0000E+04  2.6533E-12  0.0000E+00
  3.9060E+01  3.9130E+01  1.0000E+00  1.0000E+04  2.6533E-12  0.0000E+00
  3.9200E+01  3.9270E+01  1.0000E+00  1.0000E+04  2.6533E-12  0.0000E+00
  3.9340E+01  3.9410E+01  1.0000E+00  1.0000E+04  2.6533E-12  0.0000E+00
  3.9480E+01  3.9550E+01  1.0000E+00  1.0000E+04  2.6533E-12  0.0000E+00
  3.9620E+01  3.9690E+01  1.0000E+00  1.0000E+04  2.6533E-12  0.0000E+00
  3.9760E+01  3.9830E+01  1.0000E+00  1.0000E+04  2.6533E-12  0.0000E+00
  3.9900E+01  3.9970E+01  1.0000E+00  1.0000E+04  2.6533E-12  0.0000E+00
  4.0040E+01  4.0110E+01  1.0000E+00  1.0000E+04  2.6533E-12  0.0000E+00
  4.0180E+01  4.0250E+01  1.0000E+00  1.0000E+04  2.6533E-12  0.0000E+00
  4.0320E+01  4.0390E+01  1.0000E+00  1.0000E+04  2.6533E-12  0.0000E+00
  4.0460E+01  4.0530E+01  1.0000E+00  1.0000E+04  2.6533E-12  0.0000E+00
  4.0600E+01  4.0670E+01  1.0000E+00  1.0000E+04  2.6533E-12  0.0000E+00
  4.0740E+01  4.0810E+01  1.0000E+00  1.0000E+04  2.6533E-12  0.0000E+00
  4.0880E+01  4.0950E+01  1.0000E+00  1.0000E+04  2.6533E-12  0.0000E+00
  4.1020E+01  4.1090E+01  1.0000E+00  1.0000E+04  2.6533E-12  0.0000E+00
  4.1160E+01  4.1230E+01  1.0000E+00  1.0000E+04  2.6533E-12  0.0000E+00
  4.1300E+01  4.1370E+01  1.0000E+00  1.0000E+04  2.6533E-12  0.0000E+00
  4.1440E+01  4.1510E+01  1.0000E+00  1.0000E+04  2.6533E-12  0.0000E+00
  4.1580E+01  4.1650E+01  1.0000E+00  1.0000E+04  2.6533E-12  0.0000E+00
  4.1720E+01  4.1790E+01  1.0000E+00  1.0000E+04  2.6533E-12  0.0000E+00
  4.1860E+01  4.1930E+01  1.0000E+00  1.0000E+04  2.6533E-12  0.0000E+00
  4.2000E+01  4.2070E+01  1.0000E+00  1.0000E+04  2.6533E-12  0.0000E+00
  4.2140E+01  4.2210E+01  1.0000E+00  1.0000E+04  2.6533E-12  0.0000E+00
  4.2280E+01  4.2350E+01  1.0000E+00  1.0000E+04  2.6533E-12  0.0000E+00
  4.2420E+01  4.2490E+01  1.0000E+00  1.0000E+04  2.6533E-12  0.0000E+00
  4.2560E+01  4.2630E+01  1.0000E+00  1.0000E+04  2.6533E-12  0.0000E+00
  4.2700E+01  4.2770E+01  1.0000E+00  1.0000E+04  2.6533E-12  0.0000E+00
  4.2840E+01  4.2910E+01  1.0000E+00  1.0000E+04  2.6533E-12  0.0000E+00
  4.2980E+01  4.3050E+01  1.0000E+00  1.0000E+04  2.6533E-12  0.0000E+00
  4.3120E+01  4.3190E+01  1.0000E+00  1.0000E+04  2.6533E-12  0.0000E+00
  4.3260E+01  4.3330E+01  1.0000E+00  1.0000E+04  2.6533E-12  0.0000E+00
  4.3400E+01  4.3470E+01  1.0000E+00  1.0000E+04  2.6533E-12  0.0000E+00
  4.3540E+01  4.3610E+01  1.0000E+00  1.0000E+04  2.6533E-12  0.0000E+00
  4.3680E+01  4.3750E+01  1.0000E+00  1.0000E+04  2.6533E-12  0.0000E+00
  4.3820E+01  4.3890E+01  1.0000E+00  1.0000E+04  2.6533E-12  0.0000E+00
  4.3960E+01  4.4030E+01  1.0000E+00  1.0000E+04  2.6533E-12  0.0000E+00
  4.4100E+01  4.4170E+01  1.0000E+00  1.0000E+04  2.6533E-12  0.0000E+00
  4.4240E+01  4.4310E+01  1.0000E+00  1.0000E+04  2.6533E-12  0.0000E+00
  4.4380E+01  4.4450E+01  1.0000E+00  1.0000E+04  2.6533E-12  0.0000E+00
  4.4520E+01  4.4590E+01  1.0000E+00  1.0000E+04  2.6533E-12  0.0000E+00
  4.4660E+01  4.4730E+01  1.0000E+00  1.0000E+04  2.6533E-12  0.0000E+00
  4.4800E+01  4.4870E+01  1.0000E+00  1.0000E+04  2.6533E-12  0.0000E+00
  4.4940E+01  4.5010E+01  1.0000E+00  1.0000E+04  2.6533E-12  0.0000E+00
  4.5080E+01  4.5150E+01  1.0000E+00  1.0000E+04  2.6533E-12  0.0000E+00
  4.5220E+01  4.5290E+01  1.0000E+00  1.0000E+04  2.6533E-12  0.0000E+00
  4.5360E+01  4.5430E+01  1.0000E+00  1.0000E+04  2.6533E-12  0.0000E+00
  4.5500E+01  4.5570E+01  1.0000E+00  1.0000E+04  2.6533E-12  0.0000E+00
  4.5640E+01  4.5710E+01  1.0000E+00  1.0000E+04  2.6533E-12  0.0000E+00
  4.5780E+01  4.5850E+01  1.0000E+00  1.0000E+04  2.6533E-12  0.0000E+00
  4.5920E+01  4.5990E+01  1.0000E+00  1.0000E+04  2.6533E-12  0.0000E+00
  4.6060E+01  4.6130E+01  1.0000E+00  1.0000E+04  2.6533E-12  0.0000E+00
  4.6200E+01  4.6270E+01  1.0000E+00  1.0000E+04  2.6533E-12  0.0000E+00
  4.6340E+01  4.6410E+01  1.0000E+00  1.0000E+04  2.6533E-12  0.0000E+00
  4.6480E+01  4.6550E+01  1.0000E+00  1.0000E+04  2.6533E-12  0.0000E+00
  4.6620E+01  4.6690E+01  1.0000E+00  1.0000E+04  2.6533E-12  0.0000E+00
  4.6760E+01  4.6830E+01  1.0000E+00  1.0000E+04  2.6533E-12  0.0000E+00
  4.6900E+01  4.6970E+01  1.0000E+00  1.0000E+04  2.6533E-12  0.0000E+00
  4.7040E+01  4.7110E+01  1.0000E+00  1.0000E+04  2.6533E-12  0.0000E+00
  4.7180E+01  4.7250E+01  1.0000E+00  1.0000E+04  2.6533E-12  0.0000E+00
  4.7320E+01  4.7390E+01  1.0000E+00  1.0000E+04  2.6533E-12  0.0000E+00
  4.7460E+01  4.7530E+01  1.0000E+00  1.0000E+04  2.6533E-12  0.0000E+00
  4.7600E+01  4.7670E+01  1.0000E+00  1.0000E+04  2.6533E-12  0.0000E+00
  4.7740E+01  4.7810E+01  1.0000E+00  1.0000E+04  2.6533E-12  0.0000E+00
  4.7880E+01  4.7950E+01  1.0000E+00  1.0000E+04  2.6533E-12  0.0000E+00
  4.8020E+01  4.8090E+01  1.0000E+00  1.0000E+04  2.6533E-12  0.0000E+00
  4.8160E+01  4.8230E+01  1.0000E+00  1.0000E+04  2.6533E-12  0.0000E+00
  4.8300E+01  4.8370E+01  1.0000E+00  1.0000E+04  2.6533E-12  0.0000E+00
  4.8440E+01  4.8510E+01  1.0000E+00  1.0000E+04  2.6533E-12  0.0000E+00
  4.8580E+01  4.8650E+01  1.0000E+00  1.0000E+04  2.6533E-12  0.0000E+00
  4.8720E+01  4.8790E+01  1.0000E+00  1.0000E+04  2.6533E-12  0.0000E+00
  4.8860E+01  4.8930E+01  1.0000E+00  1.0000E+04  2.6533E-12  0.0000E+00
  4.9000E+01  4.9070E+01  1.0000E+00  1.0000E+04  2.6533E-12  0.0000E+00
  4.9140E+01  4.9210E+01  1.0000E+00  1.0000E+04  2.6533E-12  0.0000E+00
  4.9280E+01  4.9350E+01  1.0000E+00  1.0000E+04  2.6533E-12  0.0000E+00
  4.9420E+01  4.9490E+01  1.0000E+00  1.0000E+04  2.6533E-12  0.0000E+00
  4.9560E+01  4.9630E+01  1.0000E+00  1.0000E+04  2.6533E-12  0.0000E+00
  4.9700E+01  4.9770E+01  1.0000E+00  1.0000E+04  2.6533E-12  0.0000E+00
  4.9840E+01  4.9910E+01  1.0000E+00  1.0000E+04  2.6533E-12  0.0000E+00
  4.9980E+01  5.0050E+01  1.0000E+00  1.0000E+04  2.6533E-12  0.0000E+00
  5.0120E+01  5.0190E+01  1.0000E+00  1.0000E+04  2.6533E-12  0.0000E+00
  5.0260E+01  5.0330E+01  1.0000E+00  1.0000E+04  2.6533E-12  0.0000E+00
  5.0400E+01  5.0470E+01  1.0000E+00  1.0000E+04  2.6533E-12  0.0000E+00
  5.0540E+01  5.0610E+01  1.0000E+00  1.0000E+04  2.6533E-12  0.0000E+00
  5.0680E+01  5.0750E+01  1.0000E+00  1.0000E+04  2.6533E-12  0.0000E+00
  5.0820E+01  5.0890E+01  1.0000E+00  1.0000E+04  2.6533E-12  0.0000E+00
  5.0960E+01  5.1030E+01  1.0000E+00  1.0000E+04  2.6533E-12  0.0000E+00
  5.1100E+01  5.1170E+01  1.0000E+00  1.0000E+04  2.6533E-12  0.0000E+00
  5.1240E+01  5.1310E+01  1.0000E+00  1.0000E+04  2.6533E-12  0.0000E+00
  5.1380E+01  5.1450E+01  1.0000E+00  1.0000E+04  2.6533E-12  0.0000E+00
  5.1520E+01  5.1590E+01  1.0000E+00  1.0000E+04  2.6533E-12  0.0000E+00
  5.1660E+01  5.1730E+01  1.0000E+00  1.0000E+04  2.6533E-12  0.0000E+00
  5.1800E+01  5.1870E+01  1.0000E+00  1.0000E+04  2.6533E-12  0.0000E+00
  5.1940E+01  5.2010E+01  1.0000E+00  1.0000E+04  2.6533E-12  0.0000E+00
  5.2080E+01  5.2150E+01  1.0000E+00  1.0000E+04  2.6533E-12  0.0000E+00
  5.2220E+01  5.2290E+01  1.0000E+00  1.0000E+04  2.6533E-12  0.0000E+00
  5.2360E+01  5.2430E+01  1.0000E+00  1.0000E+04  2.6533E-12  0.0000E+00
  5.2500E+01  5.2570E+01  1.0000E+00  1.0000E+04  2.6533E-12  0.0000E+00
  5.2640E+01  5.2710E+01  1.0000E+00  1.0000E+04  2.6533E-12  0.0000E+00
  5.2780E+01  5.2850E+01  1.0000E+00  1.0000E+04  2.6533E-12  0.0000E+00
  5.2920E+01  5.2990E+01  1.0000E+00  1.0000E+04  2.6533E-12  0.0000E+00
  5.3060E+01  5.3130E+01  1.0000E+00  1.0000E+04  2.6533E-12  0.0000E+00
  5.3200E+01  5.3270E+01  1.0000E+00  1.0000E+04  2.6533E-12  0.0000E+00
  5.3340E+01  5.3410E+01  1.0000E+00  1.0000E+04  2.6533E-12  0.0000E+00
  5.3480E+01  5.3550E+01  1.0000E+00  1.0000E+04  2.6533E-12  0.0000E+00
  5.3620E+01  5.3690E+01  1.0000E+00  1.0000E+04  2.6533E-12  0.0000E+00
  5.3760E+01  5.3830E+01  1.0000E+00  1.0000E+04  2.6533E-12  0.0000E+00
  5.3900E+01  5.3970E+01  1.0000E+00  1.0000E+04  2.6533E-12  0.0000E+00
  5.4040E+01  5.4110E+01  1.0000E+00  1.0000E+04  2.6533E-12  0.0000E+00
  5.4180E+01  5.4250E+01  1.0000E+00  1.0000E+04  2.6533E-12  0.0000E+00
  5.4320E+01  5.4390E+01  1.0000E+00  1.0000E+04  2.6533E-12  0.0000E+00
  5.4460E+01  5.4530E+01  1.0000E+00  1.0000E+04  2.6533E-12  0.0000E+00
  5.4600E+01  5.4670E+01  1.0000E+00  1.0000E+04  2.6533E-12  0.0000E+00
  5.4740E+01  5.4810E+01  1.0000E+00  1.0000E+04  2.6533E-12  0.0000E+00
  5.4880E+01  5.4950E+01  1.0000E+00  1.0000E+04  2.6533E-12  0.0000E+00
  5.5020E+01  5.5090E+01  1.0000E+00  1.0000E+04  2.6533E-12  0.0000E+00
  5.5160E+01  5.5230E+01  1.0000E+00  1.0000E+04  2.6533E-12  0.0000E+00
  5.5300E+01  5.5370E+01  1.0000E+00  1.0000E+04  2.6533E-12  0.0000E+00
  5.5440E+01  5.5510E+01  1.0000E+00  1.0000E+04  2.6533E-12  0.0000E+00
  5.5580E+01  5.5650E+01  1.0000E+00  1.0000E+04  2.6533E-12  0.0000E+00
  5.5720E+01  5.5790E+01  1.0000E+00  1.0000E+04  2.6533E-12  0.0000E+00
  5.5860E+01  5.5930E+01  1.0000E+00  1.0000E+04  2.6533E-12  0.0000E+00
  5.6000E+01  5.6070E+01  1.0000E+00  1.0000E+04  2.6533E-12  0.0000E+00
  5.6140E+01  5.6210E+01  1.0000E+00  1.0000E+04  2.6533E-12  0.0000E+00
  5.6280E+01  5.6350E+01  1.0000E+00  1.0000E+04  2.6533E-12  0.0000E+00
  5.6420E+01  5.6490E+01  1.0000E+00  1.0000E+04  2.6533E-12  0.0000E+00
  5.6560E+01  5.6630E+01  1.0000E+00  1.0000E+04  2.6533E-12  0.0000E+00
  5.6700E+01  5.6770E+01  1.0000E+00  1.0000E+04  2.6533E-12  0.0000E+00
  5.6840E+01  5.6910E+01  1.0000E+00  1.0000E+04  2.6533E-12  0.0000E+00
  5.6980E+01  5.7050E+01  1.0000E+00  1.0000E+04  2.6533E-12  0.0000E+00
  5.7120E+01  5.7190E+01  1.0000E+00  1.0000E+04  2.6533E-12  0.0000E+00
  5.7260E+01  5.7330E+01  1.0000E+00  1.0000E+04  2.6533E-12  0.0000E+00
  5.7400E+01  5.7470E+01  1.0000E+00  1.0000E+04  2.6533E-12  0.0000E+00
  5.7540E+01  5.7610E+01  1.0000E+00  1.0000E+04  2.6533E-12  0.0000E+00
  5.7680E+01  5.7750E+01  1.0000E+00  1.0000E+04  2.6533E-12  0.0000E+00
  5.7820E+01  5.7890E+01  1.0000E+00  1.0000E+04  2.6533E-12  0.0000E+00
  5.7960E+01  5.8030E+01  1.0000E+00  1.0000E+04  2.6533E-12  0.0000E+00
  5.8100E+01  5.8170E+01  1.0000E+00  1.0000E+04  2.6533E-12  0.0000E+00
  5.8240E+01  5.8310E+01  1.0000E+00  1.0000E+04  2.6533E-12  0.0000E+00
  5.8380E+01  5.8450E+01  1.0000E+00  1.0000E+04  2.6533E-12  0.0000E+00
  5.8520E+01  5.8590E+01  1.0000E+00  1.0000E+04  2.6533E-12  0.0000E+00
  5.8660E+01  5.8730E+01  1.0000E+00  1.0000E+04  2.6533E-12  0.0000E+00
  5.8800E+01  5.8870E+01  1.0000E+00  1.0000E+04  2.6533E-12  0.0000E+00
  5.8940E+01  5.9010E+01  1.0000E+00  1.0000E+04  2.6533E-12  0.0000E+00
  5.9080E+01  5.9150E+01  1.0000E+00  1.0000E+04  2.6533E-12  0.0000E+00
  5.9220E+01  5.9290E+01  1.0000E+00  1.0000E+04  2.6533E-12  0.0000E+00
  5.9360E+01  5.9430E+01  1.0000E+00  1.0000E+04  2.6533E-12  0.0000E+00
  5.9500E+01  5.9570E+01  1.0000E+00  1.0000E+04  2.6533E-12  0.0000E+00
  5.9640E+01  5.9710E+01  1.0000E+00  1.0000E+04  2.6533E-12  0.0000E+00
  5.9780E+01  5.9850E+01  1.0000E+00  1.0000E+04  2.6533E-12  0.0000E+00
  5.9920E+01  5.9990E+01  1.0000E+00  1.0000E+04  2.6533E-12  0.0000E+00
  6.0060E+01  6.0130E+01  1.0000E+00  1.0000E+04  2.6533E-12  0.0000E+00
  6.0200E+01  6.0270E+01  1.0000E+00  1.0000E+04  2.6533E-12  0.0000E+00
  6.0340E+01  6.0410E+01  1.0000E+00  1.0000E+04  2.6533E-12  0.0000E+00
  6.0480E+01  6.0550E+01  1.0000E+00  1.0000E+04  2.6533E-12  0.0000E+00
  6.0620E+01  6.0690E+01  1.0000E+00  1.0000E+04  2.6533E-12  0.0000E+00
  6.0760E+01  6.0830E+01  1.0000E+00  1.0000E+04  2.6533E-12  0.0000E+00
  6.0900E+01  6.0970E+01  1.0000E+00  1.0000E+04  2.6533E-12  0.0000E+00
  6.1040E+01  6.1110E+01  1.0000E+00  1.0000E+04  2.6533E-12  0.0000E+00
  6.1180E+01  6.1250E+01  1.0000E+00  1.0000E+04  2.6533E-12  0.0000E+00
  6.1320E+01  6.1390E+01  1.0000E+00  1.0000E+04  2.6533E-12  0.0000E+00
  6.1460E+01  6.1530E+01  1.0000E+00  1.0000E+04  2.6533E-12  0.0000E+00
  6.1600E+01  6.1670E+01  1.0000E+00  1.0000E+04  2.6533E-12  0.0000E+00
  6.1740E+01  6.1810E+01  1.0000E+00  1.0000E+04  2.6533E-12  0.0000E+00
  6.1880E+01  6.1950E+01  1.0000E+00  1.0000E+04  2.6533E-12  0.0000E+00
  6.2020E+01  6.2090E+01  1.0000E+00  1.0000E+04  2.6533E-12  0.0000E+00
  6.2160E+01  6.2230E+01  1.0000E+00  1.0000E+04  2.6533E-12  0.0000E+00
  6.2300E+01  6.2370E+01  1.0000E+00  1.0000E+04  2.6533E-12  0.0000E+00
  6.2440E+01  6.2510E+01  1.0000E+00  1.0000E+04  2.6533E-12  0.0000E+00
  6.2580E+01  6.2650E+01  1.0000E+00  1.0000E+04  2.6533E-12  0.0000E+00
  6.2720E+01  6.2790E+01  1.0000E+00  1.0000E+04  2.6533E-12  0.0000E+00
  6.2860E+01  6.2930E+01  1.0000E+00  1.0000E+04  2.6533E-12  0.0000E+00
  6.3000E+01  6.3070E+01  1.0000E+00  1.0000E+04  2.6533E-12  0.0000E+00
  6.3140E+01  6.3210E+01  1.0000E+00  1.0000E+04  2.6533E-12  0.0000E+00
  6.3280E+01  6.3350E+01  1.0000E+00  1.0000E+04  2.6533E-12  0.0000E+00
  6.3420E+01  6.3490E+01  1.0000E+00  1.0000E+04  2.6533E-12  0.0000E+00
  6.3560E+01  6.3630E+01  1.0000E+00  1.0000E+04  2.6533E-12  0.0000E+00
  6.3700E+01  6.3770E+01  1.0000E+00  1.0000E+04  2.6533E-12  0.0000E+00
  6.3840E+01  6.3910E+01  1.0000E+00  1.0000E+04  2.6533E-12  0.0000E+00
  6.3980E+01  6.4050E+01  1.0000E+00  1.0000E+04  2.6533E-12  0.0000E+00
  6.4120E+01  6.4190E+01  1.0000E+00  1.0000E+04  2.6533E-12  0.0000E+00
  6.4260E+01  6.4330E+01  1.0000E+00  1.0000E+04  2.6533E-12  0.0000E+00
  6.4400E+01  6.4470E+01  1.0000E+00  1.0000E+04  2.6533E-12  0.0000E+00
  6.4540E+01  6.4610E+01  1.0000E+00  1.0000E+04  2.6533E-12  0.0000E+00
  6.4680E+01  6.4750E+01  1.0000E+00  1.0000E+04  2.6533E-12  0.0000E+00
  6.4820E+01  6.4890E+01  1.0000E+00  1.0000E+04  2.6533E-12  0.0000E+00
  6.4960E+01  6.5030E+01  1.0000E+00  1.0000E+04  2.6533E-12  0.0000E+00
  6.5100E+01  6.5170E+01  1.0000E+00  1.0000E+04  2.6533E-12  0.0000E+00
  6.5240E+01  6.5310E+01  1.0000E+00  1.0000E+04  2.6533E-12  0.0000E+00
  6.5380E+01  6.5450E+01  1.0000E+00  1.0000E+04  2.6533E-12  0.0000E+00
  6.5520E+01  6.5590E+01  1.0000E+00  1.0000E+04  2.6533E-12  0.0000E+00
  6.5660E+01  6.5730E+01  1.0000E+00  1.0000E+04  2.6533E-12  0.0000E+00
  6.5800E+01  6.5870E+01  1.0000E+00  1.0000E+04  2.6533E-12  0.0000E+00
  6.5940E+01  6.6010E+01  1.0000E+00  1.0000E+04  2.6533E-12  0.0000E+00
  6.6080E+01  6.6150E+01  1.0000E+00  1.0000E+04  2.6533E-12  0.0000E+00
  6.6220E+01  6.6290E+01  1.0000E+00  1.0000E+04  2.6533E-12  0.0000E+00
  6.6360E+01  6.6430E+01  1.0000E+00  1.0000E+04  2.6533E-12  0.0000E+00
  6.6500E+01  6.6570E+01  1.0000E+00  1.0000E+04  2.6533E-12  0.0000E+00
  6.6640E+01  6.6710E+01  1.0000E+00  1.0000E+04  2.6533E-12  0.0000E+00
  6.6780E+01  6.6850E+01  1.0000E+00  1.0000E+04  2.6533E-12  0.0000E+00
  6.6920E+01  6.6990E+01  1.0000E+00  1.0000E+04  2.6533E-12  0.0000E+00
  6.7060E+01  6.7130E+01  1.0000E+00  1.0000E+04  2.6533E-12  0.0000E+00
  6.7200E+01  6.7270E+01  1.0000E+00  1.0000E+04  2.6533E-12  0.0000E+00
  6.7340E+01  6.7410E+01  1.0000E+00  1.0000E+04  2.6533E-12  0.0000E+00
  6.7480E+01  6.7550E+01  1.0000E+00  1.0000E+04  2.6533E-12  0.0000E+00
  6.7620E+01  6.7690E+01  1.0000E+00  1.0000E+04  2.6533E-12  0.0000E+00
  6.7760E+01  6.7830E+01  1.0000E+00  1.0000E+04  2.6533E-12  0.0000E+00
  6.7900E+01  6.7970E+01  1.0000E+00  1.0000E+04  2.6533E-12  0.0000E+00
  6.8040E+01  6.8110E+01  1.0000E+00  1.0000E+04  2.6533E-12  0.0000E+00
  6.8180E+01  6.8250E+01  1.0000E+00  1.0000E+04  2.6533E-12  0.0000E+00
  6.8320E+01  6.8390E+01  1.0000E+00  1.0000E+04  2.6533E-12  0.0000E+00
  6.8460E+01  6.8530E+01  1.0000E+00  1.0000E+04  2.6533E-12  0.0000E+00
  6.8600E+01  6.8670E+01  1.0000E+00  1.0000E+04  2.6533E-12  0.0000E+00
  6.8740E+01  6.8810E+01  1.0000E+00  1.0000E+04  2.6533E-12  0.0000E+00
  6.8880E+01  6.8950E+01  1.0000E+00  1.0000E+04  2.6533E-12  0.0000E+00
  6.9020E+01  6.9090E+01  1.0000E+00  1.0000E+04  2.6533E-12  0.0000E+00
  6.9160E+01  6.9230E+01  1.0000E+00  1.0000E+04  2.6533E-12  0.0000E+00
  6.9300E+01  6.9370E+01  1.0000E+00  1.0000E+04  2.6533E-12  0.0000E+00
  6.9440E+01  6.9510E+01  1.0000E+00  1.0000E+04  2.6533E-12  0.0000E+00
  6.9580E+01  6.9650E+01  1.0000E+00  1.0000E+04  2.6533E-12  0.0000E+00
  6.9720E+01  6.9790E+01  1.0000E+00  1.0000E+04  2.6533E-12  0.0000E+00
