  1.0014E+03  1.2782E+36
  2.0012E+03  2.3420E+36
  3.0009E+03  2.9955E+36
  4.0000E+03  4.0319E+36
  5.0001E+03  5.2091E+36
  6.0013E+03  6.3044E+36
  7.0012E+03  8.0302E+36
  8.0014E+03  9.3071E+36
  9.0008E+03  1.1176E+37
  1.0001E+04  1.3864E+37
  1.1001E+04  1.5235E+37
  1.2002E+04  1.9975E+37
  1.3002E+04  2.2850E+37
  1.4001E+04  2.6688E+37
  1.5002E+04  3.1738E+37
  1.6002E+04  3.2402E+37
  1.7002E+04  3.9612E+37
  1.8001E+04  4.1463E+37
  1.9002E+04  5.2055E+37
  2.0002E+04  5.5669E+37
  2.1000E+04  5.9990E+37
  2.2001E+04  6.5132E+37
  2.3000E+04  7.1372E+37
  2.4001E+04  7.8945E+37
  2.5002E+04  8.8195E+37
  2.6001E+04  8.0108E+37
  2.7000E+04  9.1336E+37
  2.8002E+04  8.3461E+37
  2.9001E+04  7.6784E+37
  3.0002E+04  5.6653E+37
  3.1003E+04  5.3223E+37
  3.2002E+04  4.0618E+37
  3.3001E+04  3.8894E+37
  3.4000E+04  3.0512E+37
  3.5002E+04  2.4307E+37
  3.6001E+04  2.3767E+37
  3.7002E+04  1.9316E+37
  3.8001E+04  1.9074E+37
  3.9001E+04  1.5760E+37
  4.0001E+04  1.5675E+37
  4.1002E+04  1.3125E+37
  4.2000E+04  1.1086E+37
  4.3002E+04  1.1121E+37
  4.4001E+04  9.4872E+36
  4.5000E+04  9.5558E+36
  4.6002E+04  8.2176E+36
  4.7001E+04  7.1089E+36
  4.8003E+04  7.1872E+36
  4.9001E+04  6.2579E+36
  5.0002E+04  5.4707E+36
  5.1003E+04  5.5434E+36
  5.2003E+04  4.8703E+36
  5.3002E+04  4.9348E+36
  5.4001E+04  4.3540E+36
  5.5002E+04  3.8523E+36
  5.6001E+04  3.9011E+36
  5.7000E+04  3.4630E+36
  5.8001E+04  3.0810E+36
  5.9001E+04  3.1158E+36
  6.0002E+04  2.7785E+36
  6.1002E+04  2.4831E+36
  6.2000E+04  2.5067E+36
  6.3001E+04  2.2442E+36
  6.4002E+04  2.0122E+36
  6.5002E+04  2.0268E+36
  6.6000E+04  1.8205E+36
  6.7002E+04  1.6366E+36
  6.8003E+04  1.6450E+36
  6.9001E+04  1.4810E+36
  7.0001E+04  1.3347E+36
  7.1001E+04  1.3387E+36
  7.2002E+04  1.2073E+36
  7.3001E+04  1.2088E+36
  7.4000E+04  1.0911E+36
  7.5000E+04  9.8544E+35
  7.6001E+04  9.8466E+35
  7.7002E+04  8.8970E+35
  7.8001E+04  8.8772E+35
  7.9002E+04  8.0237E+35
  8.0001E+04  7.9929E+35
  8.1001E+04  7.2285E+35
  8.2000E+04  7.1898E+35
  8.3003E+04  6.5015E+35
  8.4003E+04  6.4576E+35
  8.5002E+04  5.8419E+35
  8.6002E+04  5.7946E+35
  8.7002E+04  5.2424E+35
  8.8002E+04  5.1933E+35
  8.9001E+04  4.6983E+35
  9.0001E+04  4.6486E+35
  9.1001E+04  4.2051E+35
  9.2001E+04  4.1557E+35
  9.3000E+04  3.7586E+35
  9.4000E+04  3.7102E+35
  9.5003E+04  3.3539E+35
  9.6003E+04  3.3070E+35
  9.7002E+04  3.2580E+35
  9.8002E+04  2.9443E+35
  9.9002E+04  2.8977E+35
  1.0000E+05  2.6177E+35
  1.0100E+05  2.5735E+35
  1.0200E+05  2.5282E+35
  1.0300E+05  2.2824E+35
  1.0400E+05  2.2400E+35
  1.0500E+05  2.1968E+35
  1.0600E+05  1.9816E+35
  1.0700E+05  1.9416E+35
  1.0800E+05  1.9005E+35
  1.0900E+05  1.8598E+35
  1.1000E+05  1.6757E+35
  1.1100E+05  1.6383E+35
  1.1200E+05  1.6007E+35
  1.1300E+05  1.4410E+35
  1.1400E+05  1.4067E+35
  1.1500E+05  1.3726E+35
  1.1600E+05  1.3385E+35
  1.1700E+05  1.2034E+35
  1.1800E+05  1.1726E+35
  1.1900E+05  1.1421E+35
  1.2000E+05  1.1118E+35
  1.2100E+05  1.0816E+35
  1.2200E+05  9.7085E+34
  1.2300E+05  9.4406E+34
  1.2400E+05  9.1766E+34
  1.2500E+05  8.9169E+34
  1.2600E+05  8.6619E+34
  1.2700E+05  8.4120E+34
  1.2800E+05  7.5378E+34
  1.2900E+05  7.3170E+34
  1.3000E+05  7.1016E+34
  1.3100E+05  6.8923E+34
  1.3200E+05  6.6895E+34
  1.3300E+05  6.4939E+34
  1.3400E+05  6.3044E+34
  1.3500E+05  6.6609E+34
  1.3600E+05  6.4880E+34
  1.3700E+05  1.2696E+35
  1.3800E+05  1.2730E+35
  1.3900E+05  1.4425E+35
  1.4000E+05  1.4589E+35
  1.4100E+05  1.4791E+35
  1.4200E+05  1.5027E+35
  1.4300E+05  1.3491E+35
  1.4400E+05  1.3742E+35
  1.4500E+05  1.4021E+35
  1.4600E+05  1.4328E+35
  1.4700E+05  1.2898E+35
  1.4800E+05  1.3209E+35
  1.4900E+05  1.3546E+35
  1.5000E+05  1.2226E+35
  1.5100E+05  1.2562E+35
  1.5200E+05  1.1360E+35
  1.5300E+05  1.1694E+35
  1.5400E+05  1.2054E+35
  1.5500E+05  1.0925E+35
  1.5600E+05  1.1282E+35
  1.5700E+05  1.0245E+35
  1.5800E+05  1.0598E+35
  1.5900E+05  9.6421E+34
  1.6000E+05  8.7884E+34
  1.6100E+05  9.1044E+34
  1.6200E+05  8.3176E+34
  1.6300E+05  8.6291E+34
  1.6400E+05  7.8989E+34
  1.6500E+05  8.2066E+34
  1.6600E+05  7.5260E+34
  1.6700E+05  6.9175E+34
  1.6800E+05  7.1937E+34
  1.6900E+05  6.6245E+34
  1.7000E+05  6.1130E+34
  1.7100E+05  6.3626E+34
  1.7200E+05  5.8824E+34
  1.7300E+05  5.4479E+34
  1.7400E+05  5.6745E+34
  1.7500E+05  5.2662E+34
  1.7600E+05  4.8962E+34
  1.7700E+05  4.5599E+34
  1.7800E+05  4.7528E+34
  1.7900E+05  4.4344E+34
  1.8000E+05  4.1440E+34
  1.8100E+05  3.8785E+34
  1.8200E+05  4.0453E+34
  1.8300E+05  3.7927E+34
  1.8400E+05  3.5610E+34
  1.8500E+05  3.3482E+34
  1.8600E+05  3.1517E+34
  1.8700E+05  3.2900E+34
  1.8800E+05  3.1025E+34
  1.8900E+05  2.9295E+34
  1.9000E+05  2.7695E+34
  1.9100E+05  2.6215E+34
  1.9200E+05  2.4844E+34
  1.9300E+05  2.3571E+34
  1.9400E+05  2.2390E+34
  1.9500E+05  2.3405E+34
  1.9600E+05  2.2262E+34
  1.9700E+05  2.1197E+34
  1.9800E+05  2.0205E+34
  1.9900E+05  1.9277E+34
  2.0000E+05  1.8412E+34
  2.0100E+05  1.7604E+34
  2.0200E+05  1.6848E+34
  2.0300E+05  1.6139E+34
  2.0400E+05  1.5475E+34
  2.0500E+05  1.4851E+34
  2.0600E+05  1.4266E+34
  2.0700E+05  1.3715E+34
  2.0800E+05  1.3197E+34
  2.0900E+05  1.2709E+34
  2.1000E+05  1.2249E+34
  2.1100E+05  1.1816E+34
  2.1200E+05  1.1405E+34
  2.1300E+05  1.1018E+34
  2.1400E+05  1.0652E+34
  2.1500E+05  1.0306E+34
  2.1601E+05  9.9763E+33
  2.1700E+05  9.6657E+33
  2.1800E+05  8.6766E+33
  2.1900E+05  8.4231E+33
  2.2000E+05  8.1820E+33
  2.2100E+05  7.9527E+33
  2.2201E+05  7.7333E+33
  2.2301E+05  7.5256E+33
  2.2400E+05  7.3294E+33
  2.2500E+05  7.1406E+33
  2.2600E+05  6.9609E+33
  2.2701E+05  6.3211E+33
  2.2800E+05  6.1731E+33
  2.2901E+05  6.0294E+33
  2.3000E+05  5.8939E+33
  2.3100E+05  5.7636E+33
  2.3201E+05  5.6382E+33
  2.3300E+05  5.5187E+33
  2.3400E+05  5.0527E+33
  2.3501E+05  4.9519E+33
  2.3601E+05  4.8557E+33
  2.3701E+05  4.7630E+33
  2.3800E+05  4.6744E+33
  2.3901E+05  4.5881E+33
  2.4001E+05  4.2269E+33
  2.4101E+05  4.1544E+33
  2.4200E+05  4.0849E+33
  2.4301E+05  4.0171E+33
  2.4401E+05  3.9522E+33
  2.4501E+05  3.8893E+33
  2.4600E+05  3.6031E+33
  2.4701E+05  3.5492E+33
  2.4800E+05  3.4975E+33
  2.4900E+05  3.4474E+33
  2.5000E+05  3.3987E+33
  2.5100E+05  3.3513E+33
  2.5201E+05  3.1189E+33
  2.5300E+05  3.0784E+33
  2.5401E+05  3.0384E+33
  2.5500E+05  2.9999E+33
  2.5600E+05  2.9623E+33
  2.5700E+05  2.9256E+33
  2.5800E+05  2.8896E+33
  2.5901E+05  2.7012E+33
  2.6001E+05  2.6695E+33
  2.6100E+05  2.6387E+33
  2.6201E+05  2.6081E+33
  2.6301E+05  2.5783E+33
  2.6400E+05  2.5489E+33
  2.6500E+05  2.5199E+33
  2.6600E+05  2.4912E+33
  2.6700E+05  2.3368E+33
  2.6800E+05  2.3107E+33
  2.6900E+05  2.2847E+33
  2.7001E+05  2.2587E+33
  2.7100E+05  2.2331E+33
  2.7200E+05  2.2072E+33
  2.7301E+05  2.1813E+33
  2.7400E+05  2.1555E+33
  2.7500E+05  2.1297E+33
  2.7601E+05  2.1033E+33
  2.7700E+05  2.0769E+33
  2.7800E+05  2.0501E+33
  2.7900E+05  2.1276E+33
  2.8001E+05  2.2062E+33
  2.8101E+05  2.2859E+33
  2.8201E+05  2.3654E+33
  2.8301E+05  2.4439E+33
  2.8401E+05  2.6704E+33
  2.8500E+05  2.7573E+33
  2.8600E+05  2.8418E+33
  2.8700E+05  2.9242E+33
  2.8801E+05  3.2011E+33
  2.8901E+05  3.2925E+33
  2.9000E+05  3.3838E+33
  2.9100E+05  3.4727E+33
  2.9201E+05  3.5614E+33
  2.9300E+05  3.6522E+33
  2.9400E+05  3.7424E+33
  2.9501E+05  3.8343E+33
  2.9600E+05  3.9304E+33
  2.9701E+05  3.7521E+33
  2.9800E+05  3.8465E+33
  2.9901E+05  3.6728E+33
  3.0000E+05  3.7662E+33
  3.0101E+05  3.5972E+33
  3.0201E+05  3.4363E+33
  3.0301E+05  3.5251E+33
  3.0400E+05  3.3700E+33
  3.0501E+05  3.4564E+33
  3.0600E+05  3.3053E+33
  3.0701E+05  3.1599E+33
  3.0800E+05  3.2440E+33
  3.0901E+05  3.1022E+33
  3.1000E+05  3.1859E+33
  3.1101E+05  3.0477E+33
  3.1200E+05  2.9175E+33
  3.1300E+05  2.9978E+33
  3.1401E+05  2.8695E+33
  3.1500E+05  2.9497E+33
  3.1601E+05  2.8245E+33
  3.1700E+05  2.7065E+33
  3.1801E+05  2.7829E+33
  3.1901E+05  2.6678E+33
  3.2000E+05  2.7461E+33
  3.2101E+05  2.6327E+33
  3.2200E+05  2.7127E+33
  3.2301E+05  2.6027E+33
  3.2401E+05  2.6870E+33
  3.2500E+05  3.8008E+33
  3.2601E+05  4.3577E+33
  3.2700E+05  4.6176E+33
  3.2801E+05  4.9043E+33
  3.2901E+05  4.7708E+33
  3.3000E+05  4.6439E+33
  3.3101E+05  4.5218E+33
  3.3200E+05  4.8186E+33
  3.3301E+05  4.6960E+33
  3.3401E+05  4.5798E+33
  3.3500E+05  4.4683E+33
  3.3601E+05  4.3601E+33
  3.3700E+05  4.2571E+33
  3.3801E+05  4.1570E+33
  3.3901E+05  4.0616E+33
  3.4000E+05  3.9696E+33
  3.4101E+05  3.8800E+33
  3.4200E+05  3.7946E+33
  3.4301E+05  3.7112E+33
  3.4401E+05  3.6315E+33
  3.4500E+05  3.5545E+33
  3.4601E+05  3.4793E+33
  3.4700E+05  3.4074E+33
  3.4801E+05  3.3371E+33
  3.4900E+05  3.2699E+33
  3.5000E+05  3.2048E+33
  3.5101E+05  3.1412E+33
  3.5200E+05  3.0803E+33
  3.5301E+05  3.0206E+33
  3.5400E+05  2.9635E+33
  3.5500E+05  2.9083E+33
  3.5601E+05  2.8541E+33
  3.5700E+05  2.8023E+33
  3.5801E+05  2.7515E+33
  3.5900E+05  2.7027E+33
  3.6000E+05  2.6555E+33
  3.6101E+05  2.6092E+33
  3.6200E+05  2.5649E+33
  3.6301E+05  2.5214E+33
  3.6400E+05  2.4796E+33
  3.6500E+05  2.4391E+33
  3.6601E+05  2.3994E+33
  3.6700E+05  2.3612E+33
  3.6801E+05  2.3238E+33
  3.6900E+05  2.2878E+33
  3.7000E+05  2.2530E+33
  3.7101E+05  2.2187E+33
  3.7200E+05  2.1858E+33
  3.7301E+05  2.1534E+33
  3.7400E+05  2.1223E+33
  3.7500E+05  2.0920E+33
  3.7601E+05  2.0623E+33
  3.7700E+05  2.0338E+33
  3.7801E+05  2.0057E+33
  3.7900E+05  1.8405E+33
  3.8000E+05  1.8166E+33
  3.8101E+05  1.7931E+33
  3.8200E+05  1.7705E+33
  3.8301E+05  1.7482E+33
  3.8400E+05  1.7268E+33
  3.8500E+05  1.7059E+33
  3.8601E+05  1.6854E+33
  3.8700E+05  1.6656E+33
  3.8801E+05  1.6461E+33
  3.8900E+05  1.6273E+33
  3.9000E+05  1.6090E+33
  3.9101E+05  1.5910E+33
  3.9200E+05  1.4693E+33
  3.9301E+05  1.4537E+33
  3.9400E+05  1.4386E+33
  3.9500E+05  1.4240E+33
  3.9601E+05  1.4095E+33
  3.9700E+05  1.3956E+33
  3.9801E+05  1.3818E+33
  3.9900E+05  1.3685E+33
  4.0000E+05  1.3556E+33
  4.0101E+05  1.3428E+33
  4.0200E+05  1.3304E+33
  4.0301E+05  1.3182E+33
  4.0400E+05  1.2237E+33
  4.0500E+05  1.2133E+33
  4.0601E+05  1.2030E+33
  4.0700E+05  1.1930E+33
  4.0801E+05  1.1831E+33
  4.0900E+05  1.1736E+33
  4.1000E+05  1.1643E+33
  4.1101E+05  1.1551E+33
  4.1200E+05  1.1462E+33
  4.1301E+05  1.0678E+33
  4.1400E+05  1.0601E+33
  4.1500E+05  1.0525E+33
  4.1601E+05  1.0451E+33
  4.1701E+05  1.0379E+33
  4.1801E+05  1.0308E+33
  4.1900E+05  1.0239E+33
  4.2001E+05  1.0171E+33
  4.2101E+05  1.0105E+33
  4.2201E+05  1.0040E+33
  4.2300E+05  9.3874E+32
  4.2401E+05  9.3307E+32
  4.2500E+05  9.2761E+32
  4.2600E+05  9.2223E+32
  4.2701E+05  9.1693E+32
  4.2801E+05  9.1177E+32
  4.2901E+05  9.0669E+32
  4.3001E+05  9.0177E+32
  4.3101E+05  8.9694E+32
  4.3201E+05  8.4098E+32
  4.3301E+05  8.3680E+32
  4.3400E+05  8.3268E+32
  4.3501E+05  8.2864E+32
  4.3601E+05  8.2467E+32
  4.3701E+05  8.2081E+32
  4.3800E+05  8.1701E+32
  4.3901E+05  8.1328E+32
  4.4001E+05  8.0962E+32
  4.4100E+05  7.6112E+32
  4.4201E+05  7.5791E+32
  4.4301E+05  7.5481E+32
  4.4400E+05  7.5176E+32
  4.4501E+05  7.4877E+32
  4.4601E+05  7.4582E+32
  4.4701E+05  7.4291E+32
  4.4801E+05  7.4009E+32
  4.4900E+05  7.3731E+32
  4.5001E+05  7.3454E+32
  4.5101E+05  7.3185E+32
  4.5201E+05  6.8982E+32
  4.5301E+05  6.8746E+32
  4.5400E+05  6.8516E+32
  4.5501E+05  6.8287E+32
  4.5601E+05  6.8060E+32
  4.5701E+05  6.7839E+32
  4.5800E+05  6.7620E+32
  4.5901E+05  6.7400E+32
  4.6001E+05  6.7185E+32
  4.6101E+05  6.6972E+32
  4.6201E+05  6.6761E+32
  4.6301E+05  6.6552E+32
  4.6400E+05  6.6348E+32
  4.6500E+05  6.2686E+32
  4.6601E+05  6.2498E+32
  4.6700E+05  6.2314E+32
  4.6801E+05  6.2127E+32
  4.6900E+05  6.1943E+32
  4.7001E+05  6.1755E+32
  4.7101E+05  6.1568E+32
  4.7201E+05  6.1380E+32
  4.7301E+05  6.1192E+32
  4.7401E+05  6.1002E+32
  4.7501E+05  6.0811E+32
  4.7601E+05  6.0618E+32
  4.7701E+05  6.0423E+32
  4.7801E+05  6.0226E+32
  4.7900E+05  6.0029E+32
  4.8001E+05  5.9824E+32
  4.8101E+05  5.9615E+32
  4.8201E+05  5.9404E+32
  4.8301E+05  5.9183E+32
  4.8401E+05  5.8961E+32
  4.8500E+05  5.8731E+32
  4.8601E+05  5.8493E+32
  4.8701E+05  5.8250E+32
  4.8801E+05  5.8001E+32
  4.8900E+05  6.0849E+32
  4.9000E+05  6.0571E+32
  4.9100E+05  6.0283E+32
  4.9200E+05  5.9980E+32
  4.9300E+05  5.9647E+32
  4.9401E+05  6.2517E+32
  4.9501E+05  6.5510E+32
  4.9601E+05  6.8629E+32
  4.9700E+05  7.1891E+32
  4.9800E+05  7.5284E+32
  4.9901E+05  7.8818E+32
  5.0000E+05  8.2511E+32
  5.0101E+05  8.6332E+32
  5.0200E+05  9.0322E+32
  5.0301E+05  9.4452E+32
  5.0400E+05  9.2672E+32
  5.0501E+05  9.6833E+32
  5.0601E+05  1.0123E+33
  5.0700E+05  9.9065E+32
  5.0801E+05  1.0356E+33
  5.0901E+05  1.0137E+33
  5.1001E+05  9.9263E+32
  5.1101E+05  9.7228E+32
  5.1201E+05  9.5258E+32
  5.1301E+05  9.3349E+32
  5.1401E+05  9.1499E+32
  5.1501E+05  9.5777E+32
  5.1601E+05  9.3907E+32
  5.1701E+05  9.2093E+32
  5.1801E+05  9.0333E+32
  5.1901E+05  8.8625E+32
  5.2000E+05  8.6992E+32
