 -1.4000E-01 -7.0000E-02  8.8787E-30 -1.7984E+04  3.1084E+18  1.8399E-11  1.5620E+10
  0.0000E+00  7.0000E-02  8.8787E-30  0.0000E+00  3.1084E+18  1.8399E-11  1.5620E+10
  1.4000E-01  2.1000E-01  2.5779E-29  1.7984E+04  1.0705E+18  1.8398E-11  5.3794E+09
  2.8000E-01  3.5000E-01  4.0519E-29  2.2420E+04  6.8106E+17  1.8397E-11  3.4224E+09
  4.2000E-01  4.9000E-01  5.2735E-29  3.1704E+04  5.2331E+17  1.8398E-11  2.6297E+09
  5.6000E-01  6.3000E-01  6.4054E-29  4.3504E+04  4.3084E+17  1.8398E-11  2.1650E+09
  7.0000E-01  7.7000E-01  7.5154E-29  5.2407E+04  3.6720E+17  1.8398E-11  1.8452E+09
  8.4000E-01  9.1000E-01  8.6358E-29  6.3697E+04  3.1956E+17  1.8398E-11  1.6058E+09
  9.8000E-01  1.0500E+00  9.7837E-29  7.3834E+04  2.8207E+17  1.8398E-11  1.4174E+09
  1.1200E+00  1.1900E+00  1.0969E-28  8.4461E+04  2.5158E+17  1.8398E-11  1.2642E+09
  1.2600E+00  1.3300E+00  1.2199E-28  9.4944E+04  2.2622E+17  1.8398E-11  1.1368E+09
  1.4000E+00  1.4700E+00  1.3478E-28  1.0548E+05  2.0475E+17  1.8398E-11  1.0289E+09
  1.5400E+00  1.6100E+00  1.4811E-28  1.1600E+05  1.8633E+17  1.8398E-11  9.3632E+08
  1.6800E+00  1.7500E+00  1.6200E-28  1.2653E+05  1.7035E+17  1.8398E-11  8.5605E+08
  1.8200E+00  1.8900E+00  1.7647E-28  1.3707E+05  1.5638E+17  1.8398E-11  7.8582E+08
  1.9600E+00  2.0300E+00  1.9158E-28  1.4760E+05  1.4405E+17  1.8398E-11  7.2388E+08
  2.1000E+00  2.1700E+00  2.0732E-28  1.5814E+05  1.3311E+17  1.8398E-11  6.6889E+08
  2.2400E+00  2.3100E+00  2.2375E-28  1.6868E+05  1.2334E+17  1.8398E-11  6.1980E+08
  2.3800E+00  2.4500E+00  2.4087E-28  1.7921E+05  1.1457E+17  1.8398E-11  5.7573E+08
  2.5200E+00  2.5900E+00  2.5872E-28  1.8975E+05  1.0666E+17  1.8398E-11  5.3601E+08
  2.6600E+00  2.7300E+00  2.7733E-28  2.0029E+05  9.9507E+16  1.8398E-11  5.0004E+08
  2.8000E+00  2.8700E+00  2.9673E-28  2.1083E+05  9.3002E+16  1.8398E-11  4.6735E+08
  2.9400E+00  3.0100E+00  3.1694E-28  2.2137E+05  8.7071E+16  1.8398E-11  4.3754E+08
  3.0800E+00  3.1500E+00  3.3800E-28  2.3191E+05  8.1646E+16  1.8398E-11  4.1028E+08
  3.2200E+00  3.2900E+00  3.5994E-28  2.4244E+05  7.6669E+16  1.8398E-11  3.8527E+08
  3.3600E+00  3.4300E+00  3.8280E-28  2.5298E+05  7.2092E+16  1.8398E-11  3.6227E+08
  3.5000E+00  3.5700E+00  4.0659E-28  2.6352E+05  6.7873E+16  1.8398E-11  3.4107E+08
  3.6400E+00  3.7100E+00  4.3137E-28  2.7406E+05  6.3974E+16  1.8398E-11  3.2148E+08
  3.7800E+00  3.8500E+00  4.5717E-28  2.8460E+05  6.0364E+16  1.8398E-11  3.0334E+08
  3.9200E+00  3.9900E+00  4.8402E-28  2.9514E+05  5.7015E+16  1.8398E-11  2.8651E+08
  4.0600E+00  4.1300E+00  5.1197E-28  3.0568E+05  5.3903E+16  1.8398E-11  2.7087E+08
  4.2000E+00  4.2700E+00  5.4105E-28  3.1622E+05  5.1005E+16  1.8398E-11  2.5631E+08
  4.3400E+00  4.4100E+00  5.7131E-28  3.2676E+05  4.8304E+16  1.8398E-11  2.4273E+08
  4.4800E+00  4.5500E+00  6.0279E-28  3.3730E+05  4.5781E+16  1.8398E-11  2.3006E+08
  4.6200E+00  4.6900E+00  6.3554E-28  3.4784E+05  4.3423E+16  1.8398E-11  2.1820E+08
  4.7600E+00  4.8300E+00  6.6960E-28  3.5838E+05  4.1214E+16  1.8398E-11  2.0711E+08
  4.9000E+00  4.9700E+00  7.0501E-28  3.6892E+05  3.9144E+16  1.8398E-11  1.9670E+08
  5.0400E+00  5.1100E+00  7.4184E-28  3.7946E+05  3.7201E+16  1.8398E-11  1.8694E+08
  5.1800E+00  5.2500E+00  7.8012E-28  3.9000E+05  3.5375E+16  1.8398E-11  1.7776E+08
  5.3200E+00  5.3900E+00  8.1992E-28  4.0054E+05  3.3658E+16  1.8398E-11  1.6914E+08
  5.4600E+00  5.5300E+00  8.6128E-28  4.1108E+05  3.2042E+16  1.8398E-11  1.6101E+08
  5.6000E+00  5.6700E+00  9.0426E-28  4.2162E+05  3.0519E+16  1.8398E-11  1.5336E+08
  5.7400E+00  5.8100E+00  9.4893E-28  4.3217E+05  2.9082E+16  1.8398E-11  1.4614E+08
  5.8800E+00  5.9500E+00  9.9534E-28  4.4271E+05  2.7726E+16  1.8398E-11  1.3933E+08
  6.0200E+00  6.0900E+00  1.0435E-27  4.5325E+05  2.6445E+16  1.8398E-11  1.3289E+08
  6.1600E+00  6.2300E+00  1.0936E-27  4.6379E+05  2.5234E+16  1.8398E-11  1.2681E+08
  6.3000E+00  6.3700E+00  1.1456E-27  4.7433E+05  2.4089E+16  1.8398E-11  1.2105E+08
  6.4400E+00  6.5100E+00  1.1996E-27  4.8487E+05  2.3004E+16  1.8398E-11  1.1560E+08
  6.5800E+00  6.6500E+00  1.2557E-27  4.9541E+05  2.1977E+16  1.8398E-11  1.1044E+08
  6.7200E+00  6.7900E+00  1.3139E-27  5.0595E+05  2.1003E+16  1.8398E-11  1.0555E+08
  6.8600E+00  6.9300E+00  1.3744E-27  5.1649E+05  2.0080E+16  1.8398E-11  1.0090E+08
  7.0000E+00  7.0700E+00  1.4371E-27  5.2703E+05  1.9204E+16  1.8398E-11  9.6501E+07
  7.1400E+00  7.2100E+00  1.5022E-27  5.3757E+05  1.8372E+16  1.8398E-11  9.2319E+07
  7.2800E+00  7.3500E+00  1.5697E-27  5.4811E+05  1.7581E+16  1.8398E-11  8.8347E+07
  7.4200E+00  7.4900E+00  1.6398E-27  5.5865E+05  1.6830E+16  1.8398E-11  8.4572E+07
  7.5600E+00  7.6300E+00  1.7125E-27  5.6919E+05  1.6116E+16  1.8398E-11  8.0983E+07
  7.7000E+00  7.7700E+00  1.7879E-27  5.7973E+05  1.5436E+16  1.8399E-11  7.7568E+07
  7.8400E+00  7.9100E+00  1.8660E-27  5.9028E+05  1.4789E+16  1.8399E-11  7.4318E+07
  7.9800E+00  8.0500E+00  1.9471E-27  6.0082E+05  1.4173E+16  1.8399E-11  7.1223E+07
  8.1200E+00  8.1900E+00  2.0312E-27  6.1136E+05  1.3587E+16  1.8399E-11  6.8276E+07
  8.2600E+00  8.3300E+00  2.1183E-27  6.2190E+05  1.3028E+16  1.8399E-11  6.5467E+07
  8.4000E+00  8.4700E+00  2.2087E-27  6.3244E+05  1.2495E+16  1.8399E-11  6.2790E+07
  8.5400E+00  8.6100E+00  2.3023E-27  6.4298E+05  1.1987E+16  1.8399E-11  6.0237E+07
  8.6800E+00  8.7500E+00  2.3993E-27  6.5352E+05  1.1503E+16  1.8399E-11  5.7802E+07
  8.8200E+00  8.8900E+00  2.4998E-27  6.6406E+05  1.1040E+16  1.8399E-11  5.5478E+07
  8.9600E+00  9.0300E+00  2.6039E-27  6.7461E+05  1.0599E+16  1.8399E-11  5.3260E+07
  9.1000E+00  9.1700E+00  2.7117E-27  6.8515E+05  1.0177E+16  1.8399E-11  5.1142E+07
  9.2400E+00  9.3100E+00  2.8234E-27  6.9569E+05  9.7748E+15  1.8399E-11  4.9119E+07
  9.3800E+00  9.4500E+00  2.9391E-27  7.0623E+05  9.3901E+15  1.8399E-11  4.7187E+07
  9.5200E+00  9.5900E+00  3.0588E-27  7.1677E+05  9.0226E+15  1.8399E-11  4.5339E+07
  9.6600E+00  9.7300E+00  3.1828E-27  7.2731E+05  8.6712E+15  1.8399E-11  4.3574E+07
  9.8000E+00  9.8700E+00  3.3111E-27  7.3786E+05  8.3352E+15  1.8399E-11  4.1885E+07
  9.9400E+00  1.0010E+01  3.4439E-27  7.4840E+05  8.0138E+15  1.8400E-11  4.0270E+07
  1.0080E+01  1.0150E+01  3.5814E-27  7.5894E+05  7.7063E+15  1.8400E-11  3.8725E+07
  1.0220E+01  1.0290E+01  3.7236E-27  7.6948E+05  7.4121E+15  1.8400E-11  3.7246E+07
  1.0360E+01  1.0430E+01  3.8707E-27  7.8003E+05  7.1304E+15  1.8400E-11  3.5831E+07
  1.0500E+01  1.0570E+01  4.0228E-27  7.9057E+05  6.8607E+15  1.8400E-11  3.4476E+07
  1.0640E+01  1.0710E+01  4.1802E-27  8.0111E+05  6.6025E+15  1.8400E-11  3.3178E+07
  1.0780E+01  1.0850E+01  4.3429E-27  8.1165E+05  6.3552E+15  1.8400E-11  3.1935E+07
  1.0920E+01  1.0990E+01  4.5112E-27  8.2220E+05  6.1182E+15  1.8400E-11  3.0744E+07
  1.1060E+01  1.1130E+01  4.6852E-27  8.3274E+05  5.8910E+15  1.8401E-11  2.9603E+07
  1.1200E+01  1.1270E+01  4.8650E-27  8.4328E+05  5.6734E+15  1.8401E-11  2.8509E+07
  1.1340E+01  1.1410E+01  5.0508E-27  8.5383E+05  5.4647E+15  1.8401E-11  2.7461E+07
  1.1480E+01  1.1550E+01  5.2428E-27  8.6437E+05  5.2646E+15  1.8401E-11  2.6455E+07
  1.1620E+01  1.1690E+01  5.4413E-27  8.7492E+05  5.0726E+15  1.8401E-11  2.5490E+07
  1.1760E+01  1.1830E+01  5.6463E-27  8.8546E+05  4.8885E+15  1.8401E-11  2.4565E+07
  1.1900E+01  1.1970E+01  5.8580E-27  8.9600E+05  4.7118E+15  1.8402E-11  2.3678E+07
  1.2040E+01  1.2110E+01  6.0767E-27  9.0655E+05  4.5423E+15  1.8402E-11  2.2826E+07
  1.2180E+01  1.2250E+01  6.3026E-27  9.1709E+05  4.3796E+15  1.8402E-11  2.2008E+07
  1.2320E+01  1.2390E+01  6.5358E-27  9.2764E+05  4.2234E+15  1.8402E-11  2.1223E+07
  1.2460E+01  1.2530E+01  6.7765E-27  9.3818E+05  4.0734E+15  1.8403E-11  2.0469E+07
  1.2600E+01  1.2670E+01  7.0251E-27  9.4873E+05  3.9293E+15  1.8403E-11  1.9745E+07
  1.2740E+01  1.2810E+01  7.2816E-27  9.5928E+05  3.7909E+15  1.8403E-11  1.9050E+07
  1.2880E+01  1.2950E+01  7.5463E-27  9.6982E+05  3.6580E+15  1.8403E-11  1.8382E+07
  1.3020E+01  1.3090E+01  7.8195E-27  9.8037E+05  3.5303E+15  1.8404E-11  1.7740E+07
  1.3160E+01  1.3230E+01  8.1014E-27  9.9092E+05  3.4075E+15  1.8404E-11  1.7123E+07
  1.3300E+01  1.3370E+01  8.3921E-27  1.0015E+06  3.2895E+15  1.8404E-11  1.6530E+07
  1.3440E+01  1.3510E+01  8.6920E-27  1.0120E+06  3.1761E+15  1.8405E-11  1.5960E+07
  1.3580E+01  1.3650E+01  9.0013E-27  1.0226E+06  3.0670E+15  1.8405E-11  1.5412E+07
  1.3720E+01  1.3790E+01  9.3202E-27  1.0331E+06  2.9621E+15  1.8405E-11  1.4885E+07
  1.3860E+01  1.3930E+01  9.6490E-27  1.0437E+06  2.8612E+15  1.8406E-11  1.4378E+07
  1.4000E+01  1.4070E+01  9.9880E-27  1.0542E+06  2.7642E+15  1.8406E-11  1.3890E+07
  1.4140E+01  1.4210E+01  1.0337E-26  1.0648E+06  2.6708E+15  1.8406E-11  1.3421E+07
  1.4280E+01  1.4350E+01  1.0698E-26  1.0753E+06  2.5809E+15  1.8407E-11  1.2970E+07
  1.4420E+01  1.4490E+01  1.1069E-26  1.0859E+06  2.4945E+15  1.8407E-11  1.2535E+07
  1.4560E+01  1.4630E+01  1.1451E-26  1.0964E+06  2.4112E+15  1.8408E-11  1.2117E+07
  1.4700E+01  1.4770E+01  1.1845E-26  1.1070E+06  2.3311E+15  1.8408E-11  1.1714E+07
  1.4840E+01  1.4910E+01  1.2251E-26  1.1175E+06  2.2539E+15  1.8409E-11  1.1326E+07
  1.4980E+01  1.5050E+01  1.2669E-26  1.1281E+06  2.1796E+15  1.8409E-11  1.0953E+07
  1.5120E+01  1.5190E+01  1.3100E-26  1.1386E+06  2.1080E+15  1.8410E-11  1.0593E+07
  1.5260E+01  1.5330E+01  1.3543E-26  1.1492E+06  2.0391E+15  1.8411E-11  1.0247E+07
  1.5400E+01  1.5470E+01  1.4000E-26  1.1597E+06  1.9727E+15  1.8411E-11  9.9128E+06
  1.5540E+01  1.5610E+01  1.4469E-26  1.1703E+06  1.9087E+15  1.8412E-11  9.5912E+06
  1.5680E+01  1.5750E+01  1.4953E-26  1.1808E+06  1.8470E+15  1.8412E-11  9.2812E+06
  1.5820E+01  1.5890E+01  1.5451E-26  1.1914E+06  1.7875E+15  1.8413E-11  8.9825E+06
  1.5960E+01  1.6030E+01  1.5964E-26  1.2020E+06  1.7302E+15  1.8414E-11  8.6945E+06
  1.6100E+01  1.6170E+01  1.6491E-26  1.2125E+06  1.6750E+15  1.8415E-11  8.4169E+06
  1.6240E+01  1.6310E+01  1.7033E-26  1.2231E+06  1.6217E+15  1.8415E-11  8.1491E+06
  1.6380E+01  1.6450E+01  1.7591E-26  1.2336E+06  1.5703E+15  1.8416E-11  7.8910E+06
  1.6520E+01  1.6590E+01  1.8165E-26  1.2442E+06  1.5208E+15  1.8417E-11  7.6419E+06
  1.6660E+01  1.6730E+01  1.8756E-26  1.2548E+06  1.4730E+15  1.8418E-11  7.4017E+06
  1.6800E+01  1.6870E+01  1.9363E-26  1.2653E+06  1.4268E+15  1.8419E-11  7.1700E+06
  1.6940E+01  1.7010E+01  1.9987E-26  1.2759E+06  1.3823E+15  1.8420E-11  6.9464E+06
  1.7080E+01  1.7150E+01  2.0629E-26  1.2865E+06  1.3394E+15  1.8421E-11  6.7306E+06
  1.7220E+01  1.7290E+01  2.1289E-26  1.2970E+06  1.2980E+15  1.8422E-11  6.5224E+06
  1.7360E+01  1.7430E+01  2.1967E-26  1.3076E+06  1.2580E+15  1.8423E-11  6.3213E+06
  1.7500E+01  1.7570E+01  2.2665E-26  1.3182E+06  1.2193E+15  1.8424E-11  6.1273E+06
  1.7640E+01  1.7710E+01  2.3381E-26  1.3287E+06  1.1820E+15  1.8425E-11  5.9399E+06
  1.7780E+01  1.7850E+01  2.4117E-26  1.3393E+06  1.1460E+15  1.8426E-11  5.7590E+06
  1.7920E+01  1.7990E+01  2.4874E-26  1.3499E+06  1.1113E+15  1.8428E-11  5.5842E+06
  1.8060E+01  1.8130E+01  2.5651E-26  1.3605E+06  1.0777E+15  1.8429E-11  5.4155E+06
  1.8200E+01  1.8270E+01  2.6449E-26  1.3710E+06  1.0452E+15  1.8430E-11  5.2524E+06
  1.8340E+01  1.8410E+01  2.7269E-26  1.3816E+06  1.0139E+15  1.8432E-11  5.0949E+06
  1.8480E+01  1.8550E+01  2.8110E-26  1.3922E+06  9.8360E+14  1.8433E-11  4.9427E+06
  1.8620E+01  1.8690E+01  2.8975E-26  1.4028E+06  9.5433E+14  1.8435E-11  4.7956E+06
  1.8760E+01  1.8830E+01  2.9863E-26  1.4134E+06  9.2605E+14  1.8436E-11  4.6535E+06
  1.8900E+01  1.8970E+01  3.0774E-26  1.4239E+06  8.9870E+14  1.8438E-11  4.5161E+06
  1.9040E+01  1.9110E+01  3.1710E-26  1.4345E+06  8.7227E+14  1.8440E-11  4.3832E+06
  1.9180E+01  1.9250E+01  3.2670E-26  1.4451E+06  8.4672E+14  1.8442E-11  4.2548E+06
  1.9320E+01  1.9390E+01  3.3655E-26  1.4557E+06  8.2200E+14  1.8443E-11  4.1306E+06
  1.9460E+01  1.9530E+01  3.4667E-26  1.4663E+06  7.9811E+14  1.8445E-11  4.0106E+06
  1.9600E+01  1.9670E+01  3.5704E-26  1.4769E+06  7.7499E+14  1.8447E-11  3.8944E+06
  1.9740E+01  1.9810E+01  3.6769E-26  1.4875E+06  7.5263E+14  1.8449E-11  3.7821E+06
  1.9880E+01  1.9950E+01  3.7861E-26  1.4981E+06  7.3101E+14  1.8452E-11  3.6734E+06
  2.0020E+01  2.0090E+01  3.8982E-26  1.5087E+06  7.1008E+14  1.8454E-11  3.5682E+06
  2.0160E+01  2.0230E+01  4.0131E-26  1.5193E+06  6.8983E+14  1.8456E-11  3.4665E+06
  2.0300E+01  2.0370E+01  4.1310E-26  1.5299E+06  6.7023E+14  1.8458E-11  3.3680E+06
  2.0440E+01  2.0510E+01  4.2519E-26  1.5405E+06  6.5127E+14  1.8461E-11  3.2727E+06
  2.0580E+01  2.0650E+01  4.3758E-26  1.5512E+06  6.3291E+14  1.8463E-11  3.1804E+06
  2.0720E+01  2.0790E+01  4.5029E-26  1.5618E+06  6.1514E+14  1.8466E-11  3.0911E+06
  2.0860E+01  2.0930E+01  4.6332E-26  1.5724E+06  5.9793E+14  1.8469E-11  3.0046E+06
  2.1000E+01  2.1070E+01  4.7667E-26  1.5830E+06  5.8127E+14  1.8472E-11  2.9209E+06
  2.1140E+01  2.1210E+01  4.9036E-26  1.5936E+06  5.6513E+14  1.8475E-11  2.8398E+06
  2.1280E+01  2.1350E+01  5.0439E-26  1.6043E+06  5.4950E+14  1.8478E-11  2.7613E+06
  2.1420E+01  2.1490E+01  5.1877E-26  1.6149E+06  5.3436E+14  1.8481E-11  2.6852E+06
  2.1560E+01  2.1630E+01  5.3350E-26  1.6255E+06  5.1970E+14  1.8484E-11  2.6115E+06
  2.1700E+01  2.1770E+01  5.4860E-26  1.6362E+06  5.0549E+14  1.8488E-11  2.5401E+06
  2.1840E+01  2.1910E+01  5.6406E-26  1.6468E+06  4.9172E+14  1.8491E-11  2.4710E+06
  2.1980E+01  2.2050E+01  5.7991E-26  1.6575E+06  4.7838E+14  1.8495E-11  2.4039E+06
  2.2120E+01  2.2190E+01  5.9613E-26  1.6681E+06  4.6545E+14  1.8498E-11  2.3389E+06
  2.2260E+01  2.2330E+01  6.1276E-26  1.6788E+06  4.5292E+14  1.8502E-11  2.2760E+06
  2.2400E+01  2.2470E+01  6.2978E-26  1.6895E+06  4.4077E+14  1.8506E-11  2.2149E+06
  2.2540E+01  2.2610E+01  6.4722E-26  1.7001E+06  4.2900E+14  1.8511E-11  2.1557E+06
  2.2680E+01  2.2750E+01  6.6507E-26  1.7108E+06  4.1758E+14  1.8515E-11  2.0984E+06
  2.2820E+01  2.2890E+01  6.8335E-26  1.7215E+06  4.0650E+14  1.8519E-11  2.0427E+06
  2.2960E+01  2.3030E+01  7.0207E-26  1.7322E+06  3.9576E+14  1.8524E-11  1.9887E+06
  2.3100E+01  2.3170E+01  7.2123E-26  1.7429E+06  3.8535E+14  1.8529E-11  1.9364E+06
  2.3240E+01  2.3310E+01  7.4085E-26  1.7536E+06  3.7525E+14  1.8534E-11  1.8856E+06
  2.3380E+01  2.3450E+01  7.6092E-26  1.7643E+06  3.6544E+14  1.8539E-11  1.8364E+06
  2.3520E+01  2.3590E+01  7.8147E-26  1.7750E+06  3.5594E+14  1.8544E-11  1.7886E+06
  2.3660E+01  2.3730E+01  8.0250E-26  1.7857E+06  3.4671E+14  1.8549E-11  1.7422E+06
  2.3800E+01  2.3870E+01  8.2402E-26  1.7964E+06  3.3776E+14  1.8555E-11  1.6973E+06
  2.3940E+01  2.4010E+01  8.4605E-26  1.8071E+06  3.2907E+14  1.8561E-11  1.6536E+06
  2.4080E+01  2.4150E+01  8.6858E-26  1.8179E+06  3.2063E+14  1.8567E-11  1.6112E+06
  2.4220E+01  2.4290E+01  8.9163E-26  1.8286E+06  3.1245E+14  1.8573E-11  1.5701E+06
  2.4360E+01  2.4430E+01  9.1522E-26  1.8394E+06  3.0450E+14  1.8579E-11  1.5301E+06
  2.4500E+01  2.4570E+01  9.3935E-26  1.8501E+06  2.9678E+14  1.8586E-11  1.4914E+06
  2.4640E+01  2.4710E+01  9.6403E-26  1.8609E+06  2.8929E+14  1.8592E-11  1.4537E+06
  2.4780E+01  2.4850E+01  9.8927E-26  1.8717E+06  2.8201E+14  1.8599E-11  1.4171E+06
  2.4920E+01  2.4990E+01  1.0151E-25  1.8824E+06  2.7495E+14  1.8607E-11  1.3816E+06
  2.5060E+01  2.5130E+01  1.0415E-25  1.8932E+06  2.6809E+14  1.8614E-11  1.3472E+06
  2.5200E+01  2.5270E+01  1.0685E-25  1.9040E+06  2.6142E+14  1.8622E-11  1.3137E+06
  2.5340E+01  2.5410E+01  1.0961E-25  1.9148E+06  2.5494E+14  1.8630E-11  1.2811E+06
  2.5480E+01  2.5550E+01  1.1243E-25  1.9257E+06  2.4865E+14  1.8638E-11  1.2495E+06
  2.5620E+01  2.5690E+01  1.1532E-25  1.9365E+06  2.4254E+14  1.8646E-11  1.2188E+06
  2.5760E+01  2.5830E+01  1.1827E-25  1.9473E+06  2.3660E+14  1.8655E-11  1.1889E+06
  2.5900E+01  2.5970E+01  1.2129E-25  1.9582E+06  2.3082E+14  1.8664E-11  1.1599E+06
  2.6040E+01  2.6110E+01  1.2437E-25  1.9690E+06  2.2521E+14  1.8673E-11  1.1317E+06
  2.6180E+01  2.6250E+01  1.2752E-25  1.9799E+06  2.1976E+14  1.8683E-11  1.1043E+06
  2.6320E+01  2.6390E+01  1.3075E-25  1.9908E+06  2.1445E+14  1.8693E-11  1.0776E+06
  2.6460E+01  2.6530E+01  1.3404E-25  2.0017E+06  2.0930E+14  1.8703E-11  1.0517E+06
  2.6600E+01  2.6670E+01  1.3741E-25  2.0126E+06  2.0428E+14  1.8714E-11  1.0265E+06
  2.6740E+01  2.6810E+01  1.4085E-25  2.0235E+06  1.9941E+14  1.8724E-11  1.0021E+06
  2.6880E+01  2.6950E+01  1.4436E-25  2.0344E+06  1.9467E+14  1.8735E-11  9.7824E+05
  2.7020E+01  2.7090E+01  1.4795E-25  2.0454E+06  1.9006E+14  1.8747E-11  9.5507E+05
  2.7160E+01  2.7230E+01  1.5162E-25  2.0563E+06  1.8558E+14  1.8759E-11  9.3254E+05
  2.7300E+01  2.7370E+01  1.5537E-25  2.0673E+06  1.8122E+14  1.8771E-11  9.1063E+05
  2.7440E+01  2.7510E+01  1.5920E-25  2.0783E+06  1.7697E+14  1.8783E-11  8.8930E+05
  2.7580E+01  2.7650E+01  1.6312E-25  2.0893E+06  1.7284E+14  1.8796E-11  8.6856E+05
  2.7720E+01  2.7790E+01  1.6712E-25  2.1003E+06  1.6883E+14  1.8810E-11  8.4838E+05
  2.7860E+01  2.7930E+01  1.7120E-25  2.1113E+06  1.6492E+14  1.8823E-11  8.2874E+05
  2.8000E+01  2.8070E+01  1.7538E-25  2.1224E+06  1.6112E+14  1.8838E-11  8.0962E+05
  2.8140E+01  2.8210E+01  1.7964E-25  2.1334E+06  1.5741E+14  1.8852E-11  7.9102E+05
  2.8280E+01  2.8350E+01  1.8399E-25  2.1445E+06  1.5381E+14  1.8867E-11  7.7291E+05
  2.8420E+01  2.8490E+01  1.8844E-25  2.1556E+06  1.5030E+14  1.8882E-11  7.5529E+05
  2.8560E+01  2.8630E+01  1.9298E-25  2.1667E+06  1.4689E+14  1.8898E-11  7.3813E+05
  2.8700E+01  2.8770E+01  1.9762E-25  2.1779E+06  1.4356E+14  1.8915E-11  7.2142E+05
  2.8840E+01  2.8910E+01  2.0236E-25  2.1890E+06  1.4033E+14  1.8932E-11  7.0516E+05
  2.8980E+01  2.9050E+01  2.0720E-25  2.2002E+06  1.3718E+14  1.8949E-11  6.8932E+05
  2.9120E+01  2.9190E+01  2.1214E-25  2.2114E+06  1.3411E+14  1.8967E-11  6.7390E+05
  2.9260E+01  2.9330E+01  2.1719E-25  2.2226E+06  1.3112E+14  1.8985E-11  6.5888E+05
  2.9400E+01  2.9470E+01  2.2234E-25  2.2339E+06  1.2821E+14  1.9004E-11  6.4425E+05
  2.9540E+01  2.9610E+01  2.2760E-25  2.2451E+06  1.2537E+14  1.9023E-11  6.2999E+05
  2.9680E+01  2.9750E+01  2.3298E-25  2.2564E+06  1.2261E+14  1.9043E-11  6.1611E+05
  2.9820E+01  2.9890E+01  2.3846E-25  2.2677E+06  1.1992E+14  1.9064E-11  6.0258E+05
  2.9960E+01  3.0030E+01  2.4407E-25  2.2790E+06  1.1729E+14  1.9085E-11  5.8941E+05
  3.0100E+01  3.0170E+01  2.4979E-25  2.2904E+06  1.1474E+14  1.9107E-11  5.7657E+05
  3.0240E+01  3.0310E+01  2.5563E-25  2.3018E+06  1.1225E+14  1.9129E-11  5.6405E+05
  3.0380E+01  3.0450E+01  2.6159E-25  2.3132E+06  1.0982E+14  1.9152E-11  5.5186E+05
  3.0520E+01  3.0590E+01  2.6768E-25  2.3246E+06  1.0746E+14  1.9176E-11  5.3998E+05
  3.0660E+01  3.0730E+01  2.7390E-25  2.3361E+06  1.0515E+14  1.9201E-11  5.2839E+05
  3.0800E+01  3.0870E+01  2.8024E-25  2.3476E+06  1.0290E+14  1.9226E-11  5.1710E+05
  3.0940E+01  3.1010E+01  2.8672E-25  2.3591E+06  1.0071E+14  1.9251E-11  5.0609E+05
  3.1080E+01  3.1150E+01  2.9334E-25  2.3706E+06  9.8578E+13  1.9278E-11  4.9536E+05
  3.1220E+01  3.1290E+01  3.0009E-25  2.3822E+06  9.6496E+13  1.9305E-11  4.8490E+05
  3.1360E+01  3.1430E+01  3.0699E-25  2.3938E+06  9.4465E+13  1.9333E-11  4.7470E+05
  3.1500E+01  3.1570E+01  3.1403E-25  2.4055E+06  9.2486E+13  1.9362E-11  4.6475E+05
  3.1640E+01  3.1710E+01  3.2121E-25  2.4171E+06  9.0555E+13  1.9392E-11  4.5505E+05
  3.1780E+01  3.1850E+01  3.2855E-25  2.4288E+06  8.8672E+13  1.9422E-11  4.4559E+05
  3.1920E+01  3.1990E+01  3.3604E-25  2.4406E+06  8.6836E+13  1.9454E-11  4.3636E+05
  3.2060E+01  3.2130E+01  3.4369E-25  2.4524E+06  8.5044E+13  1.9486E-11  4.2735E+05
  3.2200E+01  3.2270E+01  3.5149E-25  2.4642E+06  8.3297E+13  1.9519E-11  4.1857E+05
  3.2340E+01  3.2410E+01  3.5946E-25  2.4760E+06  8.1592E+13  1.9553E-11  4.1001E+05
  3.2480E+01  3.2550E+01  3.6760E-25  2.4879E+06  7.9929E+13  1.9588E-11  4.0165E+05
  3.2620E+01  3.2690E+01  3.7591E-25  2.4998E+06  7.8306E+13  1.9624E-11  3.9350E+05
  3.2760E+01  3.2830E+01  3.8439E-25  2.5118E+06  7.6723E+13  1.9661E-11  3.8554E+05
  3.2900E+01  3.2970E+01  3.9305E-25  2.5238E+06  7.5178E+13  1.9699E-11  3.7777E+05
  3.3040E+01  3.3110E+01  4.0189E-25  2.5359E+06  7.3670E+13  1.9738E-11  3.7020E+05
  3.3180E+01  3.3250E+01  4.1092E-25  2.5480E+06  7.2198E+13  1.9779E-11  3.6280E+05
  3.3320E+01  3.3390E+01  4.2013E-25  2.5601E+06  7.0762E+13  1.9820E-11  3.5558E+05
  3.3460E+01  3.3530E+01  4.2954E-25  2.5723E+06  6.9360E+13  1.9862E-11  3.4854E+05
  3.3600E+01  3.3670E+01  4.3915E-25  2.5845E+06  6.7991E+13  1.9906E-11  3.4166E+05
  3.3740E+01  3.3810E+01  4.4896E-25  2.5968E+06  6.6655E+13  1.9951E-11  3.3495E+05
  3.3880E+01  3.3950E+01  4.5898E-25  2.6092E+06  6.5351E+13  1.9997E-11  3.2839E+05
  3.4020E+01  3.4090E+01  4.6921E-25  2.6215E+06  6.4077E+13  2.0044E-11  3.2199E+05
  3.4160E+01  3.4230E+01  4.7966E-25  2.6340E+06  6.2834E+13  2.0093E-11  3.1575E+05
  3.4300E+01  3.4370E+01  4.9033E-25  2.6465E+06  6.1620E+13  2.0143E-11  3.0965E+05
  3.4440E+01  3.4510E+01  5.0122E-25  2.6590E+06  6.0434E+13  2.0194E-11  3.0369E+05
  3.4580E+01  3.4650E+01  5.1235E-25  2.6716E+06  5.9277E+13  2.0247E-11  2.9787E+05
  3.4720E+01  3.4790E+01  5.2371E-25  2.6843E+06  5.8146E+13  2.0301E-11  2.9219E+05
  3.4860E+01  3.4930E+01  5.3532E-25  2.6970E+06  5.7041E+13  2.0357E-11  2.8664E+05
  3.5000E+01  3.5070E+01  5.4717E-25  2.7097E+06  5.5963E+13  2.0414E-11  2.8122E+05
  3.5140E+01  3.5210E+01  5.5928E-25  2.7226E+06  5.4909E+13  2.0473E-11  2.7592E+05
  3.5280E+01  3.5350E+01  5.7165E-25  2.7355E+06  5.3880E+13  2.0534E-11  2.7075E+05
  3.5420E+01  3.5490E+01  5.8428E-25  2.7484E+06  5.2874E+13  2.0596E-11  2.6570E+05
  3.5560E+01  3.5630E+01  5.9719E-25  2.7614E+06  5.1892E+13  2.0660E-11  2.6076E+05
  3.5700E+01  3.5770E+01  6.1038E-25  2.7745E+06  5.0932E+13  2.0725E-11  2.5594E+05
  3.5840E+01  3.5910E+01  6.2385E-25  2.7877E+06  4.9994E+13  2.0793E-11  2.5122E+05
  3.5980E+01  3.6050E+01  6.3761E-25  2.8009E+06  4.9078E+13  2.0862E-11  2.4662E+05
  3.6120E+01  3.6190E+01  6.5168E-25  2.8142E+06  4.8182E+13  2.0933E-11  2.4212E+05
  3.6260E+01  3.6330E+01  6.6605E-25  2.8276E+06  4.7307E+13  2.1006E-11  2.3772E+05
  3.6400E+01  3.6470E+01  6.8074E-25  2.8410E+06  4.6452E+13  2.1082E-11  2.3343E+05
  3.6540E+01  3.6610E+01  6.9575E-25  2.8545E+06  4.5616E+13  2.1159E-11  2.2923E+05
  3.6680E+01  3.6750E+01  7.1110E-25  2.8681E+06  4.4799E+13  2.1238E-11  2.2512E+05
  3.6820E+01  3.6890E+01  7.2678E-25  2.8818E+06  4.4001E+13  2.1320E-11  2.2111E+05
  3.6960E+01  3.7030E+01  7.4281E-25  2.8956E+06  4.3221E+13  2.1404E-11  2.1719E+05
  3.7100E+01  3.7170E+01  7.5920E-25  2.9094E+06  4.2458E+13  2.1490E-11  2.1336E+05
  3.7240E+01  3.7310E+01  7.7596E-25  2.9233E+06  4.1712E+13  2.1578E-11  2.0961E+05
  3.7380E+01  3.7450E+01  7.9309E-25  2.9374E+06  4.0983E+13  2.1669E-11  2.0594E+05
  3.7520E+01  3.7590E+01  8.1060E-25  2.9515E+06  4.0271E+13  2.1763E-11  2.0236E+05
  3.7660E+01  3.7730E+01  8.2852E-25  2.9656E+06  3.9574E+13  2.1859E-11  1.9886E+05
  3.7800E+01  3.7870E+01  8.4684E-25  2.9799E+06  3.8893E+13  2.1958E-11  1.9544E+05
  3.7940E+01  3.8010E+01  8.6557E-25  2.9943E+06  3.8227E+13  2.2059E-11  1.9209E+05
  3.8080E+01  3.8150E+01  8.8474E-25  3.0088E+06  3.7576E+13  2.2164E-11  1.8882E+05
  3.8220E+01  3.8290E+01  9.0435E-25  3.0233E+06  3.6939E+13  2.2271E-11  1.8562E+05
  3.8360E+01  3.8430E+01  9.2440E-25  3.0380E+06  3.6316E+13  2.2381E-11  1.8249E+05
  3.8500E+01  3.8570E+01  9.4493E-25  3.0528E+06  3.5707E+13  2.2494E-11  1.7943E+05
  3.8640E+01  3.8710E+01  9.6592E-25  3.0676E+06  3.5112E+13  2.2611E-11  1.7644E+05
  3.8780E+01  3.8850E+01  9.8741E-25  3.0826E+06  3.4530E+13  2.2731E-11  1.7352E+05
  3.8920E+01  3.8990E+01  1.0094E-24  3.0977E+06  3.3960E+13  2.2854E-11  1.7065E+05
  3.9060E+01  3.9130E+01  1.0319E-24  3.1129E+06  3.3404E+13  2.2980E-11  1.6786E+05
  3.9200E+01  3.9270E+01  1.0550E-24  3.1282E+06  3.2859E+13  2.3110E-11  1.6512E+05
  3.9340E+01  3.9410E+01  1.0786E-24  3.1436E+06  3.2326E+13  2.3244E-11  1.6244E+05
  3.9480E+01  3.9550E+01  1.1027E-24  3.1591E+06  3.1805E+13  2.3382E-11  1.5982E+05
  3.9620E+01  3.9690E+01  1.1274E-24  3.1748E+06  3.1296E+13  2.3523E-11  1.5726E+05
  3.9760E+01  3.9830E+01  1.1528E-24  3.1906E+06  3.0797E+13  2.3669E-11  1.5476E+05
  3.9900E+01  3.9970E+01  1.1787E-24  3.2064E+06  3.0310E+13  2.3818E-11  1.5231E+05
  4.0040E+01  4.0110E+01  1.2053E-24  3.2225E+06  2.9833E+13  2.3972E-11  1.4991E+05
  4.0180E+01  4.0250E+01  1.2325E-24  3.2386E+06  2.9367E+13  2.4131E-11  1.4757E+05
  4.0320E+01  4.0390E+01  1.2604E-24  3.2549E+06  2.8911E+13  2.4293E-11  1.4528E+05
  4.0460E+01  4.0530E+01  1.2890E-24  3.2713E+06  2.8464E+13  2.4461E-11  1.4304E+05
  4.0600E+01  4.0670E+01  1.3183E-24  3.2878E+06  2.8028E+13  2.4633E-11  1.4084E+05
  4.0740E+01  4.0810E+01  1.3483E-24  3.3045E+06  2.7601E+13  2.4810E-11  1.3870E+05
  4.0880E+01  4.0950E+01  1.3791E-24  3.3213E+06  2.7183E+13  2.4993E-11  1.3660E+05
  4.1020E+01  4.1090E+01  1.4106E-24  3.3382E+06  2.6775E+13  2.5180E-11  1.3455E+05
  4.1160E+01  4.1230E+01  1.4430E-24  3.3553E+06  2.6375E+13  2.5373E-11  1.3254E+05
  4.1300E+01  4.1370E+01  1.4761E-24  3.3725E+06  2.5985E+13  2.5572E-11  1.3057E+05
  4.1440E+01  4.1510E+01  1.5102E-24  3.3899E+06  2.5602E+13  2.5776E-11  1.2865E+05
  4.1580E+01  4.1650E+01  1.5450E-24  3.4074E+06  2.5228E+13  2.5987E-11  1.2677E+05
  4.1720E+01  4.1790E+01  1.5808E-24  3.4250E+06  2.4863E+13  2.6203E-11  1.2494E+05
  4.1860E+01  4.1930E+01  1.6176E-24  3.4428E+06  2.4505E+13  2.6426E-11  1.2314E+05
  4.2000E+01  4.2070E+01  1.6552E-24  3.4608E+06  2.4155E+13  2.6655E-11  1.2138E+05
  4.2140E+01  4.2210E+01  1.6939E-24  3.4789E+06  2.3813E+13  2.6891E-11  1.1966E+05
  4.2280E+01  4.2350E+01  1.7336E-24  3.4972E+06  2.3478E+13  2.7134E-11  1.1798E+05
  4.2420E+01  4.2490E+01  1.7743E-24  3.5156E+06  2.3150E+13  2.7385E-11  1.1633E+05
  4.2560E+01  4.2630E+01  1.8161E-24  3.5342E+06  2.2830E+13  2.7642E-11  1.1472E+05
  4.2700E+01  4.2770E+01  1.8591E-24  3.5530E+06  2.2517E+13  2.7908E-11  1.1315E+05
  4.2840E+01  4.2910E+01  1.9031E-24  3.5719E+06  2.2211E+13  2.8181E-11  1.1161E+05
  4.2980E+01  4.3050E+01  1.9484E-24  3.5910E+06  2.1911E+13  2.8462E-11  1.1011E+05
  4.3120E+01  4.3190E+01  1.9949E-24  3.6102E+06  2.1618E+13  2.8752E-11  1.0863E+05
  4.3260E+01  4.3330E+01  2.0427E-24  3.6296E+06  2.1332E+13  2.9051E-11  1.0720E+05
  4.3400E+01  4.3470E+01  2.0918E-24  3.6492E+06  2.1052E+13  2.9358E-11  1.0579E+05
  4.3540E+01  4.3610E+01  2.1422E-24  3.6690E+06  2.0778E+13  2.9675E-11  1.0441E+05
  4.3680E+01  4.3750E+01  2.1940E-24  3.6889E+06  2.0511E+13  3.0001E-11  1.0307E+05
  4.3820E+01  4.3890E+01  2.2472E-24  3.7090E+06  2.0249E+13  3.0337E-11  1.0175E+05
  4.3960E+01  4.4030E+01  2.3020E-24  3.7293E+06  1.9994E+13  3.0684E-11  1.0047E+05
  4.4100E+01  4.4170E+01  2.3582E-24  3.7498E+06  1.9744E+13  3.1041E-11  9.9214E+04
  4.4240E+01  4.4310E+01  2.4161E-24  3.7704E+06  1.9499E+13  3.1409E-11  9.7987E+04
  4.4380E+01  4.4450E+01  2.4755E-24  3.7912E+06  1.9261E+13  3.1788E-11  9.6787E+04
  4.4520E+01  4.4590E+01  2.5367E-24  3.8122E+06  1.9027E+13  3.2179E-11  9.5615E+04
  4.4660E+01  4.4730E+01  2.5996E-24  3.8334E+06  1.8800E+13  3.2581E-11  9.4470E+04
  4.4800E+01  4.4870E+01  2.6642E-24  3.8547E+06  1.8577E+13  3.2997E-11  9.3351E+04
  4.4940E+01  4.5010E+01  2.7307E-24  3.8763E+06  1.8360E+13  3.3425E-11  9.2259E+04
  4.5080E+01  4.5150E+01  2.7992E-24  3.8980E+06  1.8147E+13  3.3866E-11  9.1191E+04
  4.5220E+01  4.5290E+01  2.8696E-24  3.9199E+06  1.7940E+13  3.4321E-11  9.0149E+04
  4.5360E+01  4.5430E+01  2.9420E-24  3.9420E+06  1.7737E+13  3.4790E-11  8.9131E+04
  4.5500E+01  4.5570E+01  3.0165E-24  3.9642E+06  1.7539E+13  3.5274E-11  8.8138E+04
  4.5640E+01  4.5710E+01  3.0932E-24  3.9867E+06  1.7346E+13  3.5772E-11  8.7168E+04
  4.5780E+01  4.5850E+01  3.1721E-24  4.0093E+06  1.7158E+13  3.6287E-11  8.6222E+04
  4.5920E+01  4.5990E+01  3.2534E-24  4.0321E+06  1.6974E+13  3.6817E-11  8.5298E+04
  4.6060E+01  4.6130E+01  3.3369E-24  4.0551E+06  1.6795E+13  3.7364E-11  8.4397E+04
  4.6200E+01  4.6270E+01  3.4230E-24  4.0783E+06  1.6620E+13  3.7929E-11  8.3518E+04
  4.6340E+01  4.6410E+01  3.5115E-24  4.1017E+06  1.6450E+13  3.8511E-11  8.2661E+04
  4.6480E+01  4.6550E+01  3.6027E-24  4.1252E+06  1.6283E+13  3.9111E-11  8.1826E+04
  4.6620E+01  4.6690E+01  3.6965E-24  4.1490E+06  1.6121E+13  3.9730E-11  8.1012E+04
  4.6760E+01  4.6830E+01  3.7931E-24  4.1729E+06  1.5963E+13  4.0369E-11  8.0218E+04
  4.6900E+01  4.6970E+01  3.8926E-24  4.1969E+06  1.5810E+13  4.1029E-11  7.9445E+04
  4.7040E+01  4.7110E+01  3.9950E-24  4.2212E+06  1.5660E+13  4.1709E-11  7.8693E+04
  4.7180E+01  4.7250E+01  4.1004E-24  4.2457E+06  1.5514E+13  4.2410E-11  7.7960E+04
  4.7320E+01  4.7390E+01  4.2089E-24  4.2703E+06  1.5372E+13  4.3134E-11  7.7247E+04
  4.7460E+01  4.7530E+01  4.3205E-24  4.2951E+06  1.5234E+13  4.3881E-11  7.6553E+04
  4.7600E+01  4.7670E+01  4.4355E-24  4.3200E+06  1.5100E+13  4.4652E-11  7.5878E+04
  4.7740E+01  4.7810E+01  4.5539E-24  4.3452E+06  1.4969E+13  4.5448E-11  7.5222E+04
  4.7880E+01  4.7950E+01  4.6758E-24  4.3705E+06  1.4842E+13  4.6268E-11  7.4585E+04
  4.8020E+01  4.8090E+01  4.8012E-24  4.3959E+06  1.4719E+13  4.7115E-11  7.3966E+04
  4.8160E+01  4.8230E+01  4.9303E-24  4.4216E+06  1.4600E+13  4.7989E-11  7.3366E+04
  4.8300E+01  4.8370E+01  5.0631E-24  4.4474E+06  1.4484E+13  4.8891E-11  7.2783E+04
  4.8440E+01  4.8510E+01  5.1999E-24  4.4733E+06  1.4371E+13  4.9822E-11  7.2218E+04
  4.8580E+01  4.8650E+01  5.3406E-24  4.4994E+06  1.4262E+13  5.0783E-11  7.1671E+04
  4.8720E+01  4.8790E+01  5.4854E-24  4.5257E+06  1.4157E+13  5.1774E-11  7.1141E+04
  4.8860E+01  4.8930E+01  5.6344E-24  4.5521E+06  1.4055E+13  5.2796E-11  7.0628E+04
  4.9000E+01  4.9070E+01  5.7877E-24  4.5787E+06  1.3956E+13  5.3852E-11  7.0132E+04
  4.9140E+01  4.9210E+01  5.9453E-24  4.6054E+06  1.3861E+13  5.4941E-11  6.9653E+04
  4.9280E+01  4.9350E+01  6.1075E-24  4.6323E+06  1.3769E+13  5.6064E-11  6.9190E+04
  4.9420E+01  4.9490E+01  6.2740E-24  4.6593E+06  1.3680E+13  5.7220E-11  6.8742E+04
  4.9560E+01  4.9630E+01  6.4440E-24  4.6860E+06  1.3592E+13  5.8394E-11  6.8302E+04
  4.9700E+01  4.9770E+01  6.6118E-24  4.7112E+06  1.3499E+13  5.9503E-11  6.7832E+04
  4.9840E+01  4.9910E+01  6.7536E-24  4.7279E+06  1.3368E+13  6.0189E-11  6.7175E+04
  4.9980E+01  5.0050E+01  6.7978E-24  4.7132E+06  1.3112E+13  5.9417E-11  6.5885E+04
  5.0120E+01  5.0190E+01  6.6028E-24  4.6171E+06  1.2551E+13  5.5237E-11  6.3065E+04
  5.0260E+01  5.0330E+01  5.9985E-24  4.3636E+06  1.1420E+13  4.5647E-11  5.7374E+04
  5.0400E+01  5.0470E+01  4.9417E-24  3.8672E+06  9.4268E+12  3.1029E-11  4.7350E+04
  5.0540E+01  5.0610E+01  3.6871E-24  3.0625E+06  6.5184E+12  1.6000E-11  3.2728E+04
  5.0680E+01  5.0750E+01  2.6786E-24  1.9676E+06  3.5813E+12  6.3847E-12  1.7976E+04
  5.0820E+01  5.0890E+01  2.1511E-24  8.1533E+05  2.1795E+12  3.1234E-12  1.0947E+04
  5.0960E+01  5.1030E+01  2.0098E-24  1.1068E+05  1.9968E+12  2.6753E-12  1.0034E+04
  5.1100E+01  5.1170E+01  2.0001E-24  1.3785E+03  1.9900E+12  2.6535E-12  1.0000E+04
  5.1240E+01  5.1310E+01  2.0000E-24  1.8286E+00  1.9900E+12  2.6533E-12  1.0000E+04
  5.1380E+01  5.1450E+01  2.0000E-24  2.0389E-03  1.9900E+12  2.6533E-12  1.0000E+04
  5.1520E+01  5.1590E+01  2.0000E-24  2.2607E-06  1.9900E+12  2.6533E-12  1.0000E+04
  5.1660E+01  5.1730E+01  2.0000E-24  1.4333E-09  1.9900E+12  2.6533E-12  1.0000E+04
  5.1800E+01  5.1870E+01  2.0000E-24  4.5427E-26  1.9900E+12  2.6533E-12  1.0000E+04
  5.1940E+01  5.2010E+01  2.0000E-24  2.0379E-59  1.9900E+12  2.6533E-12  1.0000E+04
  5.2080E+01  5.2150E+01  2.0000E-24  1.9171-126  1.9900E+12  2.6533E-12  1.0000E+04
  5.2220E+01  5.2290E+01  2.0000E-24  7.7559-261  1.9900E+12  2.6533E-12  1.0000E+04
  5.2360E+01  5.2430E+01  2.0000E-24  0.0000E+00  1.9900E+12  2.6533E-12  1.0000E+04
  5.2500E+01  5.2570E+01  2.0000E-24  0.0000E+00  1.9900E+12  2.6533E-12  1.0000E+04
  5.2640E+01  5.2710E+01  2.0000E-24  0.0000E+00  1.9900E+12  2.6533E-12  1.0000E+04
  5.2780E+01  5.2850E+01  2.0000E-24  0.0000E+00  1.9900E+12  2.6533E-12  1.0000E+04
  5.2920E+01  5.2990E+01  2.0000E-24  0.0000E+00  1.9900E+12  2.6533E-12  1.0000E+04
  5.3060E+01  5.3130E+01  2.0000E-24  0.0000E+00  1.9900E+12  2.6533E-12  1.0000E+04
  5.3200E+01  5.3270E+01  2.0000E-24  0.0000E+00  1.9900E+12  2.6533E-12  1.0000E+04
  5.3340E+01  5.3410E+01  2.0000E-24  0.0000E+00  1.9900E+12  2.6533E-12  1.0000E+04
  5.3480E+01  5.3550E+01  2.0000E-24  0.0000E+00  1.9900E+12  2.6533E-12  1.0000E+04
  5.3620E+01  5.3690E+01  2.0000E-24  0.0000E+00  1.9900E+12  2.6533E-12  1.0000E+04
  5.3760E+01  5.3830E+01  2.0000E-24  0.0000E+00  1.9900E+12  2.6533E-12  1.0000E+04
  5.3900E+01  5.3970E+01  2.0000E-24  0.0000E+00  1.9900E+12  2.6533E-12  1.0000E+04
  5.4040E+01  5.4110E+01  2.0000E-24  0.0000E+00  1.9900E+12  2.6533E-12  1.0000E+04
  5.4180E+01  5.4250E+01  2.0000E-24  0.0000E+00  1.9900E+12  2.6533E-12  1.0000E+04
  5.4320E+01  5.4390E+01  2.0000E-24  0.0000E+00  1.9900E+12  2.6533E-12  1.0000E+04
  5.4460E+01  5.4530E+01  2.0000E-24  0.0000E+00  1.9900E+12  2.6533E-12  1.0000E+04
  5.4600E+01  5.4670E+01  2.0000E-24  0.0000E+00  1.9900E+12  2.6533E-12  1.0000E+04
  5.4740E+01  5.4810E+01  2.0000E-24  0.0000E+00  1.9900E+12  2.6533E-12  1.0000E+04
  5.4880E+01  5.4950E+01  2.0000E-24  0.0000E+00  1.9900E+12  2.6533E-12  1.0000E+04
  5.5020E+01  5.5090E+01  2.0000E-24  0.0000E+00  1.9900E+12  2.6533E-12  1.0000E+04
  5.5160E+01  5.5230E+01  2.0000E-24  0.0000E+00  1.9900E+12  2.6533E-12  1.0000E+04
  5.5300E+01  5.5370E+01  2.0000E-24  0.0000E+00  1.9900E+12  2.6533E-12  1.0000E+04
  5.5440E+01  5.5510E+01  2.0000E-24  0.0000E+00  1.9900E+12  2.6533E-12  1.0000E+04
  5.5580E+01  5.5650E+01  2.0000E-24  0.0000E+00  1.9900E+12  2.6533E-12  1.0000E+04
  5.5720E+01  5.5790E+01  2.0000E-24  0.0000E+00  1.9900E+12  2.6533E-12  1.0000E+04
  5.5860E+01  5.5930E+01  2.0000E-24  0.0000E+00  1.9900E+12  2.6533E-12  1.0000E+04
  5.6000E+01  5.6070E+01  2.0000E-24  0.0000E+00  1.9900E+12  2.6533E-12  1.0000E+04
  5.6140E+01  5.6210E+01  2.0000E-24  0.0000E+00  1.9900E+12  2.6533E-12  1.0000E+04
  5.6280E+01  5.6350E+01  2.0000E-24  0.0000E+00  1.9900E+12  2.6533E-12  1.0000E+04
  5.6420E+01  5.6490E+01  2.0000E-24  0.0000E+00  1.9900E+12  2.6533E-12  1.0000E+04
  5.6560E+01  5.6630E+01  2.0000E-24  0.0000E+00  1.9900E+12  2.6533E-12  1.0000E+04
  5.6700E+01  5.6770E+01  2.0000E-24  0.0000E+00  1.9900E+12  2.6533E-12  1.0000E+04
  5.6840E+01  5.6910E+01  2.0000E-24  0.0000E+00  1.9900E+12  2.6533E-12  1.0000E+04
  5.6980E+01  5.7050E+01  2.0000E-24  0.0000E+00  1.9900E+12  2.6533E-12  1.0000E+04
  5.7120E+01  5.7190E+01  2.0000E-24  0.0000E+00  1.9900E+12  2.6533E-12  1.0000E+04
  5.7260E+01  5.7330E+01  2.0000E-24  0.0000E+00  1.9900E+12  2.6533E-12  1.0000E+04
  5.7400E+01  5.7470E+01  2.0000E-24  0.0000E+00  1.9900E+12  2.6533E-12  1.0000E+04
  5.7540E+01  5.7610E+01  2.0000E-24  0.0000E+00  1.9900E+12  2.6533E-12  1.0000E+04
  5.7680E+01  5.7750E+01  2.0000E-24  0.0000E+00  1.9900E+12  2.6533E-12  1.0000E+04
  5.7820E+01  5.7890E+01  2.0000E-24  0.0000E+00  1.9900E+12  2.6533E-12  1.0000E+04
  5.7960E+01  5.8030E+01  2.0000E-24  0.0000E+00  1.9900E+12  2.6533E-12  1.0000E+04
  5.8100E+01  5.8170E+01  2.0000E-24  0.0000E+00  1.9900E+12  2.6533E-12  1.0000E+04
  5.8240E+01  5.8310E+01  2.0000E-24  0.0000E+00  1.9900E+12  2.6533E-12  1.0000E+04
  5.8380E+01  5.8450E+01  2.0000E-24  0.0000E+00  1.9900E+12  2.6533E-12  1.0000E+04
  5.8520E+01  5.8590E+01  2.0000E-24  0.0000E+00  1.9900E+12  2.6533E-12  1.0000E+04
  5.8660E+01  5.8730E+01  2.0000E-24  0.0000E+00  1.9900E+12  2.6533E-12  1.0000E+04
  5.8800E+01  5.8870E+01  2.0000E-24  0.0000E+00  1.9900E+12  2.6533E-12  1.0000E+04
  5.8940E+01  5.9010E+01  2.0000E-24  0.0000E+00  1.9900E+12  2.6533E-12  1.0000E+04
  5.9080E+01  5.9150E+01  2.0000E-24  0.0000E+00  1.9900E+12  2.6533E-12  1.0000E+04
  5.9220E+01  5.9290E+01  2.0000E-24  0.0000E+00  1.9900E+12  2.6533E-12  1.0000E+04
  5.9360E+01  5.9430E+01  2.0000E-24  0.0000E+00  1.9900E+12  2.6533E-12  1.0000E+04
  5.9500E+01  5.9570E+01  2.0000E-24  0.0000E+00  1.9900E+12  2.6533E-12  1.0000E+04
  5.9640E+01  5.9710E+01  2.0000E-24  0.0000E+00  1.9900E+12  2.6533E-12  1.0000E+04
  5.9780E+01  5.9850E+01  2.0000E-24  0.0000E+00  1.9900E+12  2.6533E-12  1.0000E+04
  5.9920E+01  5.9990E+01  2.0000E-24  0.0000E+00  1.9900E+12  2.6533E-12  1.0000E+04
  6.0060E+01  6.0130E+01  2.0000E-24  0.0000E+00  1.9900E+12  2.6533E-12  1.0000E+04
  6.0200E+01  6.0270E+01  2.0000E-24  0.0000E+00  1.9900E+12  2.6533E-12  1.0000E+04
  6.0340E+01  6.0410E+01  2.0000E-24  0.0000E+00  1.9900E+12  2.6533E-12  1.0000E+04
  6.0480E+01  6.0550E+01  2.0000E-24  0.0000E+00  1.9900E+12  2.6533E-12  1.0000E+04
  6.0620E+01  6.0690E+01  2.0000E-24  0.0000E+00  1.9900E+12  2.6533E-12  1.0000E+04
  6.0760E+01  6.0830E+01  2.0000E-24  0.0000E+00  1.9900E+12  2.6533E-12  1.0000E+04
  6.0900E+01  6.0970E+01  2.0000E-24  0.0000E+00  1.9900E+12  2.6533E-12  1.0000E+04
  6.1040E+01  6.1110E+01  2.0000E-24  0.0000E+00  1.9900E+12  2.6533E-12  1.0000E+04
  6.1180E+01  6.1250E+01  2.0000E-24  0.0000E+00  1.9900E+12  2.6533E-12  1.0000E+04
  6.1320E+01  6.1390E+01  2.0000E-24  0.0000E+00  1.9900E+12  2.6533E-12  1.0000E+04
  6.1460E+01  6.1530E+01  2.0000E-24  0.0000E+00  1.9900E+12  2.6533E-12  1.0000E+04
  6.1600E+01  6.1670E+01  2.0000E-24  0.0000E+00  1.9900E+12  2.6533E-12  1.0000E+04
  6.1740E+01  6.1810E+01  2.0000E-24  0.0000E+00  1.9900E+12  2.6533E-12  1.0000E+04
  6.1880E+01  6.1950E+01  2.0000E-24  0.0000E+00  1.9900E+12  2.6533E-12  1.0000E+04
  6.2020E+01  6.2090E+01  2.0000E-24  0.0000E+00  1.9900E+12  2.6533E-12  1.0000E+04
  6.2160E+01  6.2230E+01  2.0000E-24  0.0000E+00  1.9900E+12  2.6533E-12  1.0000E+04
  6.2300E+01  6.2370E+01  2.0000E-24  0.0000E+00  1.9900E+12  2.6533E-12  1.0000E+04
  6.2440E+01  6.2510E+01  2.0000E-24  0.0000E+00  1.9900E+12  2.6533E-12  1.0000E+04
  6.2580E+01  6.2650E+01  2.0000E-24  0.0000E+00  1.9900E+12  2.6533E-12  1.0000E+04
  6.2720E+01  6.2790E+01  2.0000E-24  0.0000E+00  1.9900E+12  2.6533E-12  1.0000E+04
  6.2860E+01  6.2930E+01  2.0000E-24  0.0000E+00  1.9900E+12  2.6533E-12  1.0000E+04
  6.3000E+01  6.3070E+01  2.0000E-24  0.0000E+00  1.9900E+12  2.6533E-12  1.0000E+04
  6.3140E+01  6.3210E+01  2.0000E-24  0.0000E+00  1.9900E+12  2.6533E-12  1.0000E+04
  6.3280E+01  6.3350E+01  2.0000E-24  0.0000E+00  1.9900E+12  2.6533E-12  1.0000E+04
  6.3420E+01  6.3490E+01  2.0000E-24  0.0000E+00  1.9900E+12  2.6533E-12  1.0000E+04
  6.3560E+01  6.3630E+01  2.0000E-24  0.0000E+00  1.9900E+12  2.6533E-12  1.0000E+04
  6.3700E+01  6.3770E+01  2.0000E-24  0.0000E+00  1.9900E+12  2.6533E-12  1.0000E+04
  6.3840E+01  6.3910E+01  2.0000E-24  0.0000E+00  1.9900E+12  2.6533E-12  1.0000E+04
  6.3980E+01  6.4050E+01  2.0000E-24  0.0000E+00  1.9900E+12  2.6533E-12  1.0000E+04
  6.4120E+01  6.4190E+01  2.0000E-24  0.0000E+00  1.9900E+12  2.6533E-12  1.0000E+04
  6.4260E+01  6.4330E+01  2.0000E-24  0.0000E+00  1.9900E+12  2.6533E-12  1.0000E+04
  6.4400E+01  6.4470E+01  2.0000E-24  0.0000E+00  1.9900E+12  2.6533E-12  1.0000E+04
  6.4540E+01  6.4610E+01  2.0000E-24  0.0000E+00  1.9900E+12  2.6533E-12  1.0000E+04
  6.4680E+01  6.4750E+01  2.0000E-24  0.0000E+00  1.9900E+12  2.6533E-12  1.0000E+04
  6.4820E+01  6.4890E+01  2.0000E-24  0.0000E+00  1.9900E+12  2.6533E-12  1.0000E+04
  6.4960E+01  6.5030E+01  2.0000E-24  0.0000E+00  1.9900E+12  2.6533E-12  1.0000E+04
  6.5100E+01  6.5170E+01  2.0000E-24  0.0000E+00  1.9900E+12  2.6533E-12  1.0000E+04
  6.5240E+01  6.5310E+01  2.0000E-24  0.0000E+00  1.9900E+12  2.6533E-12  1.0000E+04
  6.5380E+01  6.5450E+01  2.0000E-24  0.0000E+00  1.9900E+12  2.6533E-12  1.0000E+04
  6.5520E+01  6.5590E+01  2.0000E-24  0.0000E+00  1.9900E+12  2.6533E-12  1.0000E+04
  6.5660E+01  6.5730E+01  2.0000E-24  0.0000E+00  1.9900E+12  2.6533E-12  1.0000E+04
  6.5800E+01  6.5870E+01  2.0000E-24  0.0000E+00  1.9900E+12  2.6533E-12  1.0000E+04
  6.5940E+01  6.6010E+01  2.0000E-24  0.0000E+00  1.9900E+12  2.6533E-12  1.0000E+04
  6.6080E+01  6.6150E+01  2.0000E-24  0.0000E+00  1.9900E+12  2.6533E-12  1.0000E+04
  6.6220E+01  6.6290E+01  2.0000E-24  0.0000E+00  1.9900E+12  2.6533E-12  1.0000E+04
  6.6360E+01  6.6430E+01  2.0000E-24  0.0000E+00  1.9900E+12  2.6533E-12  1.0000E+04
  6.6500E+01  6.6570E+01  2.0000E-24  0.0000E+00  1.9900E+12  2.6533E-12  1.0000E+04
  6.6640E+01  6.6710E+01  2.0000E-24  0.0000E+00  1.9900E+12  2.6533E-12  1.0000E+04
  6.6780E+01  6.6850E+01  2.0000E-24  0.0000E+00  1.9900E+12  2.6533E-12  1.0000E+04
  6.6920E+01  6.6990E+01  2.0000E-24  0.0000E+00  1.9900E+12  2.6533E-12  1.0000E+04
  6.7060E+01  6.7130E+01  2.0000E-24  0.0000E+00  1.9900E+12  2.6533E-12  1.0000E+04
  6.7200E+01  6.7270E+01  2.0000E-24  0.0000E+00  1.9900E+12  2.6533E-12  1.0000E+04
  6.7340E+01  6.7410E+01  2.0000E-24  0.0000E+00  1.9900E+12  2.6533E-12  1.0000E+04
  6.7480E+01  6.7550E+01  2.0000E-24  0.0000E+00  1.9900E+12  2.6533E-12  1.0000E+04
  6.7620E+01  6.7690E+01  2.0000E-24  0.0000E+00  1.9900E+12  2.6533E-12  1.0000E+04
  6.7760E+01  6.7830E+01  2.0000E-24  0.0000E+00  1.9900E+12  2.6533E-12  1.0000E+04
  6.7900E+01  6.7970E+01  2.0000E-24  0.0000E+00  1.9900E+12  2.6533E-12  1.0000E+04
  6.8040E+01  6.8110E+01  2.0000E-24  0.0000E+00  1.9900E+12  2.6533E-12  1.0000E+04
  6.8180E+01  6.8250E+01  2.0000E-24  0.0000E+00  1.9900E+12  2.6533E-12  1.0000E+04
  6.8320E+01  6.8390E+01  2.0000E-24  0.0000E+00  1.9900E+12  2.6533E-12  1.0000E+04
  6.8460E+01  6.8530E+01  2.0000E-24  0.0000E+00  1.9900E+12  2.6533E-12  1.0000E+04
  6.8600E+01  6.8670E+01  2.0000E-24  0.0000E+00  1.9900E+12  2.6533E-12  1.0000E+04
  6.8740E+01  6.8810E+01  2.0000E-24  0.0000E+00  1.9900E+12  2.6533E-12  1.0000E+04
  6.8880E+01  6.8950E+01  2.0000E-24  0.0000E+00  1.9900E+12  2.6533E-12  1.0000E+04
  6.9020E+01  6.9090E+01  2.0000E-24  0.0000E+00  1.9900E+12  2.6533E-12  1.0000E+04
  6.9160E+01  6.9230E+01  2.0000E-24  0.0000E+00  1.9900E+12  2.6533E-12  1.0000E+04
  6.9300E+01  6.9370E+01  2.0000E-24  0.0000E+00  1.9900E+12  2.6533E-12  1.0000E+04
  6.9440E+01  6.9510E+01  2.0000E-24  0.0000E+00  1.9900E+12  2.6533E-12  1.0000E+04
  6.9580E+01  6.9650E+01  2.0000E-24  0.0000E+00  1.9900E+12  2.6533E-12  1.0000E+04
  6.9720E+01  6.9790E+01  2.0000E-24  0.0000E+00  1.9900E+12  2.6533E-12  1.0000E+04
  6.9860E+01  6.9930E+01  2.0000E-24 -0.0000E+00  1.9900E+12  2.6533E-12  1.0000E+04
