 -1.4000E-01 -7.0000E-02  1.0361E-05 -9.8630E+04  4.9881E+18  6.8910E-11  2.5066E+10
  0.0000E+00  7.0000E-02  1.0361E-05  0.0000E+00  4.9881E+18  6.8910E-11  2.5066E+10
  1.4000E-01  2.1000E-01  3.2848E-05  9.8630E+04  1.5731E+18  6.8900E-11  7.9049E+09
  2.8000E-01  3.5000E-01  5.0986E-05  1.4585E+05  1.0133E+18  6.8891E-11  5.0921E+09
  4.2000E-01  4.9000E-01  6.6909E-05  2.2500E+05  7.7227E+17  6.8898E-11  3.8807E+09
  5.6000E-01  6.3000E-01  8.2405E-05  2.7113E+05  6.2702E+17  6.8896E-11  3.1508E+09
  7.0000E-01  7.7000E-01  9.8202E-05  3.5373E+05  5.2616E+17  6.8896E-11  2.6440E+09
  8.4000E-01  9.1000E-01  1.1463E-04  4.1594E+05  4.5075E+17  6.8896E-11  2.2651E+09
  9.8000E-01  1.0500E+00  1.3187E-04  4.8734E+05  3.9183E+17  6.8896E-11  1.9690E+09
  1.1200E+00  1.1900E+00  1.5002E-04  5.5588E+05  3.4441E+17  6.8896E-11  1.7307E+09
  1.2600E+00  1.3300E+00  1.6919E-04  6.2529E+05  3.0540E+17  6.8896E-11  1.5347E+09
  1.4000E+00  1.4700E+00  1.8942E-04  6.9456E+05  2.7277E+17  6.8896E-11  1.3707E+09
  1.5400E+00  1.6100E+00  2.1080E-04  7.6390E+05  2.4511E+17  6.8896E-11  1.2317E+09
  1.6800E+00  1.7500E+00  2.3338E-04  8.3325E+05  2.2140E+17  6.8896E-11  1.1125E+09
  1.8200E+00  1.8900E+00  2.5722E-04  9.0261E+05  2.0087E+17  6.8896E-11  1.0094E+09
  1.9600E+00  2.0300E+00  2.8240E-04  9.7199E+05  1.8297E+17  6.8896E-11  9.1942E+08
  2.1000E+00  2.1700E+00  3.0897E-04  1.0414E+06  1.6723E+17  6.8896E-11  8.4035E+08
  2.2400E+00  2.3100E+00  3.3700E-04  1.1108E+06  1.5332E+17  6.8895E-11  7.7044E+08
  2.3800E+00  2.4500E+00  3.6658E-04  1.1802E+06  1.4095E+17  6.8895E-11  7.0828E+08
  2.5200E+00  2.5900E+00  3.9776E-04  1.2496E+06  1.2990E+17  6.8895E-11  6.5275E+08
  2.6600E+00  2.7300E+00  4.3064E-04  1.3190E+06  1.1998E+17  6.8895E-11  6.0291E+08
  2.8000E+00  2.8700E+00  4.6529E-04  1.3884E+06  1.1105E+17  6.8895E-11  5.5801E+08
  2.9400E+00  3.0100E+00  5.0180E-04  1.4578E+06  1.0297E+17  6.8894E-11  5.1741E+08
  3.0800E+00  3.1500E+00  5.4026E-04  1.5272E+06  9.5636E+16  6.8894E-11  4.8057E+08
  3.2200E+00  3.2900E+00  5.8076E-04  1.5966E+06  8.8966E+16  6.8894E-11  4.4705E+08
  3.3600E+00  3.4300E+00  6.2340E-04  1.6660E+06  8.2880E+16  6.8893E-11  4.1647E+08
  3.5000E+00  3.5700E+00  6.6829E-04  1.7355E+06  7.7312E+16  6.8893E-11  3.8850E+08
  3.6400E+00  3.7100E+00  7.1553E-04  1.8049E+06  7.2208E+16  6.8892E-11  3.6284E+08
  3.7800E+00  3.8500E+00  7.6523E-04  1.8743E+06  6.7517E+16  6.8891E-11  3.3927E+08
  3.9200E+00  3.9900E+00  8.1751E-04  1.9438E+06  6.3199E+16  6.8891E-11  3.1757E+08
  4.0600E+00  4.1300E+00  8.7250E-04  2.0132E+06  5.9215E+16  6.8890E-11  2.9756E+08
  4.2000E+00  4.2700E+00  9.3031E-04  2.0826E+06  5.5535E+16  6.8889E-11  2.7906E+08
  4.3400E+00  4.4100E+00  9.9108E-04  2.1521E+06  5.2129E+16  6.8888E-11  2.6195E+08
  4.4800E+00  4.5500E+00  1.0550E-03  2.2216E+06  4.8972E+16  6.8887E-11  2.4608E+08
  4.6200E+00  4.6900E+00  1.1221E-03  2.2910E+06  4.6042E+16  6.8886E-11  2.3136E+08
  4.7600E+00  4.8300E+00  1.1926E-03  2.3605E+06  4.3319E+16  6.8885E-11  2.1768E+08
  4.9000E+00  4.9700E+00  1.2666E-03  2.4300E+06  4.0786E+16  6.8884E-11  2.0495E+08
  5.0400E+00  5.1100E+00  1.3444E-03  2.4995E+06  3.8426E+16  6.8882E-11  1.9309E+08
  5.1800E+00  5.2500E+00  1.4260E-03  2.5690E+06  3.6225E+16  6.8881E-11  1.8203E+08
  5.3200E+00  5.3900E+00  1.5117E-03  2.6385E+06  3.4170E+16  6.8879E-11  1.7171E+08
  5.4600E+00  5.5300E+00  1.6017E-03  2.7080E+06  3.2251E+16  6.8877E-11  1.6206E+08
  5.6000E+00  5.6700E+00  1.6960E-03  2.7776E+06  3.0456E+16  6.8875E-11  1.5304E+08
  5.7400E+00  5.8100E+00  1.7950E-03  2.8471E+06  2.8776E+16  6.8873E-11  1.4460E+08
  5.8800E+00  5.9500E+00  1.8988E-03  2.9167E+06  2.7202E+16  6.8870E-11  1.3669E+08
  6.0200E+00  6.0900E+00  2.0076E-03  2.9863E+06  2.5726E+16  6.8868E-11  1.2927E+08
  6.1600E+00  6.2300E+00  2.1217E-03  3.0559E+06  2.4342E+16  6.8865E-11  1.2232E+08
  6.3000E+00  6.3700E+00  2.2412E-03  3.1255E+06  2.3043E+16  6.8862E-11  1.1579E+08
  6.4400E+00  6.5100E+00  2.3665E-03  3.1952E+06  2.1822E+16  6.8859E-11  1.0965E+08
  6.5800E+00  6.6500E+00  2.4977E-03  3.2648E+06  2.0675E+16  6.8855E-11  1.0389E+08
  6.7200E+00  6.7900E+00  2.6351E-03  3.3345E+06  1.9596E+16  6.8851E-11  9.8467E+07
  6.8600E+00  6.9300E+00  2.7790E-03  3.4043E+06  1.8580E+16  6.8847E-11  9.3363E+07
  7.0000E+00  7.0700E+00  2.9295E-03  3.4740E+06  1.7624E+16  6.8843E-11  8.8559E+07
  7.1400E+00  7.2100E+00  3.0871E-03  3.5438E+06  1.6723E+16  6.8838E-11  8.4032E+07
  7.2800E+00  7.3500E+00  3.2520E-03  3.6136E+06  1.5874E+16  6.8833E-11  7.9766E+07
  7.4200E+00  7.4900E+00  3.4245E-03  3.6835E+06  1.5073E+16  6.8827E-11  7.5743E+07
  7.5600E+00  7.6300E+00  3.6048E-03  3.7534E+06  1.4318E+16  6.8821E-11  7.1947E+07
  7.7000E+00  7.7700E+00  3.7933E-03  3.8233E+06  1.3605E+16  6.8815E-11  6.8365E+07
  7.8400E+00  7.9100E+00  3.9904E-03  3.8933E+06  1.2932E+16  6.8808E-11  6.4982E+07
  7.9800E+00  8.0500E+00  4.1964E-03  3.9633E+06  1.2296E+16  6.8801E-11  6.1786E+07
  8.1200E+00  8.1900E+00  4.4115E-03  4.0334E+06  1.1695E+16  6.8793E-11  5.8766E+07
  8.2600E+00  8.3300E+00  4.6362E-03  4.1035E+06  1.1127E+16  6.8785E-11  5.5911E+07
  8.4000E+00  8.4700E+00  4.8708E-03  4.1737E+06  1.0589E+16  6.8776E-11  5.3211E+07
  8.5400E+00  8.6100E+00  5.1158E-03  4.2440E+06  1.0081E+16  6.8766E-11  5.0656E+07
  8.6800E+00  8.7500E+00  5.3714E-03  4.3143E+06  9.5998E+15  6.8756E-11  4.8238E+07
  8.8200E+00  8.8900E+00  5.6382E-03  4.3847E+06  9.1442E+15  6.8745E-11  4.5949E+07
  8.9600E+00  9.0300E+00  5.9164E-03  4.4552E+06  8.7127E+15  6.8733E-11  4.3780E+07
  9.1000E+00  9.1700E+00  6.2066E-03  4.5258E+06  8.3039E+15  6.8721E-11  4.1726E+07
  9.2400E+00  9.3100E+00  6.5091E-03  4.5964E+06  7.9164E+15  6.8708E-11  3.9779E+07
  9.3800E+00  9.4500E+00  6.8245E-03  4.6672E+06  7.5490E+15  6.8694E-11  3.7933E+07
  9.5200E+00  9.5900E+00  7.1531E-03  4.7380E+06  7.2006E+15  6.8679E-11  3.6182E+07
  9.6600E+00  9.7300E+00  7.4954E-03  4.8090E+06  6.8701E+15  6.8663E-11  3.4522E+07
  9.8000E+00  9.8700E+00  7.8520E-03  4.8801E+06  6.5565E+15  6.8646E-11  3.2946E+07
  9.9400E+00  1.0010E+01  8.2233E-03  4.9513E+06  6.2588E+15  6.8627E-11  3.1450E+07
  1.0080E+01  1.0150E+01  8.6099E-03  5.0226E+06  5.9761E+15  6.8608E-11  3.0029E+07
  1.0220E+01  1.0290E+01  9.0122E-03  5.0941E+06  5.7077E+15  6.8588E-11  2.8680E+07
  1.0360E+01  1.0430E+01  9.4307E-03  5.1657E+06  5.4526E+15  6.8566E-11  2.7399E+07
  1.0500E+01  1.0570E+01  9.8661E-03  5.2375E+06  5.2103E+15  6.8543E-11  2.6181E+07
  1.0640E+01  1.0710E+01  1.0319E-02  5.3095E+06  4.9799E+15  6.8518E-11  2.5023E+07
  1.0780E+01  1.0850E+01  1.0790E-02  5.3816E+06  4.7608E+15  6.8492E-11  2.3922E+07
  1.0920E+01  1.0990E+01  1.1279E-02  5.4539E+06  4.5525E+15  6.8465E-11  2.2875E+07
  1.1060E+01  1.1130E+01  1.1787E-02  5.5265E+06  4.3542E+15  6.8436E-11  2.1880E+07
  1.1200E+01  1.1270E+01  1.2315E-02  5.5992E+06  4.1656E+15  6.8404E-11  2.0932E+07
  1.1340E+01  1.1410E+01  1.2864E-02  5.6722E+06  3.9861E+15  6.8372E-11  2.0030E+07
  1.1480E+01  1.1550E+01  1.3433E-02  5.7454E+06  3.8152E+15  6.8337E-11  1.9171E+07
  1.1620E+01  1.1690E+01  1.4024E-02  5.8189E+06  3.6525E+15  6.8300E-11  1.8353E+07
  1.1760E+01  1.1830E+01  1.4637E-02  5.8927E+06  3.4975E+15  6.8261E-11  1.7574E+07
  1.1900E+01  1.1970E+01  1.5273E-02  5.9667E+06  3.3498E+15  6.8219E-11  1.6832E+07
  1.2040E+01  1.2110E+01  1.5933E-02  6.0411E+06  3.2090E+15  6.8175E-11  1.6125E+07
  1.2180E+01  1.2250E+01  1.6617E-02  6.1158E+06  3.0748E+15  6.8129E-11  1.5451E+07
  1.2320E+01  1.2390E+01  1.7326E-02  6.1908E+06  2.9469E+15  6.8080E-11  1.4808E+07
  1.2460E+01  1.2530E+01  1.8060E-02  6.2662E+06  2.8249E+15  6.8028E-11  1.4195E+07
  1.2600E+01  1.2670E+01  1.8821E-02  6.3420E+06  2.7086E+15  6.7973E-11  1.3610E+07
  1.2740E+01  1.2810E+01  1.9609E-02  6.4183E+06  2.5975E+15  6.7915E-11  1.3052E+07
  1.2880E+01  1.2950E+01  2.0424E-02  6.4949E+06  2.4916E+15  6.7854E-11  1.2520E+07
  1.3020E+01  1.3090E+01  2.1268E-02  6.5721E+06  2.3904E+15  6.7789E-11  1.2012E+07
  1.3160E+01  1.3230E+01  2.2141E-02  6.6497E+06  2.2939E+15  6.7720E-11  1.1526E+07
  1.3300E+01  1.3370E+01  2.3043E-02  6.7278E+06  2.2017E+15  6.7648E-11  1.1063E+07
  1.3440E+01  1.3510E+01  2.3976E-02  6.8065E+06  2.1136E+15  6.7572E-11  1.0620E+07
  1.3580E+01  1.3650E+01  2.4941E-02  6.8858E+06  2.0294E+15  6.7491E-11  1.0198E+07
  1.3720E+01  1.3790E+01  2.5937E-02  6.9657E+06  1.9490E+15  6.7406E-11  9.7935E+06
  1.3860E+01  1.3930E+01  2.6966E-02  7.0462E+06  1.8722E+15  6.7316E-11  9.4073E+06
  1.4000E+01  1.4070E+01  2.8028E-02  7.1275E+06  1.7987E+15  6.7221E-11  9.0380E+06
  1.4140E+01  1.4210E+01  2.9124E-02  7.2094E+06  1.7284E+15  6.7121E-11  8.6850E+06
  1.4280E+01  1.4350E+01  3.0255E-02  7.2922E+06  1.6612E+15  6.7015E-11  8.3473E+06
  1.4420E+01  1.4490E+01  3.1420E-02  7.3757E+06  1.5969E+15  6.6904E-11  8.0242E+06
  1.4560E+01  1.4630E+01  3.2622E-02  7.4601E+06  1.5354E+15  6.6786E-11  7.7151E+06
  1.4700E+01  1.4770E+01  3.3860E-02  7.5454E+06  1.4765E+15  6.6662E-11  7.4192E+06
  1.4840E+01  1.4910E+01  3.5135E-02  7.6316E+06  1.4201E+15  6.6532E-11  7.1360E+06
  1.4980E+01  1.5050E+01  3.6447E-02  7.7189E+06  1.3662E+15  6.6394E-11  6.8648E+06
  1.5120E+01  1.5190E+01  3.7797E-02  7.8072E+06  1.3145E+15  6.6249E-11  6.6051E+06
  1.5260E+01  1.5330E+01  3.9186E-02  7.8965E+06  1.2650E+15  6.6096E-11  6.3563E+06
  1.5400E+01  1.5470E+01  4.0613E-02  7.9871E+06  1.2176E+15  6.5935E-11  6.1180E+06
  1.5540E+01  1.5610E+01  4.2080E-02  8.0788E+06  1.1721E+15  6.5766E-11  5.8896E+06
  1.5680E+01  1.5750E+01  4.3586E-02  8.1718E+06  1.1285E+15  6.5587E-11  5.6707E+06
  1.5820E+01  1.5890E+01  4.5132E-02  8.2661E+06  1.0868E+15  6.5400E-11  5.4608E+06
  1.5960E+01  1.6030E+01  4.6717E-02  8.3618E+06  1.0467E+15  6.5202E-11  5.2595E+06
  1.6100E+01  1.6170E+01  4.8343E-02  8.4589E+06  1.0083E+15  6.4995E-11  5.0665E+06
  1.6240E+01  1.6310E+01  5.0008E-02  8.5575E+06  9.7145E+14  6.4777E-11  4.8813E+06
  1.6380E+01  1.6450E+01  5.1714E-02  8.6576E+06  9.3609E+14  6.4548E-11  4.7037E+06
  1.6520E+01  1.6590E+01  5.3459E-02  8.7593E+06  9.0216E+14  6.4308E-11  4.5332E+06
  1.6660E+01  1.6730E+01  5.5244E-02  8.8627E+06  8.6959E+14  6.4056E-11  4.3695E+06
  1.6800E+01  1.6870E+01  5.7068E-02  8.9678E+06  8.3831E+14  6.3791E-11  4.2124E+06
  1.6940E+01  1.7010E+01  5.8931E-02  9.0746E+06  8.0828E+14  6.3514E-11  4.0614E+06
  1.7080E+01  1.7150E+01  6.0833E-02  9.1833E+06  7.7944E+14  6.3224E-11  3.9165E+06
  1.7220E+01  1.7290E+01  6.2773E-02  9.2938E+06  7.5173E+14  6.2920E-11  3.7773E+06
  1.7360E+01  1.7430E+01  6.4749E-02  9.4062E+06  7.2510E+14  6.2603E-11  3.6435E+06
  1.7500E+01  1.7570E+01  6.6762E-02  9.5205E+06  6.9952E+14  6.2271E-11  3.5149E+06
  1.7640E+01  1.7710E+01  6.8810E-02  9.6368E+06  6.7492E+14  6.1925E-11  3.3913E+06
  1.7780E+01  1.7850E+01  7.0893E-02  9.7551E+06  6.5127E+14  6.1563E-11  3.2725E+06
  1.7920E+01  1.7990E+01  7.3008E-02  9.8755E+06  6.2853E+14  6.1187E-11  3.1582E+06
  1.8060E+01  1.8130E+01  7.5156E-02  9.9980E+06  6.0666E+14  6.0795E-11  3.0483E+06
  1.8200E+01  1.8270E+01  7.7334E-02  1.0123E+07  5.8562E+14  6.0387E-11  2.9426E+06
  1.8340E+01  1.8410E+01  7.9540E-02  1.0249E+07  5.6538E+14  5.9963E-11  2.8409E+06
  1.8480E+01  1.8550E+01  8.1774E-02  1.0378E+07  5.4590E+14  5.9524E-11  2.7430E+06
  1.8620E+01  1.8690E+01  8.4034E-02  1.0509E+07  5.2715E+14  5.9067E-11  2.6488E+06
  1.8760E+01  1.8830E+01  8.6317E-02  1.0642E+07  5.0910E+14  5.8595E-11  2.5581E+06
  1.8900E+01  1.8970E+01  8.8621E-02  1.0777E+07  4.9172E+14  5.8105E-11  2.4708E+06
  1.9040E+01  1.9110E+01  9.0945E-02  1.0915E+07  4.7499E+14  5.7600E-11  2.3867E+06
  1.9180E+01  1.9250E+01  9.3286E-02  1.1055E+07  4.5887E+14  5.7077E-11  2.3057E+06
  1.9320E+01  1.9390E+01  9.5642E-02  1.1197E+07  4.4334E+14  5.6538E-11  2.2277E+06
  1.9460E+01  1.9530E+01  9.8010E-02  1.1341E+07  4.2838E+14  5.5982E-11  2.1525E+06
  1.9600E+01  1.9670E+01  1.0039E-01  1.1487E+07  4.1396E+14  5.5410E-11  2.0800E+06
  1.9740E+01  1.9810E+01  1.0277E-01  1.1635E+07  4.0006E+14  5.4822E-11  2.0102E+06
  1.9880E+01  1.9950E+01  1.0516E-01  1.1786E+07  3.8666E+14  5.4218E-11  1.9428E+06
  2.0020E+01  2.0090E+01  1.0755E-01  1.1939E+07  3.7374E+14  5.3597E-11  1.8779E+06
  2.0160E+01  2.0230E+01  1.0994E-01  1.2093E+07  3.6127E+14  5.2961E-11  1.8153E+06
  2.0300E+01  2.0370E+01  1.1233E-01  1.2250E+07  3.4925E+14  5.2309E-11  1.7549E+06
  2.0440E+01  2.0510E+01  1.1470E-01  1.2410E+07  3.3766E+14  5.1643E-11  1.6966E+06
  2.0580E+01  2.0650E+01  1.1707E-01  1.2571E+07  3.2646E+14  5.0961E-11  1.6404E+06
  2.0720E+01  2.0790E+01  1.1942E-01  1.2734E+07  3.1566E+14  5.0265E-11  1.5861E+06
  2.0860E+01  2.0930E+01  1.2176E-01  1.2900E+07  3.0523E+14  4.9554E-11  1.5337E+06
  2.1000E+01  2.1070E+01  1.2407E-01  1.3067E+07  2.9516E+14  4.8830E-11  1.4831E+06
  2.1140E+01  2.1210E+01  1.2636E-01  1.3237E+07  2.8543E+14  4.8093E-11  1.4342E+06
  2.1280E+01  2.1350E+01  1.2863E-01  1.3408E+07  2.7603E+14  4.7343E-11  1.3870E+06
  2.1420E+01  2.1490E+01  1.3086E-01  1.3582E+07  2.6695E+14  4.6580E-11  1.3413E+06
  2.1560E+01  2.1630E+01  1.3306E-01  1.3758E+07  2.5817E+14  4.5805E-11  1.2972E+06
  2.1700E+01  2.1770E+01  1.3522E-01  1.3936E+07  2.4968E+14  4.5019E-11  1.2546E+06
  2.1840E+01  2.1910E+01  1.3735E-01  1.4116E+07  2.4148E+14  4.4222E-11  1.2133E+06
  2.1980E+01  2.2050E+01  1.3942E-01  1.4298E+07  2.3353E+14  4.3415E-11  1.1734E+06
  2.2120E+01  2.2190E+01  1.4145E-01  1.4481E+07  2.2585E+14  4.2597E-11  1.1348E+06
  2.2260E+01  2.2330E+01  1.4343E-01  1.4667E+07  2.1841E+14  4.1771E-11  1.0974E+06
  2.2400E+01  2.2470E+01  1.4536E-01  1.4855E+07  2.1121E+14  4.0935E-11  1.0612E+06
  2.2540E+01  2.2610E+01  1.4723E-01  1.5045E+07  2.0423E+14  4.0092E-11  1.0262E+06
  2.2680E+01  2.2750E+01  1.4904E-01  1.5237E+07  1.9747E+14  3.9241E-11  9.9221E+05
  2.2820E+01  2.2890E+01  1.5078E-01  1.5431E+07  1.9092E+14  3.8383E-11  9.5928E+05
  2.2960E+01  2.3030E+01  1.5246E-01  1.5627E+07  1.8456E+14  3.7519E-11  9.2735E+05
  2.3100E+01  2.3170E+01  1.5408E-01  1.5824E+07  1.7840E+14  3.6650E-11  8.9639E+05
  2.3240E+01  2.3310E+01  1.5562E-01  1.6024E+07  1.7242E+14  3.5776E-11  8.6634E+05
  2.3380E+01  2.3450E+01  1.5709E-01  1.6225E+07  1.6662E+14  3.4899E-11  8.3718E+05
  2.3520E+01  2.3590E+01  1.5849E-01  1.6428E+07  1.6098E+14  3.4019E-11  8.0886E+05
  2.3660E+01  2.3730E+01  1.5982E-01  1.6633E+07  1.5551E+14  3.3138E-11  7.8136E+05
  2.3800E+01  2.3870E+01  1.6108E-01  1.6839E+07  1.5019E+14  3.2257E-11  7.5464E+05
  2.3940E+01  2.4010E+01  1.6227E-01  1.7045E+07  1.4503E+14  3.1378E-11  7.2869E+05
  2.4080E+01  2.4150E+01  1.6340E-01  1.7253E+07  1.4001E+14  3.0504E-11  7.0348E+05
  2.4220E+01  2.4290E+01  1.6449E-01  1.7460E+07  1.3514E+14  2.9637E-11  6.7900E+05
  2.4360E+01  2.4430E+01  1.6554E-01  1.7667E+07  1.3041E+14  2.8783E-11  6.5523E+05
  2.4500E+01  2.4570E+01  1.6659E-01  1.7871E+07  1.2583E+14  2.7947E-11  6.3220E+05
  2.4640E+01  2.4710E+01  1.6768E-01  1.8071E+07  1.2139E+14  2.7139E-11  6.0993E+05
  2.4780E+01  2.4850E+01  1.6887E-01  1.8265E+07  1.1712E+14  2.6370E-11  5.8846E+05
  2.4920E+01  2.4990E+01  1.7026E-01  1.8447E+07  1.1303E+14  2.5658E-11  5.6790E+05
  2.5060E+01  2.5130E+01  1.7201E-01  1.8611E+07  1.0914E+14  2.5031E-11  5.4837E+05
  2.5200E+01  2.5270E+01  1.7435E-01  1.8749E+07  1.0550E+14  2.4526E-11  5.3010E+05
  2.5340E+01  2.5410E+01  1.7766E-01  1.8847E+07  1.0217E+14  2.4201E-11  5.1333E+05
  2.5480E+01  2.5550E+01  1.8249E-01  1.8886E+07  9.9165E+13  2.4129E-11  4.9826E+05
  2.5620E+01  2.5690E+01  1.8979E-01  1.8845E+07  9.6395E+13  2.4394E-11  4.8434E+05
  2.5760E+01  2.5830E+01  2.0182E-01  1.8699E+07  9.3190E+13  2.5079E-11  4.6823E+05
  2.5900E+01  2.5970E+01  2.2596E-01  1.8434E+07  8.7018E+13  2.6220E-11  4.3717E+05
  2.6040E+01  2.6110E+01  2.8714E-01  1.8036E+07  7.1528E+13  2.7387E-11  3.5920E+05
  2.6180E+01  2.6250E+01  4.4964E-01  1.7376E+07  4.3199E+13  2.5888E-11  2.1675E+05
  2.6320E+01  2.6390E+01  8.3725E-01  1.6245E+07  1.7043E+13  1.8997E-11  8.5400E+04
  2.6460E+01  2.6530E+01  1.6060E+00  1.4802E+07  4.7523E+12  1.0146E-11  2.3780E+04
  2.6600E+01  2.6670E+01  2.8732E+00  1.3436E+07  2.7964E+12  1.0713E-11  1.4037E+04
  2.6740E+01  2.6810E+01  4.6298E+00  1.2353E+07  2.2081E+12  1.3636E-11  1.1091E+04
  2.6880E+01  2.6950E+01  6.6440E+00  1.1466E+07  1.9940E+12  1.7672E-11  1.0019E+04
  2.7020E+01  2.7090E+01  8.4572E+00  1.0688E+07  1.9900E+12  2.2448E-11  1.0000E+04
  2.7160E+01  2.7230E+01  9.5042E+00  9.9536E+06  1.9900E+12  2.5220E-11  1.0000E+04
  2.7300E+01  2.7370E+01  9.3472E+00  9.2017E+06  1.9900E+12  2.4797E-11  1.0000E+04
  2.7440E+01  2.7510E+01  7.9428E+00  8.3714E+06  2.0629E+12  2.1837E-11  1.0367E+04
  2.7580E+01  2.7650E+01  5.7654E+00  7.3975E+06  2.3367E+12  1.7952E-11  1.1745E+04
  2.7720E+01  2.7790E+01  3.6003E+00  6.1953E+06  2.7898E+12  1.3382E-11  1.4024E+04
  2.7860E+01  2.7930E+01  2.0829E+00  4.6667E+06  3.3049E+12  9.1707E-12  1.6612E+04
  2.8000E+01  2.8070E+01  1.3313E+00  2.8228E+06  3.1498E+12  5.5866E-12  1.5827E+04
  2.8140E+01  2.8210E+01  1.0593E+00  1.0510E+06  2.1001E+12  2.9652E-12  1.0552E+04
  2.8280E+01  2.8350E+01  1.0028E+00  1.0688E+05  1.9900E+12  2.6606E-12  1.0000E+04
  2.8420E+01  2.8490E+01  1.0000E+00  6.1772E+02  1.9900E+12  2.6534E-12  1.0000E+04
  2.8560E+01  2.8630E+01  1.0000E+00  1.4657E-01  1.9900E+12  2.6533E-12  1.0000E+04
  2.8700E+01  2.8770E+01  1.0000E+00  2.7268E-05  1.9900E+12  2.6533E-12  1.0000E+04
  2.8840E+01  2.8910E+01  1.0000E+00  4.6853E-09  1.9900E+12  2.6533E-12  1.0000E+04
  2.8980E+01  2.9050E+01  1.0000E+00  4.2437E-25  1.9900E+12  2.6533E-12  1.0000E+04
  2.9120E+01  2.9190E+01  1.0000E+00  1.6303E-57  1.9900E+12  2.6533E-12  1.0000E+04
  2.9260E+01  2.9330E+01  1.0000E+00  1.1559-122  1.9900E+12  2.6533E-12  1.0000E+04
  2.9400E+01  2.9470E+01  1.0000E+00  2.7192-253  1.9900E+12  2.6533E-12  1.0000E+04
  2.9540E+01  2.9610E+01  1.0000E+00  0.0000E+00  1.9900E+12  2.6533E-12  1.0000E+04
  2.9680E+01  2.9750E+01  1.0000E+00  0.0000E+00  1.9900E+12  2.6533E-12  1.0000E+04
  2.9820E+01  2.9890E+01  1.0000E+00  0.0000E+00  1.9900E+12  2.6533E-12  1.0000E+04
  2.9960E+01  3.0030E+01  1.0000E+00  0.0000E+00  1.9900E+12  2.6533E-12  1.0000E+04
  3.0100E+01  3.0170E+01  1.0000E+00  0.0000E+00  1.9900E+12  2.6533E-12  1.0000E+04
  3.0240E+01  3.0310E+01  1.0000E+00  0.0000E+00  1.9900E+12  2.6533E-12  1.0000E+04
  3.0380E+01  3.0450E+01  1.0000E+00  0.0000E+00  1.9900E+12  2.6533E-12  1.0000E+04
  3.0520E+01  3.0590E+01  1.0000E+00  0.0000E+00  1.9900E+12  2.6533E-12  1.0000E+04
  3.0660E+01  3.0730E+01  1.0000E+00  0.0000E+00  1.9900E+12  2.6533E-12  1.0000E+04
  3.0800E+01  3.0870E+01  1.0000E+00  0.0000E+00  1.9900E+12  2.6533E-12  1.0000E+04
  3.0940E+01  3.1010E+01  1.0000E+00  0.0000E+00  1.9900E+12  2.6533E-12  1.0000E+04
  3.1080E+01  3.1150E+01  1.0000E+00  0.0000E+00  1.9900E+12  2.6533E-12  1.0000E+04
  3.1220E+01  3.1290E+01  1.0000E+00  0.0000E+00  1.9900E+12  2.6533E-12  1.0000E+04
  3.1360E+01  3.1430E+01  1.0000E+00  0.0000E+00  1.9900E+12  2.6533E-12  1.0000E+04
  3.1500E+01  3.1570E+01  1.0000E+00  0.0000E+00  1.9900E+12  2.6533E-12  1.0000E+04
  3.1640E+01  3.1710E+01  1.0000E+00  0.0000E+00  1.9900E+12  2.6533E-12  1.0000E+04
  3.1780E+01  3.1850E+01  1.0000E+00  0.0000E+00  1.9900E+12  2.6533E-12  1.0000E+04
  3.1920E+01  3.1990E+01  1.0000E+00  0.0000E+00  1.9900E+12  2.6533E-12  1.0000E+04
  3.2060E+01  3.2130E+01  1.0000E+00  0.0000E+00  1.9900E+12  2.6533E-12  1.0000E+04
  3.2200E+01  3.2270E+01  1.0000E+00  0.0000E+00  1.9900E+12  2.6533E-12  1.0000E+04
  3.2340E+01  3.2410E+01  1.0000E+00  0.0000E+00  1.9900E+12  2.6533E-12  1.0000E+04
  3.2480E+01  3.2550E+01  1.0000E+00  0.0000E+00  1.9900E+12  2.6533E-12  1.0000E+04
  3.2620E+01  3.2690E+01  1.0000E+00  0.0000E+00  1.9900E+12  2.6533E-12  1.0000E+04
  3.2760E+01  3.2830E+01  1.0000E+00  0.0000E+00  1.9900E+12  2.6533E-12  1.0000E+04
  3.2900E+01  3.2970E+01  1.0000E+00  0.0000E+00  1.9900E+12  2.6533E-12  1.0000E+04
  3.3040E+01  3.3110E+01  1.0000E+00  0.0000E+00  1.9900E+12  2.6533E-12  1.0000E+04
  3.3180E+01  3.3250E+01  1.0000E+00  0.0000E+00  1.9900E+12  2.6533E-12  1.0000E+04
  3.3320E+01  3.3390E+01  1.0000E+00  0.0000E+00  1.9900E+12  2.6533E-12  1.0000E+04
  3.3460E+01  3.3530E+01  1.0000E+00  0.0000E+00  1.9900E+12  2.6533E-12  1.0000E+04
  3.3600E+01  3.3670E+01  1.0000E+00  0.0000E+00  1.9900E+12  2.6533E-12  1.0000E+04
  3.3740E+01  3.3810E+01  1.0000E+00  0.0000E+00  1.9900E+12  2.6533E-12  1.0000E+04
  3.3880E+01  3.3950E+01  1.0000E+00  0.0000E+00  1.9900E+12  2.6533E-12  1.0000E+04
  3.4020E+01  3.4090E+01  1.0000E+00  0.0000E+00  1.9900E+12  2.6533E-12  1.0000E+04
  3.4160E+01  3.4230E+01  1.0000E+00  0.0000E+00  1.9900E+12  2.6533E-12  1.0000E+04
  3.4300E+01  3.4370E+01  1.0000E+00  0.0000E+00  1.9900E+12  2.6533E-12  1.0000E+04
  3.4440E+01  3.4510E+01  1.0000E+00  0.0000E+00  1.9900E+12  2.6533E-12  1.0000E+04
  3.4580E+01  3.4650E+01  1.0000E+00  0.0000E+00  1.9900E+12  2.6533E-12  1.0000E+04
  3.4720E+01  3.4790E+01  1.0000E+00  0.0000E+00  1.9900E+12  2.6533E-12  1.0000E+04
  3.4860E+01  3.4930E+01  1.0000E+00  0.0000E+00  1.9900E+12  2.6533E-12  1.0000E+04
  3.5000E+01  3.5070E+01  1.0000E+00  0.0000E+00  1.9900E+12  2.6533E-12  1.0000E+04
  3.5140E+01  3.5210E+01  1.0000E+00  0.0000E+00  1.9900E+12  2.6533E-12  1.0000E+04
  3.5280E+01  3.5350E+01  1.0000E+00  0.0000E+00  1.9900E+12  2.6533E-12  1.0000E+04
  3.5420E+01  3.5490E+01  1.0000E+00  0.0000E+00  1.9900E+12  2.6533E-12  1.0000E+04
  3.5560E+01  3.5630E+01  1.0000E+00  0.0000E+00  1.9900E+12  2.6533E-12  1.0000E+04
  3.5700E+01  3.5770E+01  1.0000E+00  0.0000E+00  1.9900E+12  2.6533E-12  1.0000E+04
  3.5840E+01  3.5910E+01  1.0000E+00  0.0000E+00  1.9900E+12  2.6533E-12  1.0000E+04
  3.5980E+01  3.6050E+01  1.0000E+00  0.0000E+00  1.9900E+12  2.6533E-12  1.0000E+04
  3.6120E+01  3.6190E+01  1.0000E+00  0.0000E+00  1.9900E+12  2.6533E-12  1.0000E+04
  3.6260E+01  3.6330E+01  1.0000E+00  0.0000E+00  1.9900E+12  2.6533E-12  1.0000E+04
  3.6400E+01  3.6470E+01  1.0000E+00  0.0000E+00  1.9900E+12  2.6533E-12  1.0000E+04
  3.6540E+01  3.6610E+01  1.0000E+00  0.0000E+00  1.9900E+12  2.6533E-12  1.0000E+04
  3.6680E+01  3.6750E+01  1.0000E+00  0.0000E+00  1.9900E+12  2.6533E-12  1.0000E+04
  3.6820E+01  3.6890E+01  1.0000E+00  0.0000E+00  1.9900E+12  2.6533E-12  1.0000E+04
  3.6960E+01  3.7030E+01  1.0000E+00  0.0000E+00  1.9900E+12  2.6533E-12  1.0000E+04
  3.7100E+01  3.7170E+01  1.0000E+00  0.0000E+00  1.9900E+12  2.6533E-12  1.0000E+04
  3.7240E+01  3.7310E+01  1.0000E+00  0.0000E+00  1.9900E+12  2.6533E-12  1.0000E+04
  3.7380E+01  3.7450E+01  1.0000E+00  0.0000E+00  1.9900E+12  2.6533E-12  1.0000E+04
  3.7520E+01  3.7590E+01  1.0000E+00  0.0000E+00  1.9900E+12  2.6533E-12  1.0000E+04
  3.7660E+01  3.7730E+01  1.0000E+00  0.0000E+00  1.9900E+12  2.6533E-12  1.0000E+04
  3.7800E+01  3.7870E+01  1.0000E+00  0.0000E+00  1.9900E+12  2.6533E-12  1.0000E+04
  3.7940E+01  3.8010E+01  1.0000E+00  0.0000E+00  1.9900E+12  2.6533E-12  1.0000E+04
  3.8080E+01  3.8150E+01  1.0000E+00  0.0000E+00  1.9900E+12  2.6533E-12  1.0000E+04
  3.8220E+01  3.8290E+01  1.0000E+00  0.0000E+00  1.9900E+12  2.6533E-12  1.0000E+04
  3.8360E+01  3.8430E+01  1.0000E+00  0.0000E+00  1.9900E+12  2.6533E-12  1.0000E+04
  3.8500E+01  3.8570E+01  1.0000E+00  0.0000E+00  1.9900E+12  2.6533E-12  1.0000E+04
  3.8640E+01  3.8710E+01  1.0000E+00  0.0000E+00  1.9900E+12  2.6533E-12  1.0000E+04
  3.8780E+01  3.8850E+01  1.0000E+00  0.0000E+00  1.9900E+12  2.6533E-12  1.0000E+04
  3.8920E+01  3.8990E+01  1.0000E+00  0.0000E+00  1.9900E+12  2.6533E-12  1.0000E+04
  3.9060E+01  3.9130E+01  1.0000E+00  0.0000E+00  1.9900E+12  2.6533E-12  1.0000E+04
  3.9200E+01  3.9270E+01  1.0000E+00  0.0000E+00  1.9900E+12  2.6533E-12  1.0000E+04
  3.9340E+01  3.9410E+01  1.0000E+00  0.0000E+00  1.9900E+12  2.6533E-12  1.0000E+04
  3.9480E+01  3.9550E+01  1.0000E+00  0.0000E+00  1.9900E+12  2.6533E-12  1.0000E+04
  3.9620E+01  3.9690E+01  1.0000E+00  0.0000E+00  1.9900E+12  2.6533E-12  1.0000E+04
  3.9760E+01  3.9830E+01  1.0000E+00  0.0000E+00  1.9900E+12  2.6533E-12  1.0000E+04
  3.9900E+01  3.9970E+01  1.0000E+00  0.0000E+00  1.9900E+12  2.6533E-12  1.0000E+04
  4.0040E+01  4.0110E+01  1.0000E+00  0.0000E+00  1.9900E+12  2.6533E-12  1.0000E+04
  4.0180E+01  4.0250E+01  1.0000E+00  0.0000E+00  1.9900E+12  2.6533E-12  1.0000E+04
  4.0320E+01  4.0390E+01  1.0000E+00  0.0000E+00  1.9900E+12  2.6533E-12  1.0000E+04
  4.0460E+01  4.0530E+01  1.0000E+00  0.0000E+00  1.9900E+12  2.6533E-12  1.0000E+04
  4.0600E+01  4.0670E+01  1.0000E+00  0.0000E+00  1.9900E+12  2.6533E-12  1.0000E+04
  4.0740E+01  4.0810E+01  1.0000E+00  0.0000E+00  1.9900E+12  2.6533E-12  1.0000E+04
  4.0880E+01  4.0950E+01  1.0000E+00  0.0000E+00  1.9900E+12  2.6533E-12  1.0000E+04
  4.1020E+01  4.1090E+01  1.0000E+00  0.0000E+00  1.9900E+12  2.6533E-12  1.0000E+04
  4.1160E+01  4.1230E+01  1.0000E+00  0.0000E+00  1.9900E+12  2.6533E-12  1.0000E+04
  4.1300E+01  4.1370E+01  1.0000E+00  0.0000E+00  1.9900E+12  2.6533E-12  1.0000E+04
  4.1440E+01  4.1510E+01  1.0000E+00  0.0000E+00  1.9900E+12  2.6533E-12  1.0000E+04
  4.1580E+01  4.1650E+01  1.0000E+00  0.0000E+00  1.9900E+12  2.6533E-12  1.0000E+04
  4.1720E+01  4.1790E+01  1.0000E+00  0.0000E+00  1.9900E+12  2.6533E-12  1.0000E+04
  4.1860E+01  4.1930E+01  1.0000E+00  0.0000E+00  1.9900E+12  2.6533E-12  1.0000E+04
  4.2000E+01  4.2070E+01  1.0000E+00  0.0000E+00  1.9900E+12  2.6533E-12  1.0000E+04
  4.2140E+01  4.2210E+01  1.0000E+00  0.0000E+00  1.9900E+12  2.6533E-12  1.0000E+04
  4.2280E+01  4.2350E+01  1.0000E+00  0.0000E+00  1.9900E+12  2.6533E-12  1.0000E+04
  4.2420E+01  4.2490E+01  1.0000E+00  0.0000E+00  1.9900E+12  2.6533E-12  1.0000E+04
  4.2560E+01  4.2630E+01  1.0000E+00  0.0000E+00  1.9900E+12  2.6533E-12  1.0000E+04
  4.2700E+01  4.2770E+01  1.0000E+00  0.0000E+00  1.9900E+12  2.6533E-12  1.0000E+04
  4.2840E+01  4.2910E+01  1.0000E+00  0.0000E+00  1.9900E+12  2.6533E-12  1.0000E+04
  4.2980E+01  4.3050E+01  1.0000E+00  0.0000E+00  1.9900E+12  2.6533E-12  1.0000E+04
  4.3120E+01  4.3190E+01  1.0000E+00  0.0000E+00  1.9900E+12  2.6533E-12  1.0000E+04
  4.3260E+01  4.3330E+01  1.0000E+00  0.0000E+00  1.9900E+12  2.6533E-12  1.0000E+04
  4.3400E+01  4.3470E+01  1.0000E+00  0.0000E+00  1.9900E+12  2.6533E-12  1.0000E+04
  4.3540E+01  4.3610E+01  1.0000E+00  0.0000E+00  1.9900E+12  2.6533E-12  1.0000E+04
  4.3680E+01  4.3750E+01  1.0000E+00  0.0000E+00  1.9900E+12  2.6533E-12  1.0000E+04
  4.3820E+01  4.3890E+01  1.0000E+00  0.0000E+00  1.9900E+12  2.6533E-12  1.0000E+04
  4.3960E+01  4.4030E+01  1.0000E+00  0.0000E+00  1.9900E+12  2.6533E-12  1.0000E+04
  4.4100E+01  4.4170E+01  1.0000E+00  0.0000E+00  1.9900E+12  2.6533E-12  1.0000E+04
  4.4240E+01  4.4310E+01  1.0000E+00  0.0000E+00  1.9900E+12  2.6533E-12  1.0000E+04
  4.4380E+01  4.4450E+01  1.0000E+00  0.0000E+00  1.9900E+12  2.6533E-12  1.0000E+04
  4.4520E+01  4.4590E+01  1.0000E+00  0.0000E+00  1.9900E+12  2.6533E-12  1.0000E+04
  4.4660E+01  4.4730E+01  1.0000E+00  0.0000E+00  1.9900E+12  2.6533E-12  1.0000E+04
  4.4800E+01  4.4870E+01  1.0000E+00  0.0000E+00  1.9900E+12  2.6533E-12  1.0000E+04
  4.4940E+01  4.5010E+01  1.0000E+00  0.0000E+00  1.9900E+12  2.6533E-12  1.0000E+04
  4.5080E+01  4.5150E+01  1.0000E+00  0.0000E+00  1.9900E+12  2.6533E-12  1.0000E+04
  4.5220E+01  4.5290E+01  1.0000E+00  0.0000E+00  1.9900E+12  2.6533E-12  1.0000E+04
  4.5360E+01  4.5430E+01  1.0000E+00  0.0000E+00  1.9900E+12  2.6533E-12  1.0000E+04
  4.5500E+01  4.5570E+01  1.0000E+00  0.0000E+00  1.9900E+12  2.6533E-12  1.0000E+04
  4.5640E+01  4.5710E+01  1.0000E+00  0.0000E+00  1.9900E+12  2.6533E-12  1.0000E+04
  4.5780E+01  4.5850E+01  1.0000E+00  0.0000E+00  1.9900E+12  2.6533E-12  1.0000E+04
  4.5920E+01  4.5990E+01  1.0000E+00  0.0000E+00  1.9900E+12  2.6533E-12  1.0000E+04
  4.6060E+01  4.6130E+01  1.0000E+00  0.0000E+00  1.9900E+12  2.6533E-12  1.0000E+04
  4.6200E+01  4.6270E+01  1.0000E+00  0.0000E+00  1.9900E+12  2.6533E-12  1.0000E+04
  4.6340E+01  4.6410E+01  1.0000E+00  0.0000E+00  1.9900E+12  2.6533E-12  1.0000E+04
  4.6480E+01  4.6550E+01  1.0000E+00  0.0000E+00  1.9900E+12  2.6533E-12  1.0000E+04
  4.6620E+01  4.6690E+01  1.0000E+00  0.0000E+00  1.9900E+12  2.6533E-12  1.0000E+04
  4.6760E+01  4.6830E+01  1.0000E+00  0.0000E+00  1.9900E+12  2.6533E-12  1.0000E+04
  4.6900E+01  4.6970E+01  1.0000E+00  0.0000E+00  1.9900E+12  2.6533E-12  1.0000E+04
  4.7040E+01  4.7110E+01  1.0000E+00  0.0000E+00  1.9900E+12  2.6533E-12  1.0000E+04
  4.7180E+01  4.7250E+01  1.0000E+00  0.0000E+00  1.9900E+12  2.6533E-12  1.0000E+04
  4.7320E+01  4.7390E+01  1.0000E+00  0.0000E+00  1.9900E+12  2.6533E-12  1.0000E+04
  4.7460E+01  4.7530E+01  1.0000E+00  0.0000E+00  1.9900E+12  2.6533E-12  1.0000E+04
  4.7600E+01  4.7670E+01  1.0000E+00  0.0000E+00  1.9900E+12  2.6533E-12  1.0000E+04
  4.7740E+01  4.7810E+01  1.0000E+00  0.0000E+00  1.9900E+12  2.6533E-12  1.0000E+04
  4.7880E+01  4.7950E+01  1.0000E+00  0.0000E+00  1.9900E+12  2.6533E-12  1.0000E+04
  4.8020E+01  4.8090E+01  1.0000E+00  0.0000E+00  1.9900E+12  2.6533E-12  1.0000E+04
  4.8160E+01  4.8230E+01  1.0000E+00  0.0000E+00  1.9900E+12  2.6533E-12  1.0000E+04
  4.8300E+01  4.8370E+01  1.0000E+00  0.0000E+00  1.9900E+12  2.6533E-12  1.0000E+04
  4.8440E+01  4.8510E+01  1.0000E+00  0.0000E+00  1.9900E+12  2.6533E-12  1.0000E+04
  4.8580E+01  4.8650E+01  1.0000E+00  0.0000E+00  1.9900E+12  2.6533E-12  1.0000E+04
  4.8720E+01  4.8790E+01  1.0000E+00  0.0000E+00  1.9900E+12  2.6533E-12  1.0000E+04
  4.8860E+01  4.8930E+01  1.0000E+00  0.0000E+00  1.9900E+12  2.6533E-12  1.0000E+04
  4.9000E+01  4.9070E+01  1.0000E+00  0.0000E+00  1.9900E+12  2.6533E-12  1.0000E+04
  4.9140E+01  4.9210E+01  1.0000E+00  0.0000E+00  1.9900E+12  2.6533E-12  1.0000E+04
  4.9280E+01  4.9350E+01  1.0000E+00  0.0000E+00  1.9900E+12  2.6533E-12  1.0000E+04
  4.9420E+01  4.9490E+01  1.0000E+00  0.0000E+00  1.9900E+12  2.6533E-12  1.0000E+04
  4.9560E+01  4.9630E+01  1.0000E+00  0.0000E+00  1.9900E+12  2.6533E-12  1.0000E+04
  4.9700E+01  4.9770E+01  1.0000E+00  0.0000E+00  1.9900E+12  2.6533E-12  1.0000E+04
  4.9840E+01  4.9910E+01  1.0000E+00  0.0000E+00  1.9900E+12  2.6533E-12  1.0000E+04
  4.9980E+01  5.0050E+01  1.0000E+00  0.0000E+00  1.9900E+12  2.6533E-12  1.0000E+04
  5.0120E+01  5.0190E+01  1.0000E+00  0.0000E+00  1.9900E+12  2.6533E-12  1.0000E+04
  5.0260E+01  5.0330E+01  1.0000E+00  0.0000E+00  1.9900E+12  2.6533E-12  1.0000E+04
  5.0400E+01  5.0470E+01  1.0000E+00  0.0000E+00  1.9900E+12  2.6533E-12  1.0000E+04
  5.0540E+01  5.0610E+01  1.0000E+00  0.0000E+00  1.9900E+12  2.6533E-12  1.0000E+04
  5.0680E+01  5.0750E+01  1.0000E+00  0.0000E+00  1.9900E+12  2.6533E-12  1.0000E+04
  5.0820E+01  5.0890E+01  1.0000E+00  0.0000E+00  1.9900E+12  2.6533E-12  1.0000E+04
  5.0960E+01  5.1030E+01  1.0000E+00  0.0000E+00  1.9900E+12  2.6533E-12  1.0000E+04
  5.1100E+01  5.1170E+01  1.0000E+00  0.0000E+00  1.9900E+12  2.6533E-12  1.0000E+04
  5.1240E+01  5.1310E+01  1.0000E+00  0.0000E+00  1.9900E+12  2.6533E-12  1.0000E+04
  5.1380E+01  5.1450E+01  1.0000E+00  0.0000E+00  1.9900E+12  2.6533E-12  1.0000E+04
  5.1520E+01  5.1590E+01  1.0000E+00  0.0000E+00  1.9900E+12  2.6533E-12  1.0000E+04
  5.1660E+01  5.1730E+01  1.0000E+00  0.0000E+00  1.9900E+12  2.6533E-12  1.0000E+04
  5.1800E+01  5.1870E+01  1.0000E+00  0.0000E+00  1.9900E+12  2.6533E-12  1.0000E+04
  5.1940E+01  5.2010E+01  1.0000E+00  0.0000E+00  1.9900E+12  2.6533E-12  1.0000E+04
  5.2080E+01  5.2150E+01  1.0000E+00  0.0000E+00  1.9900E+12  2.6533E-12  1.0000E+04
  5.2220E+01  5.2290E+01  1.0000E+00  0.0000E+00  1.9900E+12  2.6533E-12  1.0000E+04
  5.2360E+01  5.2430E+01  1.0000E+00  0.0000E+00  1.9900E+12  2.6533E-12  1.0000E+04
  5.2500E+01  5.2570E+01  1.0000E+00  0.0000E+00  1.9900E+12  2.6533E-12  1.0000E+04
  5.2640E+01  5.2710E+01  1.0000E+00  0.0000E+00  1.9900E+12  2.6533E-12  1.0000E+04
  5.2780E+01  5.2850E+01  1.0000E+00  0.0000E+00  1.9900E+12  2.6533E-12  1.0000E+04
  5.2920E+01  5.2990E+01  1.0000E+00  0.0000E+00  1.9900E+12  2.6533E-12  1.0000E+04
  5.3060E+01  5.3130E+01  1.0000E+00  0.0000E+00  1.9900E+12  2.6533E-12  1.0000E+04
  5.3200E+01  5.3270E+01  1.0000E+00  0.0000E+00  1.9900E+12  2.6533E-12  1.0000E+04
  5.3340E+01  5.3410E+01  1.0000E+00  0.0000E+00  1.9900E+12  2.6533E-12  1.0000E+04
  5.3480E+01  5.3550E+01  1.0000E+00  0.0000E+00  1.9900E+12  2.6533E-12  1.0000E+04
  5.3620E+01  5.3690E+01  1.0000E+00  0.0000E+00  1.9900E+12  2.6533E-12  1.0000E+04
  5.3760E+01  5.3830E+01  1.0000E+00  0.0000E+00  1.9900E+12  2.6533E-12  1.0000E+04
  5.3900E+01  5.3970E+01  1.0000E+00  0.0000E+00  1.9900E+12  2.6533E-12  1.0000E+04
  5.4040E+01  5.4110E+01  1.0000E+00  0.0000E+00  1.9900E+12  2.6533E-12  1.0000E+04
  5.4180E+01  5.4250E+01  1.0000E+00  0.0000E+00  1.9900E+12  2.6533E-12  1.0000E+04
  5.4320E+01  5.4390E+01  1.0000E+00  0.0000E+00  1.9900E+12  2.6533E-12  1.0000E+04
  5.4460E+01  5.4530E+01  1.0000E+00  0.0000E+00  1.9900E+12  2.6533E-12  1.0000E+04
  5.4600E+01  5.4670E+01  1.0000E+00  0.0000E+00  1.9900E+12  2.6533E-12  1.0000E+04
  5.4740E+01  5.4810E+01  1.0000E+00  0.0000E+00  1.9900E+12  2.6533E-12  1.0000E+04
  5.4880E+01  5.4950E+01  1.0000E+00  0.0000E+00  1.9900E+12  2.6533E-12  1.0000E+04
  5.5020E+01  5.5090E+01  1.0000E+00  0.0000E+00  1.9900E+12  2.6533E-12  1.0000E+04
  5.5160E+01  5.5230E+01  1.0000E+00  0.0000E+00  1.9900E+12  2.6533E-12  1.0000E+04
  5.5300E+01  5.5370E+01  1.0000E+00  0.0000E+00  1.9900E+12  2.6533E-12  1.0000E+04
  5.5440E+01  5.5510E+01  1.0000E+00  0.0000E+00  1.9900E+12  2.6533E-12  1.0000E+04
  5.5580E+01  5.5650E+01  1.0000E+00  0.0000E+00  1.9900E+12  2.6533E-12  1.0000E+04
  5.5720E+01  5.5790E+01  1.0000E+00  0.0000E+00  1.9900E+12  2.6533E-12  1.0000E+04
  5.5860E+01  5.5930E+01  1.0000E+00  0.0000E+00  1.9900E+12  2.6533E-12  1.0000E+04
  5.6000E+01  5.6070E+01  1.0000E+00  0.0000E+00  1.9900E+12  2.6533E-12  1.0000E+04
  5.6140E+01  5.6210E+01  1.0000E+00  0.0000E+00  1.9900E+12  2.6533E-12  1.0000E+04
  5.6280E+01  5.6350E+01  1.0000E+00  0.0000E+00  1.9900E+12  2.6533E-12  1.0000E+04
  5.6420E+01  5.6490E+01  1.0000E+00  0.0000E+00  1.9900E+12  2.6533E-12  1.0000E+04
  5.6560E+01  5.6630E+01  1.0000E+00  0.0000E+00  1.9900E+12  2.6533E-12  1.0000E+04
  5.6700E+01  5.6770E+01  1.0000E+00  0.0000E+00  1.9900E+12  2.6533E-12  1.0000E+04
  5.6840E+01  5.6910E+01  1.0000E+00  0.0000E+00  1.9900E+12  2.6533E-12  1.0000E+04
  5.6980E+01  5.7050E+01  1.0000E+00  0.0000E+00  1.9900E+12  2.6533E-12  1.0000E+04
  5.7120E+01  5.7190E+01  1.0000E+00  0.0000E+00  1.9900E+12  2.6533E-12  1.0000E+04
  5.7260E+01  5.7330E+01  1.0000E+00  0.0000E+00  1.9900E+12  2.6533E-12  1.0000E+04
  5.7400E+01  5.7470E+01  1.0000E+00  0.0000E+00  1.9900E+12  2.6533E-12  1.0000E+04
  5.7540E+01  5.7610E+01  1.0000E+00  0.0000E+00  1.9900E+12  2.6533E-12  1.0000E+04
  5.7680E+01  5.7750E+01  1.0000E+00  0.0000E+00  1.9900E+12  2.6533E-12  1.0000E+04
  5.7820E+01  5.7890E+01  1.0000E+00  0.0000E+00  1.9900E+12  2.6533E-12  1.0000E+04
  5.7960E+01  5.8030E+01  1.0000E+00  0.0000E+00  1.9900E+12  2.6533E-12  1.0000E+04
  5.8100E+01  5.8170E+01  1.0000E+00  0.0000E+00  1.9900E+12  2.6533E-12  1.0000E+04
  5.8240E+01  5.8310E+01  1.0000E+00  0.0000E+00  1.9900E+12  2.6533E-12  1.0000E+04
  5.8380E+01  5.8450E+01  1.0000E+00  0.0000E+00  1.9900E+12  2.6533E-12  1.0000E+04
  5.8520E+01  5.8590E+01  1.0000E+00  0.0000E+00  1.9900E+12  2.6533E-12  1.0000E+04
  5.8660E+01  5.8730E+01  1.0000E+00  0.0000E+00  1.9900E+12  2.6533E-12  1.0000E+04
  5.8800E+01  5.8870E+01  1.0000E+00  0.0000E+00  1.9900E+12  2.6533E-12  1.0000E+04
  5.8940E+01  5.9010E+01  1.0000E+00  0.0000E+00  1.9900E+12  2.6533E-12  1.0000E+04
  5.9080E+01  5.9150E+01  1.0000E+00  0.0000E+00  1.9900E+12  2.6533E-12  1.0000E+04
  5.9220E+01  5.9290E+01  1.0000E+00  0.0000E+00  1.9900E+12  2.6533E-12  1.0000E+04
  5.9360E+01  5.9430E+01  1.0000E+00  0.0000E+00  1.9900E+12  2.6533E-12  1.0000E+04
  5.9500E+01  5.9570E+01  1.0000E+00  0.0000E+00  1.9900E+12  2.6533E-12  1.0000E+04
  5.9640E+01  5.9710E+01  1.0000E+00  0.0000E+00  1.9900E+12  2.6533E-12  1.0000E+04
  5.9780E+01  5.9850E+01  1.0000E+00  0.0000E+00  1.9900E+12  2.6533E-12  1.0000E+04
  5.9920E+01  5.9990E+01  1.0000E+00  0.0000E+00  1.9900E+12  2.6533E-12  1.0000E+04
  6.0060E+01  6.0130E+01  1.0000E+00  0.0000E+00  1.9900E+12  2.6533E-12  1.0000E+04
  6.0200E+01  6.0270E+01  1.0000E+00  0.0000E+00  1.9900E+12  2.6533E-12  1.0000E+04
  6.0340E+01  6.0410E+01  1.0000E+00  0.0000E+00  1.9900E+12  2.6533E-12  1.0000E+04
  6.0480E+01  6.0550E+01  1.0000E+00  0.0000E+00  1.9900E+12  2.6533E-12  1.0000E+04
  6.0620E+01  6.0690E+01  1.0000E+00  0.0000E+00  1.9900E+12  2.6533E-12  1.0000E+04
  6.0760E+01  6.0830E+01  1.0000E+00  0.0000E+00  1.9900E+12  2.6533E-12  1.0000E+04
  6.0900E+01  6.0970E+01  1.0000E+00  0.0000E+00  1.9900E+12  2.6533E-12  1.0000E+04
  6.1040E+01  6.1110E+01  1.0000E+00  0.0000E+00  1.9900E+12  2.6533E-12  1.0000E+04
  6.1180E+01  6.1250E+01  1.0000E+00  0.0000E+00  1.9900E+12  2.6533E-12  1.0000E+04
  6.1320E+01  6.1390E+01  1.0000E+00  0.0000E+00  1.9900E+12  2.6533E-12  1.0000E+04
  6.1460E+01  6.1530E+01  1.0000E+00  0.0000E+00  1.9900E+12  2.6533E-12  1.0000E+04
  6.1600E+01  6.1670E+01  1.0000E+00  0.0000E+00  1.9900E+12  2.6533E-12  1.0000E+04
  6.1740E+01  6.1810E+01  1.0000E+00  0.0000E+00  1.9900E+12  2.6533E-12  1.0000E+04
  6.1880E+01  6.1950E+01  1.0000E+00  0.0000E+00  1.9900E+12  2.6533E-12  1.0000E+04
  6.2020E+01  6.2090E+01  1.0000E+00  0.0000E+00  1.9900E+12  2.6533E-12  1.0000E+04
  6.2160E+01  6.2230E+01  1.0000E+00  0.0000E+00  1.9900E+12  2.6533E-12  1.0000E+04
  6.2300E+01  6.2370E+01  1.0000E+00  0.0000E+00  1.9900E+12  2.6533E-12  1.0000E+04
  6.2440E+01  6.2510E+01  1.0000E+00  0.0000E+00  1.9900E+12  2.6533E-12  1.0000E+04
  6.2580E+01  6.2650E+01  1.0000E+00  0.0000E+00  1.9900E+12  2.6533E-12  1.0000E+04
  6.2720E+01  6.2790E+01  1.0000E+00  0.0000E+00  1.9900E+12  2.6533E-12  1.0000E+04
  6.2860E+01  6.2930E+01  1.0000E+00  0.0000E+00  1.9900E+12  2.6533E-12  1.0000E+04
  6.3000E+01  6.3070E+01  1.0000E+00  0.0000E+00  1.9900E+12  2.6533E-12  1.0000E+04
  6.3140E+01  6.3210E+01  1.0000E+00  0.0000E+00  1.9900E+12  2.6533E-12  1.0000E+04
  6.3280E+01  6.3350E+01  1.0000E+00  0.0000E+00  1.9900E+12  2.6533E-12  1.0000E+04
  6.3420E+01  6.3490E+01  1.0000E+00  0.0000E+00  1.9900E+12  2.6533E-12  1.0000E+04
  6.3560E+01  6.3630E+01  1.0000E+00  0.0000E+00  1.9900E+12  2.6533E-12  1.0000E+04
  6.3700E+01  6.3770E+01  1.0000E+00  0.0000E+00  1.9900E+12  2.6533E-12  1.0000E+04
  6.3840E+01  6.3910E+01  1.0000E+00  0.0000E+00  1.9900E+12  2.6533E-12  1.0000E+04
  6.3980E+01  6.4050E+01  1.0000E+00  0.0000E+00  1.9900E+12  2.6533E-12  1.0000E+04
  6.4120E+01  6.4190E+01  1.0000E+00  0.0000E+00  1.9900E+12  2.6533E-12  1.0000E+04
  6.4260E+01  6.4330E+01  1.0000E+00  0.0000E+00  1.9900E+12  2.6533E-12  1.0000E+04
  6.4400E+01  6.4470E+01  1.0000E+00  0.0000E+00  1.9900E+12  2.6533E-12  1.0000E+04
  6.4540E+01  6.4610E+01  1.0000E+00  0.0000E+00  1.9900E+12  2.6533E-12  1.0000E+04
  6.4680E+01  6.4750E+01  1.0000E+00  0.0000E+00  1.9900E+12  2.6533E-12  1.0000E+04
  6.4820E+01  6.4890E+01  1.0000E+00  0.0000E+00  1.9900E+12  2.6533E-12  1.0000E+04
  6.4960E+01  6.5030E+01  1.0000E+00  0.0000E+00  1.9900E+12  2.6533E-12  1.0000E+04
  6.5100E+01  6.5170E+01  1.0000E+00  0.0000E+00  1.9900E+12  2.6533E-12  1.0000E+04
  6.5240E+01  6.5310E+01  1.0000E+00  0.0000E+00  1.9900E+12  2.6533E-12  1.0000E+04
  6.5380E+01  6.5450E+01  1.0000E+00  0.0000E+00  1.9900E+12  2.6533E-12  1.0000E+04
  6.5520E+01  6.5590E+01  1.0000E+00  0.0000E+00  1.9900E+12  2.6533E-12  1.0000E+04
  6.5660E+01  6.5730E+01  1.0000E+00  0.0000E+00  1.9900E+12  2.6533E-12  1.0000E+04
  6.5800E+01  6.5870E+01  1.0000E+00  0.0000E+00  1.9900E+12  2.6533E-12  1.0000E+04
  6.5940E+01  6.6010E+01  1.0000E+00  0.0000E+00  1.9900E+12  2.6533E-12  1.0000E+04
  6.6080E+01  6.6150E+01  1.0000E+00  0.0000E+00  1.9900E+12  2.6533E-12  1.0000E+04
  6.6220E+01  6.6290E+01  1.0000E+00  0.0000E+00  1.9900E+12  2.6533E-12  1.0000E+04
  6.6360E+01  6.6430E+01  1.0000E+00  0.0000E+00  1.9900E+12  2.6533E-12  1.0000E+04
  6.6500E+01  6.6570E+01  1.0000E+00  0.0000E+00  1.9900E+12  2.6533E-12  1.0000E+04
  6.6640E+01  6.6710E+01  1.0000E+00  0.0000E+00  1.9900E+12  2.6533E-12  1.0000E+04
  6.6780E+01  6.6850E+01  1.0000E+00  0.0000E+00  1.9900E+12  2.6533E-12  1.0000E+04
  6.6920E+01  6.6990E+01  1.0000E+00  0.0000E+00  1.9900E+12  2.6533E-12  1.0000E+04
  6.7060E+01  6.7130E+01  1.0000E+00  0.0000E+00  1.9900E+12  2.6533E-12  1.0000E+04
  6.7200E+01  6.7270E+01  1.0000E+00  0.0000E+00  1.9900E+12  2.6533E-12  1.0000E+04
  6.7340E+01  6.7410E+01  1.0000E+00  0.0000E+00  1.9900E+12  2.6533E-12  1.0000E+04
  6.7480E+01  6.7550E+01  1.0000E+00  0.0000E+00  1.9900E+12  2.6533E-12  1.0000E+04
  6.7620E+01  6.7690E+01  1.0000E+00  0.0000E+00  1.9900E+12  2.6533E-12  1.0000E+04
  6.7760E+01  6.7830E+01  1.0000E+00  0.0000E+00  1.9900E+12  2.6533E-12  1.0000E+04
  6.7900E+01  6.7970E+01  1.0000E+00  0.0000E+00  1.9900E+12  2.6533E-12  1.0000E+04
  6.8040E+01  6.8110E+01  1.0000E+00  0.0000E+00  1.9900E+12  2.6533E-12  1.0000E+04
  6.8180E+01  6.8250E+01  1.0000E+00  0.0000E+00  1.9900E+12  2.6533E-12  1.0000E+04
  6.8320E+01  6.8390E+01  1.0000E+00  0.0000E+00  1.9900E+12  2.6533E-12  1.0000E+04
  6.8460E+01  6.8530E+01  1.0000E+00  0.0000E+00  1.9900E+12  2.6533E-12  1.0000E+04
  6.8600E+01  6.8670E+01  1.0000E+00  0.0000E+00  1.9900E+12  2.6533E-12  1.0000E+04
  6.8740E+01  6.8810E+01  1.0000E+00  0.0000E+00  1.9900E+12  2.6533E-12  1.0000E+04
  6.8880E+01  6.8950E+01  1.0000E+00  0.0000E+00  1.9900E+12  2.6533E-12  1.0000E+04
  6.9020E+01  6.9090E+01  1.0000E+00  0.0000E+00  1.9900E+12  2.6533E-12  1.0000E+04
  6.9160E+01  6.9230E+01  1.0000E+00  0.0000E+00  1.9900E+12  2.6533E-12  1.0000E+04
  6.9300E+01  6.9370E+01  1.0000E+00  0.0000E+00  1.9900E+12  2.6533E-12  1.0000E+04
  6.9440E+01  6.9510E+01  1.0000E+00  0.0000E+00  1.9900E+12  2.6533E-12  1.0000E+04
  6.9580E+01  6.9650E+01  1.0000E+00  0.0000E+00  1.9900E+12  2.6533E-12  1.0000E+04
  6.9720E+01  6.9790E+01  1.0000E+00  0.0000E+00  1.9900E+12  2.6533E-12  1.0000E+04
  6.9860E+01  6.9930E+01  1.0000E+00  0.0000E+00  1.9900E+12  2.6533E-12  1.0000E+04
