 -1.4000E-01 -7.0000E-02  2.6533E-05  2.8106E+10  1.9886E-10  9.3386E+04
  0.0000E+00  7.0000E-02  2.6533E-05  2.8106E+10  1.9886E-10  0.0000E+00
  1.4000E-01  2.1000E-01  6.8829E-05  1.0835E+10  1.9886E-10 -9.3386E+04
  2.8000E-01  3.5000E-01  1.0678E-04  6.9842E+09  1.9887E-10  6.5929E+04
  4.2000E-01  4.9000E-01  1.4181E-04  5.2591E+09  1.9888E-10  3.4114E+05
  5.6000E-01  6.3000E-01  1.7741E-04  4.2034E+09  1.9886E-10  3.1852E+05
  7.0000E-01  7.7000E-01  2.1487E-04  3.4709E+09  1.9888E-10  4.3256E+05
  8.4000E-01  9.1000E-01  2.5472E-04  2.9277E+09  1.9887E-10  5.1179E+05
  9.8000E-01  1.0500E+00  2.9732E-04  2.5083E+09  1.9887E-10  5.9663E+05
  1.1200E+00  1.1900E+00  3.4291E-04  2.1748E+09  1.9887E-10  6.8164E+05
  1.2600E+00  1.3300E+00  3.9171E-04  1.9039E+09  1.9887E-10  7.6648E+05
  1.4000E+00  1.4700E+00  4.4393E-04  1.6799E+09  1.9887E-10  8.5144E+05
  1.5400E+00  1.6100E+00  4.9978E-04  1.4922E+09  1.9887E-10  9.3643E+05
  1.6800E+00  1.7500E+00  5.5950E-04  1.3329E+09  1.9887E-10  1.0214E+06
  1.8200E+00  1.8900E+00  6.2331E-04  1.1965E+09  1.9887E-10  1.1065E+06
  1.9600E+00  2.0300E+00  6.9147E-04  1.0785E+09  1.9887E-10  1.1915E+06
  2.1000E+00  2.1700E+00  7.6423E-04  9.7586E+08  1.9888E-10  1.2766E+06
  2.2400E+00  2.3100E+00  8.4188E-04  8.8586E+08  1.9888E-10  1.3616E+06
  2.3800E+00  2.4500E+00  9.2470E-04  8.0652E+08  1.9888E-10  1.4467E+06
  2.5200E+00  2.5900E+00  1.0130E-03  7.3621E+08  1.9888E-10  1.5318E+06
  2.6600E+00  2.7300E+00  1.1071E-03  6.7362E+08  1.9888E-10  1.6168E+06
  2.8000E+00  2.8700E+00  1.2074E-03  6.1768E+08  1.9888E-10  1.7019E+06
  2.9400E+00  3.0100E+00  1.3142E-03  5.6748E+08  1.9888E-10  1.7870E+06
  3.0800E+00  3.1500E+00  1.4279E-03  5.2229E+08  1.9888E-10  1.8721E+06
  3.2200E+00  3.2900E+00  1.5490E-03  4.8148E+08  1.9888E-10  1.9572E+06
  3.3600E+00  3.4300E+00  1.6778E-03  4.4453E+08  1.9888E-10  2.0423E+06
  3.5000E+00  3.5700E+00  1.8148E-03  4.1098E+08  1.9889E-10  2.1273E+06
  3.6400E+00  3.7100E+00  1.9604E-03  3.8044E+08  1.9889E-10  2.2124E+06
  3.7800E+00  3.8500E+00  2.1153E-03  3.5260E+08  1.9889E-10  2.2975E+06
  3.9200E+00  3.9900E+00  2.2798E-03  3.2715E+08  1.9889E-10  2.3826E+06
  4.0600E+00  4.1300E+00  2.4546E-03  3.0386E+08  1.9889E-10  2.4677E+06
  4.2000E+00  4.2700E+00  2.6403E-03  2.8250E+08  1.9890E-10  2.5528E+06
  4.3400E+00  4.4100E+00  2.8374E-03  2.6288E+08  1.9890E-10  2.6380E+06
  4.4800E+00  4.5500E+00  3.0466E-03  2.4483E+08  1.9890E-10  2.7231E+06
  4.6200E+00  4.6900E+00  3.2685E-03  2.2821E+08  1.9891E-10  2.8082E+06
  4.7600E+00  4.8300E+00  3.5039E-03  2.1288E+08  1.9891E-10  2.8933E+06
  4.9000E+00  4.9700E+00  3.7536E-03  1.9873E+08  1.9892E-10  2.9785E+06
  5.0400E+00  5.1100E+00  4.0182E-03  1.8565E+08  1.9892E-10  3.0636E+06
  5.1800E+00  5.2500E+00  4.2986E-03  1.7354E+08  1.9893E-10  3.1487E+06
  5.3200E+00  5.3900E+00  4.5956E-03  1.6233E+08  1.9893E-10  3.2339E+06
  5.4600E+00  5.5300E+00  4.9101E-03  1.5194E+08  1.9894E-10  3.3190E+06
  5.6000E+00  5.6700E+00  5.2430E-03  1.4230E+08  1.9895E-10  3.4042E+06
  5.7400E+00  5.8100E+00  5.5953E-03  1.3334E+08  1.9896E-10  3.4894E+06
  5.8800E+00  5.9500E+00  5.9680E-03  1.2502E+08  1.9897E-10  3.5746E+06
  6.0200E+00  6.0900E+00  6.3621E-03  1.1728E+08  1.9898E-10  3.6598E+06
  6.1600E+00  6.2300E+00  6.7787E-03  1.1008E+08  1.9899E-10  3.7450E+06
  6.3000E+00  6.3700E+00  7.2190E-03  1.0337E+08  1.9900E-10  3.8302E+06
  6.4400E+00  6.5100E+00  7.6841E-03  9.7123E+07  1.9901E-10  3.9155E+06
  6.5800E+00  6.6500E+00  8.1753E-03  9.1294E+07  1.9903E-10  4.0007E+06
  6.7200E+00  6.7900E+00  8.6939E-03  8.5855E+07  1.9904E-10  4.0860E+06
  6.8600E+00  6.9300E+00  9.2411E-03  8.0777E+07  1.9906E-10  4.1713E+06
  7.0000E+00  7.0700E+00  9.8185E-03  7.6034E+07  1.9908E-10  4.2566E+06
  7.1400E+00  7.2100E+00  1.0427E-02  7.1601E+07  1.9910E-10  4.3419E+06
  7.2800E+00  7.3500E+00  1.1069E-02  6.7456E+07  1.9912E-10  4.4273E+06
  7.4200E+00  7.4900E+00  1.1746E-02  6.3577E+07  1.9914E-10  4.5127E+06
  7.5600E+00  7.6300E+00  1.2459E-02  5.9947E+07  1.9917E-10  4.5981E+06
  7.7000E+00  7.7700E+00  1.3210E-02  5.6547E+07  1.9919E-10  4.6835E+06
  7.8400E+00  7.9100E+00  1.4000E-02  5.3361E+07  1.9922E-10  4.7690E+06
  7.9800E+00  8.0500E+00  1.4833E-02  5.0375E+07  1.9925E-10  4.8545E+06
  8.1200E+00  8.1900E+00  1.5708E-02  4.7575E+07  1.9929E-10  4.9401E+06
  8.2600E+00  8.3300E+00  1.6630E-02  4.4948E+07  1.9932E-10  5.0257E+06
  8.4000E+00  8.4700E+00  1.7598E-02  4.2482E+07  1.9936E-10  5.1113E+06
  8.5400E+00  8.6100E+00  1.8617E-02  4.0166E+07  1.9940E-10  5.1970E+06
  8.6800E+00  8.7500E+00  1.9687E-02  3.7991E+07  1.9945E-10  5.2828E+06
  8.8200E+00  8.8900E+00  2.0812E-02  3.5947E+07  1.9950E-10  5.3686E+06
  8.9600E+00  9.0300E+00  2.1993E-02  3.4025E+07  1.9955E-10  5.4544E+06
  9.1000E+00  9.1700E+00  2.3233E-02  3.2217E+07  1.9960E-10  5.5403E+06
  9.2400E+00  9.3100E+00  2.4535E-02  3.0517E+07  1.9966E-10  5.6263E+06
  9.3800E+00  9.4500E+00  2.5901E-02  2.8916E+07  1.9973E-10  5.7124E+06
  9.5200E+00  9.5900E+00  2.7335E-02  2.7409E+07  1.9979E-10  5.7986E+06
  9.6600E+00  9.7300E+00  2.8838E-02  2.5990E+07  1.9987E-10  5.8848E+06
  9.8000E+00  9.8700E+00  3.0415E-02  2.4652E+07  1.9995E-10  5.9711E+06
  9.9400E+00  1.0010E+01  3.2068E-02  2.3392E+07  2.0003E-10  6.0576E+06
  1.0080E+01  1.0150E+01  3.3800E-02  2.2203E+07  2.0012E-10  6.1441E+06
  1.0220E+01  1.0290E+01  3.5615E-02  2.1081E+07  2.0022E-10  6.2308E+06
  1.0360E+01  1.0430E+01  3.7516E-02  2.0023E+07  2.0032E-10  6.3175E+06
  1.0500E+01  1.0570E+01  3.9506E-02  1.9025E+07  2.0043E-10  6.4044E+06
  1.0640E+01  1.0710E+01  4.1591E-02  1.8082E+07  2.0054E-10  6.4915E+06
  1.0780E+01  1.0850E+01  4.3772E-02  1.7191E+07  2.0067E-10  6.5787E+06
  1.0920E+01  1.0990E+01  4.6055E-02  1.6350E+07  2.0080E-10  6.6660E+06
  1.1060E+01  1.1130E+01  4.8444E-02  1.5555E+07  2.0094E-10  6.7535E+06
  1.1200E+01  1.1270E+01  5.0943E-02  1.4803E+07  2.0109E-10  6.8412E+06
  1.1340E+01  1.1410E+01  5.3556E-02  1.4092E+07  2.0125E-10  6.9291E+06
  1.1480E+01  1.1550E+01  5.6289E-02  1.3419E+07  2.0142E-10  7.0172E+06
  1.1620E+01  1.1690E+01  5.9146E-02  1.2782E+07  2.0160E-10  7.1055E+06
  1.1760E+01  1.1830E+01  6.2131E-02  1.2179E+07  2.0179E-10  7.1941E+06
  1.1900E+01  1.1970E+01  6.5252E-02  1.1609E+07  2.0200E-10  7.2829E+06
  1.2040E+01  1.2110E+01  6.8512E-02  1.1068E+07  2.0222E-10  7.3719E+06
  1.2180E+01  1.2250E+01  7.1919E-02  1.0556E+07  2.0245E-10  7.4612E+06
  1.2320E+01  1.2390E+01  7.5477E-02  1.0071E+07  2.0269E-10  7.5509E+06
  1.2460E+01  1.2530E+01  7.9193E-02  9.6103E+06  2.0295E-10  7.6408E+06
  1.2600E+01  1.2670E+01  8.3074E-02  9.1738E+06  2.0323E-10  7.7311E+06
  1.2740E+01  1.2810E+01  8.7127E-02  8.7598E+06  2.0352E-10  7.8217E+06
  1.2880E+01  1.2950E+01  9.1357E-02  8.3669E+06  2.0383E-10  7.9127E+06
  1.3020E+01  1.3090E+01  9.5774E-02  7.9939E+06  2.0416E-10  8.0041E+06
  1.3160E+01  1.3230E+01  1.0039E-01  7.6398E+06  2.0451E-10  8.0959E+06
  1.3300E+01  1.3370E+01  1.0520E-01  7.3035E+06  2.0488E-10  8.1882E+06
  1.3440E+01  1.3510E+01  1.1022E-01  6.9839E+06  2.0527E-10  8.2810E+06
  1.3580E+01  1.3650E+01  1.1546E-01  6.6803E+06  2.0569E-10  8.3742E+06
  1.3720E+01  1.3790E+01  1.2094E-01  6.3917E+06  2.0613E-10  8.4680E+06
  1.3860E+01  1.3930E+01  1.2665E-01  6.1172E+06  2.0660E-10  8.5623E+06
  1.4000E+01  1.4070E+01  1.3261E-01  5.8562E+06  2.0709E-10  8.6573E+06
  1.4140E+01  1.4210E+01  1.3883E-01  5.6079E+06  2.0761E-10  8.7528E+06
  1.4280E+01  1.4350E+01  1.4532E-01  5.3715E+06  2.0816E-10  8.8491E+06
  1.4420E+01  1.4490E+01  1.5210E-01  5.1466E+06  2.0874E-10  8.9460E+06
  1.4560E+01  1.4630E+01  1.5917E-01  4.9324E+06  2.0936E-10  9.0437E+06
  1.4700E+01  1.4770E+01  1.6656E-01  4.7284E+06  2.1001E-10  9.1421E+06
  1.4840E+01  1.4910E+01  1.7427E-01  4.5340E+06  2.1070E-10  9.2414E+06
  1.4980E+01  1.5050E+01  1.8232E-01  4.3488E+06  2.1143E-10  9.3416E+06
  1.5120E+01  1.5190E+01  1.9073E-01  4.1722E+06  2.1220E-10  9.4427E+06
  1.5260E+01  1.5330E+01  1.9951E-01  4.0039E+06  2.1301E-10  9.5447E+06
  1.5400E+01  1.5470E+01  2.0868E-01  3.8433E+06  2.1387E-10  9.6478E+06
  1.5540E+01  1.5610E+01  2.1827E-01  3.6901E+06  2.1478E-10  9.7520E+06
  1.5680E+01  1.5750E+01  2.2829E-01  3.5439E+06  2.1574E-10  9.8572E+06
  1.5820E+01  1.5890E+01  2.3876E-01  3.4043E+06  2.1675E-10  9.9637E+06
  1.5960E+01  1.6030E+01  2.4972E-01  3.2711E+06  2.1782E-10  1.0072E+07
  1.6100E+01  1.6170E+01  2.6117E-01  3.1438E+06  2.1895E-10  1.0181E+07
  1.6240E+01  1.6310E+01  2.7317E-01  3.0221E+06  2.2014E-10  1.0291E+07
  1.6380E+01  1.6450E+01  2.8572E-01  2.9059E+06  2.2140E-10  1.0403E+07
  1.6520E+01  1.6590E+01  2.9886E-01  2.7948E+06  2.2273E-10  1.0517E+07
  1.6660E+01  1.6730E+01  3.1263E-01  2.6885E+06  2.2414E-10  1.0632E+07
  1.6800E+01  1.6870E+01  3.2707E-01  2.5868E+06  2.2562E-10  1.0749E+07
  1.6940E+01  1.7010E+01  3.4221E-01  2.4895E+06  2.2718E-10  1.0867E+07
  1.7080E+01  1.7150E+01  3.5810E-01  2.3963E+06  2.2883E-10  1.0988E+07
  1.7220E+01  1.7290E+01  3.7478E-01  2.3071E+06  2.3057E-10  1.1110E+07
  1.7360E+01  1.7430E+01  3.9231E-01  2.2216E+06  2.3241E-10  1.1235E+07
  1.7500E+01  1.7570E+01  4.1075E-01  2.1396E+06  2.3436E-10  1.1362E+07
  1.7640E+01  1.7710E+01  4.3014E-01  2.0610E+06  2.3641E-10  1.1491E+07
  1.7780E+01  1.7850E+01  4.5057E-01  1.9856E+06  2.3857E-10  1.1622E+07
  1.7920E+01  1.7990E+01  4.7210E-01  1.9132E+06  2.4085E-10  1.1756E+07
  1.8060E+01  1.8130E+01  4.9481E-01  1.8436E+06  2.4326E-10  1.1893E+07
  1.8200E+01  1.8270E+01  5.1880E-01  1.7767E+06  2.4581E-10  1.2032E+07
  1.8340E+01  1.8410E+01  5.4416E-01  1.7124E+06  2.4849E-10  1.2175E+07
  1.8480E+01  1.8550E+01  5.7101E-01  1.6505E+06  2.5132E-10  1.2320E+07
  1.8620E+01  1.8690E+01  5.9946E-01  1.5909E+06  2.5431E-10  1.2469E+07
  1.8760E+01  1.8830E+01  6.2966E-01  1.5334E+06  2.5747E-10  1.2621E+07
  1.8900E+01  1.8970E+01  6.6175E-01  1.4779E+06  2.6079E-10  1.2776E+07
  1.9040E+01  1.9110E+01  6.9592E-01  1.4242E+06  2.6430E-10  1.2935E+07
  1.9180E+01  1.9250E+01  7.3235E-01  1.3723E+06  2.6800E-10  1.3098E+07
  1.9320E+01  1.9390E+01  7.7127E-01  1.3220E+06  2.7189E-10  1.3265E+07
  1.9460E+01  1.9530E+01  8.1293E-01  1.2731E+06  2.7599E-10  1.3436E+07
  1.9600E+01  1.9670E+01  8.5763E-01  1.2256E+06  2.8029E-10  1.3612E+07
  1.9740E+01  1.9810E+01  9.0570E-01  1.1793E+06  2.8482E-10  1.3792E+07
  1.9880E+01  1.9950E+01  9.5754E-01  1.1340E+06  2.8957E-10  1.3977E+07
  2.0020E+01  2.0090E+01  1.0136E+00  1.0897E+06  2.9453E-10  1.4167E+07
  2.0160E+01  2.0230E+01  1.0744E+00  1.0461E+06  2.9971E-10  1.4363E+07
  2.0300E+01  2.0370E+01  1.1406E+00  1.0031E+06  3.0509E-10  1.4564E+07
  2.0440E+01  2.0510E+01  1.2130E+00  9.6043E+05  3.1066E-10  1.4772E+07
  2.0580E+01  2.0650E+01  1.2924E+00  9.1793E+05  3.1636E-10  1.4986E+07
  2.0720E+01  2.0790E+01  1.3801E+00  8.7532E+05  3.2214E-10  1.5208E+07
  2.0860E+01  2.0930E+01  1.4774E+00  8.3226E+05  3.2790E-10  1.5438E+07
  2.1000E+01  2.1070E+01  1.5862E+00  7.8835E+05  3.3347E-10  1.5677E+07
  2.1140E+01  2.1210E+01  1.7087E+00  7.4305E+05  3.3857E-10  1.5927E+07
  2.1280E+01  2.1350E+01  1.8478E+00  6.9558E+05  3.4274E-10  1.6190E+07
  2.1420E+01  2.1490E+01  2.0074E+00  6.4478E+05  3.4515E-10  1.6472E+07
  2.1560E+01  2.1630E+01  2.1924E+00  5.8872E+05  3.4419E-10  1.6781E+07
  2.1700E+01  2.1770E+01  2.4096E+00  5.2365E+05  3.3647E-10  1.7138E+07
  2.1840E+01  2.1910E+01  2.6694E+00  4.3992E+05  3.1315E-10  1.7589E+07
  2.1980E+01  2.2050E+01  3.1696E+00  2.8958E+05  2.4476E-10  1.8291E+07
  2.2120E+01  2.2190E+01  3.8425E+00  1.4605E+05  1.4966E-10  1.8117E+07
  2.2260E+01  2.2330E+01  4.3931E+00  6.9286E+04  8.1168E-11  1.6967E+07
  2.2400E+01  2.2470E+01  4.4460E+00  4.1496E+04  4.9198E-11  1.5237E+07
  2.2540E+01  2.2610E+01  3.8349E+00  4.3385E+04  4.4366E-11  1.3132E+07
  2.2680E+01  2.2750E+01  2.8162E+00  5.8360E+04  4.3827E-11  1.0697E+07
  2.2820E+01  2.2890E+01  1.8712E+00  5.7137E+04  2.8511E-11  7.8731E+06
  2.2960E+01  2.3030E+01  1.2916E+00  2.8222E+04  9.7200E-12  4.6632E+06
  2.3100E+01  2.3170E+01  1.0514E+00  1.1316E+04  3.1728E-12  1.6518E+06
  2.3240E+01  2.3310E+01  1.0021E+00  1.0000E+04  2.6723E-12  1.4702E+05
  2.3380E+01  2.3450E+01  1.0000E+00  1.0000E+04  2.6667E-12  5.9709E+02
  2.3520E+01  2.3590E+01  1.0000E+00  1.0000E+04  2.6667E-12  4.1612E-02
  2.3660E+01  2.3730E+01  1.0000E+00  1.0000E+04  2.6667E-12  1.9576E-06
  2.3800E+01  2.3870E+01  1.0000E+00  1.0000E+04  2.6667E-12  4.6819E-11
  2.3940E+01  2.4010E+01  1.0000E+00  1.0000E+04  2.6667E-12  1.2892E-29
  2.4080E+01  2.4150E+01  1.0000E+00  1.0000E+04  2.6667E-12  3.9216E-67
  2.4220E+01  2.4290E+01  1.0000E+00  1.0000E+04  2.6667E-12  1.5649-142
  2.4360E+01  2.4430E+01  1.0000E+00  1.0000E+04  2.6667E-12  9.8473-294
  2.4500E+01  2.4570E+01  1.0000E+00  1.0000E+04  2.6667E-12  0.0000E+00
  2.4640E+01  2.4710E+01  1.0000E+00  1.0000E+04  2.6667E-12  0.0000E+00
  2.4780E+01  2.4850E+01  1.0000E+00  1.0000E+04  2.6667E-12  0.0000E+00
  2.4920E+01  2.4990E+01  1.0000E+00  1.0000E+04  2.6667E-12  0.0000E+00
  2.5060E+01  2.5130E+01  1.0000E+00  1.0000E+04  2.6667E-12  0.0000E+00
  2.5200E+01  2.5270E+01  1.0000E+00  1.0000E+04  2.6667E-12  0.0000E+00
  2.5340E+01  2.5410E+01  1.0000E+00  1.0000E+04  2.6667E-12  0.0000E+00
  2.5480E+01  2.5550E+01  1.0000E+00  1.0000E+04  2.6667E-12  0.0000E+00
  2.5620E+01  2.5690E+01  1.0000E+00  1.0000E+04  2.6667E-12  0.0000E+00
  2.5760E+01  2.5830E+01  1.0000E+00  1.0000E+04  2.6667E-12  0.0000E+00
  2.5900E+01  2.5970E+01  1.0000E+00  1.0000E+04  2.6667E-12  0.0000E+00
  2.6040E+01  2.6110E+01  1.0000E+00  1.0000E+04  2.6667E-12  0.0000E+00
  2.6180E+01  2.6250E+01  1.0000E+00  1.0000E+04  2.6667E-12  0.0000E+00
  2.6320E+01  2.6390E+01  1.0000E+00  1.0000E+04  2.6667E-12  0.0000E+00
  2.6460E+01  2.6530E+01  1.0000E+00  1.0000E+04  2.6667E-12  0.0000E+00
  2.6600E+01  2.6670E+01  1.0000E+00  1.0000E+04  2.6667E-12  0.0000E+00
  2.6740E+01  2.6810E+01  1.0000E+00  1.0000E+04  2.6667E-12  0.0000E+00
  2.6880E+01  2.6950E+01  1.0000E+00  1.0000E+04  2.6667E-12  0.0000E+00
  2.7020E+01  2.7090E+01  1.0000E+00  1.0000E+04  2.6667E-12  0.0000E+00
  2.7160E+01  2.7230E+01  1.0000E+00  1.0000E+04  2.6667E-12  0.0000E+00
  2.7300E+01  2.7370E+01  1.0000E+00  1.0000E+04  2.6667E-12  0.0000E+00
  2.7440E+01  2.7510E+01  1.0000E+00  1.0000E+04  2.6667E-12  0.0000E+00
  2.7580E+01  2.7650E+01  1.0000E+00  1.0000E+04  2.6667E-12  0.0000E+00
  2.7720E+01  2.7790E+01  1.0000E+00  1.0000E+04  2.6667E-12  0.0000E+00
  2.7860E+01  2.7930E+01  1.0000E+00  1.0000E+04  2.6667E-12  0.0000E+00
  2.8000E+01  2.8070E+01  1.0000E+00  1.0000E+04  2.6667E-12  0.0000E+00
  2.8140E+01  2.8210E+01  1.0000E+00  1.0000E+04  2.6667E-12  0.0000E+00
  2.8280E+01  2.8350E+01  1.0000E+00  1.0000E+04  2.6667E-12  0.0000E+00
  2.8420E+01  2.8490E+01  1.0000E+00  1.0000E+04  2.6667E-12  0.0000E+00
  2.8560E+01  2.8630E+01  1.0000E+00  1.0000E+04  2.6667E-12  0.0000E+00
  2.8700E+01  2.8770E+01  1.0000E+00  1.0000E+04  2.6667E-12  0.0000E+00
  2.8840E+01  2.8910E+01  1.0000E+00  1.0000E+04  2.6667E-12  0.0000E+00
  2.8980E+01  2.9050E+01  1.0000E+00  1.0000E+04  2.6667E-12  0.0000E+00
  2.9120E+01  2.9190E+01  1.0000E+00  1.0000E+04  2.6667E-12  0.0000E+00
  2.9260E+01  2.9330E+01  1.0000E+00  1.0000E+04  2.6667E-12  0.0000E+00
  2.9400E+01  2.9470E+01  1.0000E+00  1.0000E+04  2.6667E-12  0.0000E+00
  2.9540E+01  2.9610E+01  1.0000E+00  1.0000E+04  2.6667E-12  0.0000E+00
  2.9680E+01  2.9750E+01  1.0000E+00  1.0000E+04  2.6667E-12  0.0000E+00
  2.9820E+01  2.9890E+01  1.0000E+00  1.0000E+04  2.6667E-12  0.0000E+00
  2.9960E+01  3.0030E+01  1.0000E+00  1.0000E+04  2.6667E-12  0.0000E+00
  3.0100E+01  3.0170E+01  1.0000E+00  1.0000E+04  2.6667E-12  0.0000E+00
  3.0240E+01  3.0310E+01  1.0000E+00  1.0000E+04  2.6667E-12  0.0000E+00
  3.0380E+01  3.0450E+01  1.0000E+00  1.0000E+04  2.6667E-12  0.0000E+00
  3.0520E+01  3.0590E+01  1.0000E+00  1.0000E+04  2.6667E-12  0.0000E+00
  3.0660E+01  3.0730E+01  1.0000E+00  1.0000E+04  2.6667E-12  0.0000E+00
  3.0800E+01  3.0870E+01  1.0000E+00  1.0000E+04  2.6667E-12  0.0000E+00
  3.0940E+01  3.1010E+01  1.0000E+00  1.0000E+04  2.6667E-12  0.0000E+00
  3.1080E+01  3.1150E+01  1.0000E+00  1.0000E+04  2.6667E-12  0.0000E+00
  3.1220E+01  3.1290E+01  1.0000E+00  1.0000E+04  2.6667E-12  0.0000E+00
  3.1360E+01  3.1430E+01  1.0000E+00  1.0000E+04  2.6667E-12  0.0000E+00
  3.1500E+01  3.1570E+01  1.0000E+00  1.0000E+04  2.6667E-12  0.0000E+00
  3.1640E+01  3.1710E+01  1.0000E+00  1.0000E+04  2.6667E-12  0.0000E+00
  3.1780E+01  3.1850E+01  1.0000E+00  1.0000E+04  2.6667E-12  0.0000E+00
  3.1920E+01  3.1990E+01  1.0000E+00  1.0000E+04  2.6667E-12  0.0000E+00
  3.2060E+01  3.2130E+01  1.0000E+00  1.0000E+04  2.6667E-12  0.0000E+00
  3.2200E+01  3.2270E+01  1.0000E+00  1.0000E+04  2.6667E-12  0.0000E+00
  3.2340E+01  3.2410E+01  1.0000E+00  1.0000E+04  2.6667E-12  0.0000E+00
  3.2480E+01  3.2550E+01  1.0000E+00  1.0000E+04  2.6667E-12  0.0000E+00
  3.2620E+01  3.2690E+01  1.0000E+00  1.0000E+04  2.6667E-12  0.0000E+00
  3.2760E+01  3.2830E+01  1.0000E+00  1.0000E+04  2.6667E-12  0.0000E+00
  3.2900E+01  3.2970E+01  1.0000E+00  1.0000E+04  2.6667E-12  0.0000E+00
  3.3040E+01  3.3110E+01  1.0000E+00  1.0000E+04  2.6667E-12  0.0000E+00
  3.3180E+01  3.3250E+01  1.0000E+00  1.0000E+04  2.6667E-12  0.0000E+00
  3.3320E+01  3.3390E+01  1.0000E+00  1.0000E+04  2.6667E-12  0.0000E+00
  3.3460E+01  3.3530E+01  1.0000E+00  1.0000E+04  2.6667E-12  0.0000E+00
  3.3600E+01  3.3670E+01  1.0000E+00  1.0000E+04  2.6667E-12  0.0000E+00
  3.3740E+01  3.3810E+01  1.0000E+00  1.0000E+04  2.6667E-12  0.0000E+00
  3.3880E+01  3.3950E+01  1.0000E+00  1.0000E+04  2.6667E-12  0.0000E+00
  3.4020E+01  3.4090E+01  1.0000E+00  1.0000E+04  2.6667E-12  0.0000E+00
  3.4160E+01  3.4230E+01  1.0000E+00  1.0000E+04  2.6667E-12  0.0000E+00
  3.4300E+01  3.4370E+01  1.0000E+00  1.0000E+04  2.6667E-12  0.0000E+00
  3.4440E+01  3.4510E+01  1.0000E+00  1.0000E+04  2.6667E-12  0.0000E+00
  3.4580E+01  3.4650E+01  1.0000E+00  1.0000E+04  2.6667E-12  0.0000E+00
  3.4720E+01  3.4790E+01  1.0000E+00  1.0000E+04  2.6667E-12  0.0000E+00
  3.4860E+01  3.4930E+01  1.0000E+00  1.0000E+04  2.6667E-12  0.0000E+00
  3.5000E+01  3.5070E+01  1.0000E+00  1.0000E+04  2.6667E-12  0.0000E+00
  3.5140E+01  3.5210E+01  1.0000E+00  1.0000E+04  2.6667E-12  0.0000E+00
  3.5280E+01  3.5350E+01  1.0000E+00  1.0000E+04  2.6667E-12  0.0000E+00
  3.5420E+01  3.5490E+01  1.0000E+00  1.0000E+04  2.6667E-12  0.0000E+00
  3.5560E+01  3.5630E+01  1.0000E+00  1.0000E+04  2.6667E-12  0.0000E+00
  3.5700E+01  3.5770E+01  1.0000E+00  1.0000E+04  2.6667E-12  0.0000E+00
  3.5840E+01  3.5910E+01  1.0000E+00  1.0000E+04  2.6667E-12  0.0000E+00
  3.5980E+01  3.6050E+01  1.0000E+00  1.0000E+04  2.6667E-12  0.0000E+00
  3.6120E+01  3.6190E+01  1.0000E+00  1.0000E+04  2.6667E-12  0.0000E+00
  3.6260E+01  3.6330E+01  1.0000E+00  1.0000E+04  2.6667E-12  0.0000E+00
  3.6400E+01  3.6470E+01  1.0000E+00  1.0000E+04  2.6667E-12  0.0000E+00
  3.6540E+01  3.6610E+01  1.0000E+00  1.0000E+04  2.6667E-12  0.0000E+00
  3.6680E+01  3.6750E+01  1.0000E+00  1.0000E+04  2.6667E-12  0.0000E+00
  3.6820E+01  3.6890E+01  1.0000E+00  1.0000E+04  2.6667E-12  0.0000E+00
  3.6960E+01  3.7030E+01  1.0000E+00  1.0000E+04  2.6667E-12  0.0000E+00
  3.7100E+01  3.7170E+01  1.0000E+00  1.0000E+04  2.6667E-12  0.0000E+00
  3.7240E+01  3.7310E+01  1.0000E+00  1.0000E+04  2.6667E-12  0.0000E+00
  3.7380E+01  3.7450E+01  1.0000E+00  1.0000E+04  2.6667E-12  0.0000E+00
  3.7520E+01  3.7590E+01  1.0000E+00  1.0000E+04  2.6667E-12  0.0000E+00
  3.7660E+01  3.7730E+01  1.0000E+00  1.0000E+04  2.6667E-12  0.0000E+00
  3.7800E+01  3.7870E+01  1.0000E+00  1.0000E+04  2.6667E-12  0.0000E+00
  3.7940E+01  3.8010E+01  1.0000E+00  1.0000E+04  2.6667E-12  0.0000E+00
  3.8080E+01  3.8150E+01  1.0000E+00  1.0000E+04  2.6667E-12  0.0000E+00
  3.8220E+01  3.8290E+01  1.0000E+00  1.0000E+04  2.6667E-12  0.0000E+00
  3.8360E+01  3.8430E+01  1.0000E+00  1.0000E+04  2.6667E-12  0.0000E+00
  3.8500E+01  3.8570E+01  1.0000E+00  1.0000E+04  2.6667E-12  0.0000E+00
  3.8640E+01  3.8710E+01  1.0000E+00  1.0000E+04  2.6667E-12  0.0000E+00
  3.8780E+01  3.8850E+01  1.0000E+00  1.0000E+04  2.6667E-12  0.0000E+00
  3.8920E+01  3.8990E+01  1.0000E+00  1.0000E+04  2.6667E-12  0.0000E+00
  3.9060E+01  3.9130E+01  1.0000E+00  1.0000E+04  2.6667E-12  0.0000E+00
  3.9200E+01  3.9270E+01  1.0000E+00  1.0000E+04  2.6667E-12  0.0000E+00
  3.9340E+01  3.9410E+01  1.0000E+00  1.0000E+04  2.6667E-12  0.0000E+00
  3.9480E+01  3.9550E+01  1.0000E+00  1.0000E+04  2.6667E-12  0.0000E+00
  3.9620E+01  3.9690E+01  1.0000E+00  1.0000E+04  2.6667E-12  0.0000E+00
  3.9760E+01  3.9830E+01  1.0000E+00  1.0000E+04  2.6667E-12  0.0000E+00
  3.9900E+01  3.9970E+01  1.0000E+00  1.0000E+04  2.6667E-12  0.0000E+00
  4.0040E+01  4.0110E+01  1.0000E+00  1.0000E+04  2.6667E-12  0.0000E+00
  4.0180E+01  4.0250E+01  1.0000E+00  1.0000E+04  2.6667E-12  0.0000E+00
  4.0320E+01  4.0390E+01  1.0000E+00  1.0000E+04  2.6667E-12  0.0000E+00
  4.0460E+01  4.0530E+01  1.0000E+00  1.0000E+04  2.6667E-12  0.0000E+00
  4.0600E+01  4.0670E+01  1.0000E+00  1.0000E+04  2.6667E-12  0.0000E+00
  4.0740E+01  4.0810E+01  1.0000E+00  1.0000E+04  2.6667E-12  0.0000E+00
  4.0880E+01  4.0950E+01  1.0000E+00  1.0000E+04  2.6667E-12  0.0000E+00
  4.1020E+01  4.1090E+01  1.0000E+00  1.0000E+04  2.6667E-12  0.0000E+00
  4.1160E+01  4.1230E+01  1.0000E+00  1.0000E+04  2.6667E-12  0.0000E+00
  4.1300E+01  4.1370E+01  1.0000E+00  1.0000E+04  2.6667E-12  0.0000E+00
  4.1440E+01  4.1510E+01  1.0000E+00  1.0000E+04  2.6667E-12  0.0000E+00
  4.1580E+01  4.1650E+01  1.0000E+00  1.0000E+04  2.6667E-12  0.0000E+00
  4.1720E+01  4.1790E+01  1.0000E+00  1.0000E+04  2.6667E-12  0.0000E+00
  4.1860E+01  4.1930E+01  1.0000E+00  1.0000E+04  2.6667E-12  0.0000E+00
  4.2000E+01  4.2070E+01  1.0000E+00  1.0000E+04  2.6667E-12  0.0000E+00
  4.2140E+01  4.2210E+01  1.0000E+00  1.0000E+04  2.6667E-12  0.0000E+00
  4.2280E+01  4.2350E+01  1.0000E+00  1.0000E+04  2.6667E-12  0.0000E+00
  4.2420E+01  4.2490E+01  1.0000E+00  1.0000E+04  2.6667E-12  0.0000E+00
  4.2560E+01  4.2630E+01  1.0000E+00  1.0000E+04  2.6667E-12  0.0000E+00
  4.2700E+01  4.2770E+01  1.0000E+00  1.0000E+04  2.6667E-12  0.0000E+00
  4.2840E+01  4.2910E+01  1.0000E+00  1.0000E+04  2.6667E-12  0.0000E+00
  4.2980E+01  4.3050E+01  1.0000E+00  1.0000E+04  2.6667E-12  0.0000E+00
  4.3120E+01  4.3190E+01  1.0000E+00  1.0000E+04  2.6667E-12  0.0000E+00
  4.3260E+01  4.3330E+01  1.0000E+00  1.0000E+04  2.6667E-12  0.0000E+00
  4.3400E+01  4.3470E+01  1.0000E+00  1.0000E+04  2.6667E-12  0.0000E+00
  4.3540E+01  4.3610E+01  1.0000E+00  1.0000E+04  2.6667E-12  0.0000E+00
  4.3680E+01  4.3750E+01  1.0000E+00  1.0000E+04  2.6667E-12  0.0000E+00
  4.3820E+01  4.3890E+01  1.0000E+00  1.0000E+04  2.6667E-12  0.0000E+00
  4.3960E+01  4.4030E+01  1.0000E+00  1.0000E+04  2.6667E-12  0.0000E+00
  4.4100E+01  4.4170E+01  1.0000E+00  1.0000E+04  2.6667E-12  0.0000E+00
  4.4240E+01  4.4310E+01  1.0000E+00  1.0000E+04  2.6667E-12  0.0000E+00
  4.4380E+01  4.4450E+01  1.0000E+00  1.0000E+04  2.6667E-12  0.0000E+00
  4.4520E+01  4.4590E+01  1.0000E+00  1.0000E+04  2.6667E-12  0.0000E+00
  4.4660E+01  4.4730E+01  1.0000E+00  1.0000E+04  2.6667E-12  0.0000E+00
  4.4800E+01  4.4870E+01  1.0000E+00  1.0000E+04  2.6667E-12  0.0000E+00
  4.4940E+01  4.5010E+01  1.0000E+00  1.0000E+04  2.6667E-12  0.0000E+00
  4.5080E+01  4.5150E+01  1.0000E+00  1.0000E+04  2.6667E-12  0.0000E+00
  4.5220E+01  4.5290E+01  1.0000E+00  1.0000E+04  2.6667E-12  0.0000E+00
  4.5360E+01  4.5430E+01  1.0000E+00  1.0000E+04  2.6667E-12  0.0000E+00
  4.5500E+01  4.5570E+01  1.0000E+00  1.0000E+04  2.6667E-12  0.0000E+00
  4.5640E+01  4.5710E+01  1.0000E+00  1.0000E+04  2.6667E-12  0.0000E+00
  4.5780E+01  4.5850E+01  1.0000E+00  1.0000E+04  2.6667E-12  0.0000E+00
  4.5920E+01  4.5990E+01  1.0000E+00  1.0000E+04  2.6667E-12  0.0000E+00
  4.6060E+01  4.6130E+01  1.0000E+00  1.0000E+04  2.6667E-12  0.0000E+00
  4.6200E+01  4.6270E+01  1.0000E+00  1.0000E+04  2.6667E-12  0.0000E+00
  4.6340E+01  4.6410E+01  1.0000E+00  1.0000E+04  2.6667E-12  0.0000E+00
  4.6480E+01  4.6550E+01  1.0000E+00  1.0000E+04  2.6667E-12  0.0000E+00
  4.6620E+01  4.6690E+01  1.0000E+00  1.0000E+04  2.6667E-12  0.0000E+00
  4.6760E+01  4.6830E+01  1.0000E+00  1.0000E+04  2.6667E-12  0.0000E+00
  4.6900E+01  4.6970E+01  1.0000E+00  1.0000E+04  2.6667E-12  0.0000E+00
  4.7040E+01  4.7110E+01  1.0000E+00  1.0000E+04  2.6667E-12  0.0000E+00
  4.7180E+01  4.7250E+01  1.0000E+00  1.0000E+04  2.6667E-12  0.0000E+00
  4.7320E+01  4.7390E+01  1.0000E+00  1.0000E+04  2.6667E-12  0.0000E+00
  4.7460E+01  4.7530E+01  1.0000E+00  1.0000E+04  2.6667E-12  0.0000E+00
  4.7600E+01  4.7670E+01  1.0000E+00  1.0000E+04  2.6667E-12  0.0000E+00
  4.7740E+01  4.7810E+01  1.0000E+00  1.0000E+04  2.6667E-12  0.0000E+00
  4.7880E+01  4.7950E+01  1.0000E+00  1.0000E+04  2.6667E-12  0.0000E+00
  4.8020E+01  4.8090E+01  1.0000E+00  1.0000E+04  2.6667E-12  0.0000E+00
  4.8160E+01  4.8230E+01  1.0000E+00  1.0000E+04  2.6667E-12  0.0000E+00
  4.8300E+01  4.8370E+01  1.0000E+00  1.0000E+04  2.6667E-12  0.0000E+00
  4.8440E+01  4.8510E+01  1.0000E+00  1.0000E+04  2.6667E-12  0.0000E+00
  4.8580E+01  4.8650E+01  1.0000E+00  1.0000E+04  2.6667E-12  0.0000E+00
  4.8720E+01  4.8790E+01  1.0000E+00  1.0000E+04  2.6667E-12  0.0000E+00
  4.8860E+01  4.8930E+01  1.0000E+00  1.0000E+04  2.6667E-12  0.0000E+00
  4.9000E+01  4.9070E+01  1.0000E+00  1.0000E+04  2.6667E-12  0.0000E+00
  4.9140E+01  4.9210E+01  1.0000E+00  1.0000E+04  2.6667E-12  0.0000E+00
  4.9280E+01  4.9350E+01  1.0000E+00  1.0000E+04  2.6667E-12  0.0000E+00
  4.9420E+01  4.9490E+01  1.0000E+00  1.0000E+04  2.6667E-12  0.0000E+00
  4.9560E+01  4.9630E+01  1.0000E+00  1.0000E+04  2.6667E-12  0.0000E+00
  4.9700E+01  4.9770E+01  1.0000E+00  1.0000E+04  2.6667E-12  0.0000E+00
  4.9840E+01  4.9910E+01  1.0000E+00  1.0000E+04  2.6667E-12  0.0000E+00
  4.9980E+01  5.0050E+01  1.0000E+00  1.0000E+04  2.6667E-12  0.0000E+00
  5.0120E+01  5.0190E+01  1.0000E+00  1.0000E+04  2.6667E-12  0.0000E+00
  5.0260E+01  5.0330E+01  1.0000E+00  1.0000E+04  2.6667E-12  0.0000E+00
  5.0400E+01  5.0470E+01  1.0000E+00  1.0000E+04  2.6667E-12  0.0000E+00
  5.0540E+01  5.0610E+01  1.0000E+00  1.0000E+04  2.6667E-12  0.0000E+00
  5.0680E+01  5.0750E+01  1.0000E+00  1.0000E+04  2.6667E-12  0.0000E+00
  5.0820E+01  5.0890E+01  1.0000E+00  1.0000E+04  2.6667E-12  0.0000E+00
  5.0960E+01  5.1030E+01  1.0000E+00  1.0000E+04  2.6667E-12  0.0000E+00
  5.1100E+01  5.1170E+01  1.0000E+00  1.0000E+04  2.6667E-12  0.0000E+00
  5.1240E+01  5.1310E+01  1.0000E+00  1.0000E+04  2.6667E-12  0.0000E+00
  5.1380E+01  5.1450E+01  1.0000E+00  1.0000E+04  2.6667E-12  0.0000E+00
  5.1520E+01  5.1590E+01  1.0000E+00  1.0000E+04  2.6667E-12  0.0000E+00
  5.1660E+01  5.1730E+01  1.0000E+00  1.0000E+04  2.6667E-12  0.0000E+00
  5.1800E+01  5.1870E+01  1.0000E+00  1.0000E+04  2.6667E-12  0.0000E+00
  5.1940E+01  5.2010E+01  1.0000E+00  1.0000E+04  2.6667E-12  0.0000E+00
  5.2080E+01  5.2150E+01  1.0000E+00  1.0000E+04  2.6667E-12  0.0000E+00
  5.2220E+01  5.2290E+01  1.0000E+00  1.0000E+04  2.6667E-12  0.0000E+00
  5.2360E+01  5.2430E+01  1.0000E+00  1.0000E+04  2.6667E-12  0.0000E+00
  5.2500E+01  5.2570E+01  1.0000E+00  1.0000E+04  2.6667E-12  0.0000E+00
  5.2640E+01  5.2710E+01  1.0000E+00  1.0000E+04  2.6667E-12  0.0000E+00
  5.2780E+01  5.2850E+01  1.0000E+00  1.0000E+04  2.6667E-12  0.0000E+00
  5.2920E+01  5.2990E+01  1.0000E+00  1.0000E+04  2.6667E-12  0.0000E+00
  5.3060E+01  5.3130E+01  1.0000E+00  1.0000E+04  2.6667E-12  0.0000E+00
  5.3200E+01  5.3270E+01  1.0000E+00  1.0000E+04  2.6667E-12  0.0000E+00
  5.3340E+01  5.3410E+01  1.0000E+00  1.0000E+04  2.6667E-12  0.0000E+00
  5.3480E+01  5.3550E+01  1.0000E+00  1.0000E+04  2.6667E-12  0.0000E+00
  5.3620E+01  5.3690E+01  1.0000E+00  1.0000E+04  2.6667E-12  0.0000E+00
  5.3760E+01  5.3830E+01  1.0000E+00  1.0000E+04  2.6667E-12  0.0000E+00
  5.3900E+01  5.3970E+01  1.0000E+00  1.0000E+04  2.6667E-12  0.0000E+00
  5.4040E+01  5.4110E+01  1.0000E+00  1.0000E+04  2.6667E-12  0.0000E+00
  5.4180E+01  5.4250E+01  1.0000E+00  1.0000E+04  2.6667E-12  0.0000E+00
  5.4320E+01  5.4390E+01  1.0000E+00  1.0000E+04  2.6667E-12  0.0000E+00
  5.4460E+01  5.4530E+01  1.0000E+00  1.0000E+04  2.6667E-12  0.0000E+00
  5.4600E+01  5.4670E+01  1.0000E+00  1.0000E+04  2.6667E-12  0.0000E+00
  5.4740E+01  5.4810E+01  1.0000E+00  1.0000E+04  2.6667E-12  0.0000E+00
  5.4880E+01  5.4950E+01  1.0000E+00  1.0000E+04  2.6667E-12  0.0000E+00
  5.5020E+01  5.5090E+01  1.0000E+00  1.0000E+04  2.6667E-12  0.0000E+00
  5.5160E+01  5.5230E+01  1.0000E+00  1.0000E+04  2.6667E-12  0.0000E+00
  5.5300E+01  5.5370E+01  1.0000E+00  1.0000E+04  2.6667E-12  0.0000E+00
  5.5440E+01  5.5510E+01  1.0000E+00  1.0000E+04  2.6667E-12  0.0000E+00
  5.5580E+01  5.5650E+01  1.0000E+00  1.0000E+04  2.6667E-12  0.0000E+00
  5.5720E+01  5.5790E+01  1.0000E+00  1.0000E+04  2.6667E-12  0.0000E+00
  5.5860E+01  5.5930E+01  1.0000E+00  1.0000E+04  2.6667E-12  0.0000E+00
  5.6000E+01  5.6070E+01  1.0000E+00  1.0000E+04  2.6667E-12  0.0000E+00
  5.6140E+01  5.6210E+01  1.0000E+00  1.0000E+04  2.6667E-12  0.0000E+00
  5.6280E+01  5.6350E+01  1.0000E+00  1.0000E+04  2.6667E-12  0.0000E+00
  5.6420E+01  5.6490E+01  1.0000E+00  1.0000E+04  2.6667E-12  0.0000E+00
  5.6560E+01  5.6630E+01  1.0000E+00  1.0000E+04  2.6667E-12  0.0000E+00
  5.6700E+01  5.6770E+01  1.0000E+00  1.0000E+04  2.6667E-12  0.0000E+00
  5.6840E+01  5.6910E+01  1.0000E+00  1.0000E+04  2.6667E-12  0.0000E+00
  5.6980E+01  5.7050E+01  1.0000E+00  1.0000E+04  2.6667E-12  0.0000E+00
  5.7120E+01  5.7190E+01  1.0000E+00  1.0000E+04  2.6667E-12  0.0000E+00
  5.7260E+01  5.7330E+01  1.0000E+00  1.0000E+04  2.6667E-12  0.0000E+00
  5.7400E+01  5.7470E+01  1.0000E+00  1.0000E+04  2.6667E-12  0.0000E+00
  5.7540E+01  5.7610E+01  1.0000E+00  1.0000E+04  2.6667E-12  0.0000E+00
  5.7680E+01  5.7750E+01  1.0000E+00  1.0000E+04  2.6667E-12  0.0000E+00
  5.7820E+01  5.7890E+01  1.0000E+00  1.0000E+04  2.6667E-12  0.0000E+00
  5.7960E+01  5.8030E+01  1.0000E+00  1.0000E+04  2.6667E-12  0.0000E+00
  5.8100E+01  5.8170E+01  1.0000E+00  1.0000E+04  2.6667E-12  0.0000E+00
  5.8240E+01  5.8310E+01  1.0000E+00  1.0000E+04  2.6667E-12  0.0000E+00
  5.8380E+01  5.8450E+01  1.0000E+00  1.0000E+04  2.6667E-12  0.0000E+00
  5.8520E+01  5.8590E+01  1.0000E+00  1.0000E+04  2.6667E-12  0.0000E+00
  5.8660E+01  5.8730E+01  1.0000E+00  1.0000E+04  2.6667E-12  0.0000E+00
  5.8800E+01  5.8870E+01  1.0000E+00  1.0000E+04  2.6667E-12  0.0000E+00
  5.8940E+01  5.9010E+01  1.0000E+00  1.0000E+04  2.6667E-12  0.0000E+00
  5.9080E+01  5.9150E+01  1.0000E+00  1.0000E+04  2.6667E-12  0.0000E+00
  5.9220E+01  5.9290E+01  1.0000E+00  1.0000E+04  2.6667E-12  0.0000E+00
  5.9360E+01  5.9430E+01  1.0000E+00  1.0000E+04  2.6667E-12  0.0000E+00
  5.9500E+01  5.9570E+01  1.0000E+00  1.0000E+04  2.6667E-12  0.0000E+00
  5.9640E+01  5.9710E+01  1.0000E+00  1.0000E+04  2.6667E-12  0.0000E+00
  5.9780E+01  5.9850E+01  1.0000E+00  1.0000E+04  2.6667E-12  0.0000E+00
  5.9920E+01  5.9990E+01  1.0000E+00  1.0000E+04  2.6667E-12  0.0000E+00
  6.0060E+01  6.0130E+01  1.0000E+00  1.0000E+04  2.6667E-12  0.0000E+00
  6.0200E+01  6.0270E+01  1.0000E+00  1.0000E+04  2.6667E-12  0.0000E+00
  6.0340E+01  6.0410E+01  1.0000E+00  1.0000E+04  2.6667E-12  0.0000E+00
  6.0480E+01  6.0550E+01  1.0000E+00  1.0000E+04  2.6667E-12  0.0000E+00
  6.0620E+01  6.0690E+01  1.0000E+00  1.0000E+04  2.6667E-12  0.0000E+00
  6.0760E+01  6.0830E+01  1.0000E+00  1.0000E+04  2.6667E-12  0.0000E+00
  6.0900E+01  6.0970E+01  1.0000E+00  1.0000E+04  2.6667E-12  0.0000E+00
  6.1040E+01  6.1110E+01  1.0000E+00  1.0000E+04  2.6667E-12  0.0000E+00
  6.1180E+01  6.1250E+01  1.0000E+00  1.0000E+04  2.6667E-12  0.0000E+00
  6.1320E+01  6.1390E+01  1.0000E+00  1.0000E+04  2.6667E-12  0.0000E+00
  6.1460E+01  6.1530E+01  1.0000E+00  1.0000E+04  2.6667E-12  0.0000E+00
  6.1600E+01  6.1670E+01  1.0000E+00  1.0000E+04  2.6667E-12  0.0000E+00
  6.1740E+01  6.1810E+01  1.0000E+00  1.0000E+04  2.6667E-12  0.0000E+00
  6.1880E+01  6.1950E+01  1.0000E+00  1.0000E+04  2.6667E-12  0.0000E+00
  6.2020E+01  6.2090E+01  1.0000E+00  1.0000E+04  2.6667E-12  0.0000E+00
  6.2160E+01  6.2230E+01  1.0000E+00  1.0000E+04  2.6667E-12  0.0000E+00
  6.2300E+01  6.2370E+01  1.0000E+00  1.0000E+04  2.6667E-12  0.0000E+00
  6.2440E+01  6.2510E+01  1.0000E+00  1.0000E+04  2.6667E-12  0.0000E+00
  6.2580E+01  6.2650E+01  1.0000E+00  1.0000E+04  2.6667E-12  0.0000E+00
  6.2720E+01  6.2790E+01  1.0000E+00  1.0000E+04  2.6667E-12  0.0000E+00
  6.2860E+01  6.2930E+01  1.0000E+00  1.0000E+04  2.6667E-12  0.0000E+00
  6.3000E+01  6.3070E+01  1.0000E+00  1.0000E+04  2.6667E-12  0.0000E+00
  6.3140E+01  6.3210E+01  1.0000E+00  1.0000E+04  2.6667E-12  0.0000E+00
  6.3280E+01  6.3350E+01  1.0000E+00  1.0000E+04  2.6667E-12  0.0000E+00
  6.3420E+01  6.3490E+01  1.0000E+00  1.0000E+04  2.6667E-12  0.0000E+00
  6.3560E+01  6.3630E+01  1.0000E+00  1.0000E+04  2.6667E-12  0.0000E+00
  6.3700E+01  6.3770E+01  1.0000E+00  1.0000E+04  2.6667E-12  0.0000E+00
  6.3840E+01  6.3910E+01  1.0000E+00  1.0000E+04  2.6667E-12  0.0000E+00
  6.3980E+01  6.4050E+01  1.0000E+00  1.0000E+04  2.6667E-12  0.0000E+00
  6.4120E+01  6.4190E+01  1.0000E+00  1.0000E+04  2.6667E-12  0.0000E+00
  6.4260E+01  6.4330E+01  1.0000E+00  1.0000E+04  2.6667E-12  0.0000E+00
  6.4400E+01  6.4470E+01  1.0000E+00  1.0000E+04  2.6667E-12  0.0000E+00
  6.4540E+01  6.4610E+01  1.0000E+00  1.0000E+04  2.6667E-12  0.0000E+00
  6.4680E+01  6.4750E+01  1.0000E+00  1.0000E+04  2.6667E-12  0.0000E+00
  6.4820E+01  6.4890E+01  1.0000E+00  1.0000E+04  2.6667E-12  0.0000E+00
  6.4960E+01  6.5030E+01  1.0000E+00  1.0000E+04  2.6667E-12  0.0000E+00
  6.5100E+01  6.5170E+01  1.0000E+00  1.0000E+04  2.6667E-12  0.0000E+00
  6.5240E+01  6.5310E+01  1.0000E+00  1.0000E+04  2.6667E-12  0.0000E+00
  6.5380E+01  6.5450E+01  1.0000E+00  1.0000E+04  2.6667E-12  0.0000E+00
  6.5520E+01  6.5590E+01  1.0000E+00  1.0000E+04  2.6667E-12  0.0000E+00
  6.5660E+01  6.5730E+01  1.0000E+00  1.0000E+04  2.6667E-12  0.0000E+00
  6.5800E+01  6.5870E+01  1.0000E+00  1.0000E+04  2.6667E-12  0.0000E+00
  6.5940E+01  6.6010E+01  1.0000E+00  1.0000E+04  2.6667E-12  0.0000E+00
  6.6080E+01  6.6150E+01  1.0000E+00  1.0000E+04  2.6667E-12  0.0000E+00
  6.6220E+01  6.6290E+01  1.0000E+00  1.0000E+04  2.6667E-12  0.0000E+00
  6.6360E+01  6.6430E+01  1.0000E+00  1.0000E+04  2.6667E-12  0.0000E+00
  6.6500E+01  6.6570E+01  1.0000E+00  1.0000E+04  2.6667E-12  0.0000E+00
  6.6640E+01  6.6710E+01  1.0000E+00  1.0000E+04  2.6667E-12  0.0000E+00
  6.6780E+01  6.6850E+01  1.0000E+00  1.0000E+04  2.6667E-12  0.0000E+00
  6.6920E+01  6.6990E+01  1.0000E+00  1.0000E+04  2.6667E-12  0.0000E+00
  6.7060E+01  6.7130E+01  1.0000E+00  1.0000E+04  2.6667E-12  0.0000E+00
  6.7200E+01  6.7270E+01  1.0000E+00  1.0000E+04  2.6667E-12  0.0000E+00
  6.7340E+01  6.7410E+01  1.0000E+00  1.0000E+04  2.6667E-12  0.0000E+00
  6.7480E+01  6.7550E+01  1.0000E+00  1.0000E+04  2.6667E-12  0.0000E+00
  6.7620E+01  6.7690E+01  1.0000E+00  1.0000E+04  2.6667E-12  0.0000E+00
  6.7760E+01  6.7830E+01  1.0000E+00  1.0000E+04  2.6667E-12  0.0000E+00
  6.7900E+01  6.7970E+01  1.0000E+00  1.0000E+04  2.6667E-12  0.0000E+00
  6.8040E+01  6.8110E+01  1.0000E+00  1.0000E+04  2.6667E-12  0.0000E+00
  6.8180E+01  6.8250E+01  1.0000E+00  1.0000E+04  2.6667E-12  0.0000E+00
  6.8320E+01  6.8390E+01  1.0000E+00  1.0000E+04  2.6667E-12  0.0000E+00
  6.8460E+01  6.8530E+01  1.0000E+00  1.0000E+04  2.6667E-12  0.0000E+00
  6.8600E+01  6.8670E+01  1.0000E+00  1.0000E+04  2.6667E-12  0.0000E+00
  6.8740E+01  6.8810E+01  1.0000E+00  1.0000E+04  2.6667E-12  0.0000E+00
  6.8880E+01  6.8950E+01  1.0000E+00  1.0000E+04  2.6667E-12  0.0000E+00
  6.9020E+01  6.9090E+01  1.0000E+00  1.0000E+04  2.6667E-12  0.0000E+00
  6.9160E+01  6.9230E+01  1.0000E+00  1.0000E+04  2.6667E-12  0.0000E+00
  6.9300E+01  6.9370E+01  1.0000E+00  1.0000E+04  2.6667E-12  0.0000E+00
  6.9440E+01  6.9510E+01  1.0000E+00  1.0000E+04  2.6667E-12  0.0000E+00
  6.9580E+01  6.9650E+01  1.0000E+00  1.0000E+04  2.6667E-12  0.0000E+00
  6.9720E+01  6.9790E+01  1.0000E+00  1.0000E+04  2.6667E-12  0.0000E+00
