  0.0000E+00  1.0000E-02  1.0000E+00 -1.7040E-14  2.5000E+00  1.0000E+00
  2.0000E-02  3.0000E-02  1.0000E+00  0.0000E+00  2.5000E+00  1.0000E+00
  4.0000E-02  5.0000E-02  1.0000E+00  1.7040E-14  2.5000E+00  1.0000E+00
  6.0000E-02  7.0000E-02  1.0000E+00  1.3156E-13  2.5000E+00  1.0000E+00
  8.0000E-02  9.0000E-02  1.0000E+00  1.0642E-12  2.5000E+00  1.0000E+00
  1.0000E-01  1.1000E-01  1.0000E+00  8.4391E-12  2.5000E+00  1.0000E+00
  1.2000E-01  1.3000E-01  1.0000E+00  6.4509E-11  2.5000E+00  1.0000E+00
  1.4000E-01  1.5000E-01  1.0000E+00  4.7030E-10  2.5000E+00  1.0000E+00
  1.6000E-01  1.7000E-01  1.0000E+00  3.2441E-09  2.5000E+00  1.0000E+00
  1.8000E-01  1.9000E-01  1.0000E+00  2.1038E-08  2.5000E+00  1.0000E+00
  2.0000E-01  2.1000E-01  1.0000E+00  1.2755E-07  2.5000E+00  1.0000E+00
  2.2000E-01  2.3000E-01  1.0000E+00  7.1916E-07  2.5000E+00  1.0000E+00
  2.4000E-01  2.5000E-01  9.9999E-01  3.7506E-06  2.5000E+00  9.9999E-01
  2.6000E-01  2.7000E-01  9.9996E-01  1.7988E-05  2.5000E+00  9.9996E-01
  2.8000E-01  2.9000E-01  9.9982E-01  7.8822E-05  2.4998E+00  9.9984E-01
  3.0000E-01  3.1000E-01  9.9934E-01  3.1310E-04  2.4993E+00  9.9940E-01
  3.2000E-01  3.3000E-01  9.9783E-01  1.1166E-03  2.4978E+00  9.9793E-01
  3.4000E-01  3.5000E-01  9.9371E-01  3.5328E-03  2.4937E+00  9.9371E-01
  3.6000E-01  3.7000E-01  9.8426E-01  9.7704E-03  2.4842E+00  9.8342E-01
  3.8000E-01  3.9000E-01  9.6639E-01  2.3249E-02  2.4662E+00  9.6270E-01
  4.0000E-01  4.1000E-01  9.3912E-01  4.7030E-02  2.4383E+00  9.2905E-01
  4.2000E-01  4.3000E-01  9.0517E-01  8.0946E-02  2.4031E+00  8.8503E-01
  4.4000E-01  4.5000E-01  8.6885E-01  1.2099E-01  2.3645E+00  8.3675E-01
  4.6000E-01  4.7000E-01  8.3285E-01  1.6269E-01  2.3254E+00  7.8892E-01
  4.8000E-01  4.9000E-01  7.9807E-01  2.0384E-01  2.2865E+00  7.4326E-01
  5.0000E-01  5.1000E-01  7.6469E-01  2.4389E-01  2.2483E+00  7.0014E-01
  5.2000E-01  5.3000E-01  7.3276E-01  2.8276E-01  2.2109E+00  6.5955E-01
  5.4000E-01  5.5000E-01  7.0225E-01  3.2049E-01  2.1742E+00  6.2141E-01
  5.6000E-01  5.7000E-01  6.7309E-01  3.5716E-01  2.1382E+00  5.8559E-01
  5.8000E-01  5.9000E-01  6.4523E-01  3.9287E-01  2.1030E+00  5.5193E-01
  6.0000E-01  6.1000E-01  6.1862E-01  4.2769E-01  2.0685E+00  5.2032E-01
  6.2000E-01  6.3000E-01  5.9318E-01  4.6170E-01  2.0347E+00  4.9060E-01
  6.4000E-01  6.5000E-01  5.6886E-01  4.9498E-01  2.0016E+00  4.6267E-01
  6.6000E-01  6.7000E-01  5.4560E-01  5.2758E-01  1.9692E+00  4.3641E-01
  6.8000E-01  6.9000E-01  5.2336E-01  5.5955E-01  1.9374E+00  4.1171E-01
  7.0000E-01  7.1000E-01  5.0209E-01  5.9093E-01  1.9062E+00  3.8848E-01
  7.2000E-01  7.3000E-01  4.8175E-01  6.2175E-01  1.8756E+00  3.6663E-01
  7.4000E-01  7.5000E-01  4.6229E-01  6.5204E-01  1.8457E+00  3.4607E-01
  7.6000E-01  7.7000E-01  4.4369E-01  6.8181E-01  1.8163E+00  3.2674E-01
  7.8000E-01  7.9000E-01  4.2591E-01  7.1108E-01  1.7876E+00  3.0857E-01
  8.0000E-01  8.1000E-01  4.0893E-01  7.3984E-01  1.7595E+00  2.9149E-01
  8.2000E-01  8.3000E-01  3.9272E-01  7.6808E-01  1.7320E+00  2.7546E-01
  8.4000E-01  8.5000E-01  3.7728E-01  7.9578E-01  1.7051E+00  2.6042E-01
  8.6000E-01  8.7000E-01  3.6257E-01  8.2290E-01  1.6789E+00  2.4633E-01
  8.8000E-01  8.9000E-01  3.4861E-01  8.4938E-01  1.6535E+00  2.3316E-01
  9.0000E-01  9.1000E-01  3.3540E-01  8.7516E-01  1.6288E+00  2.2089E-01
  9.2000E-01  9.3000E-01  3.2294E-01  9.0012E-01  1.6049E+00  2.0948E-01
  9.4000E-01  9.5000E-01  3.1125E-01  9.2414E-01  1.5820E+00  1.9895E-01
  9.6000E-01  9.7000E-01  3.0037E-01  9.4702E-01  1.5601E+00  1.8927E-01
  9.8000E-01  9.9000E-01  2.9036E-01  9.6854E-01  1.5394E+00  1.8048E-01
  1.0000E+00  1.0100E+00  2.8127E-01  9.8839E-01  1.5202E+00  1.7260E-01
  1.0200E+00  1.0300E+00  2.7321E-01  1.0062E+00  1.5027E+00  1.6568E-01
  1.0400E+00  1.0500E+00  2.6627E-01  1.0214E+00  1.4871E+00  1.5978E-01
  1.0600E+00  1.0700E+00  2.6060E-01  1.0335E+00  1.4740E+00  1.5499E-01
  1.0800E+00  1.0900E+00  2.5634E-01  1.0419E+00  1.4638E+00  1.5139E-01
  1.1000E+00  1.1100E+00  2.5361E-01  1.0458E+00  1.4567E+00  1.4906E-01
  1.1200E+00  1.1300E+00  2.5245E-01  1.0446E+00  1.4532E+00  1.4804E-01
  1.1400E+00  1.1500E+00  2.5282E-01  1.0381E+00  1.4532E+00  1.4826E-01
  1.1600E+00  1.1700E+00  2.5457E-01  1.0265E+00  1.4566E+00  1.4964E-01
  1.1800E+00  1.1900E+00  2.5748E-01  1.0105E+00  1.4628E+00  1.5199E-01
  1.2000E+00  1.2100E+00  2.6124E-01  9.9101E-01  1.4713E+00  1.5509E-01
  1.2200E+00  1.2300E+00  2.6552E-01  9.6930E-01  1.4814E+00  1.5868E-01
  1.2400E+00  1.2500E+00  2.6999E-01  9.4657E-01  1.4926E+00  1.6253E-01
  1.2600E+00  1.2700E+00  2.7430E-01  9.2380E-01  1.5048E+00  1.6642E-01
  1.2800E+00  1.2900E+00  2.7810E-01  9.0175E-01  1.5188E+00  1.7024E-01
  1.3000E+00  1.3100E+00  2.8099E-01  8.8083E-01  1.5358E+00  1.7387E-01
  1.3200E+00  1.3300E+00  2.8246E-01  8.6124E-01  1.5584E+00  1.7730E-01
  1.3400E+00  1.3500E+00  2.8198E-01  8.4301E-01  1.5897E+00  1.8050E-01
  1.3600E+00  1.3700E+00  2.7908E-01  8.2606E-01  1.6330E+00  1.8346E-01
  1.3800E+00  1.3900E+00  2.7355E-01  8.1028E-01  1.6913E+00  1.8619E-01
  1.4000E+00  1.4100E+00  2.6556E-01  7.9556E-01  1.7661E+00  1.8870E-01
  1.4200E+00  1.4300E+00  2.5571E-01  7.8179E-01  1.8568E+00  1.9098E-01
  1.4400E+00  1.4500E+00  2.4499E-01  7.6887E-01  1.9595E+00  1.9304E-01
  1.4600E+00  1.4700E+00  2.3447E-01  7.5671E-01  2.0676E+00  1.9491E-01
  1.4800E+00  1.4900E+00  2.2513E-01  7.4524E-01  2.1724E+00  1.9659E-01
  1.5000E+00  1.5100E+00  2.1759E-01  7.3440E-01  2.2656E+00  1.9812E-01
  1.5200E+00  1.5300E+00  2.1209E-01  7.2413E-01  2.3411E+00  1.9952E-01
  1.5400E+00  1.5500E+00  2.0852E-01  7.1440E-01  2.3970E+00  2.0082E-01
  1.5600E+00  1.5700E+00  2.0653E-01  7.0515E-01  2.4349E+00  2.0204E-01
  1.5800E+00  1.5900E+00  2.0571E-01  6.9637E-01  2.4588E+00  2.0319E-01
  1.6000E+00  1.6100E+00  2.0566E-01  6.8801E-01  2.4729E+00  2.0429E-01
  1.6200E+00  1.6300E+00  2.0606E-01  6.8005E-01  2.4810E+00  2.0534E-01
  1.6400E+00  1.6500E+00  2.0670E-01  6.7247E-01  2.4856E+00  2.0635E-01
  1.6600E+00  1.6700E+00  2.0745E-01  6.6524E-01  2.4886E+00  2.0733E-01
  1.6800E+00  1.6900E+00  2.0822E-01  6.5834E-01  2.4907E+00  2.0827E-01
  1.7000E+00  1.7100E+00  2.0897E-01  6.5167E-01  2.4924E+00  2.0914E-01
  1.7200E+00  1.7300E+00  2.0975E-01  6.4527E-01  2.4943E+00  2.1021E-01
  1.7400E+00  1.7500E+00  2.1083E-01  6.4037E-01  2.4974E+00  2.1151E-01
  1.7600E+00  1.7700E+00  2.1080E-01  6.3495E-01  2.4965E+00  2.0910E-01
  1.7800E+00  1.7900E+00  2.0423E-01  6.1000E-01  2.4681E+00  1.9493E-01
  1.8000E+00  1.8100E+00  1.8750E-01  5.3854E-01  2.3880E+00  1.6833E-01
  1.8200E+00  1.8300E+00  1.6535E-01  4.1510E-01  2.2637E+00  1.3926E-01
  1.8400E+00  1.8500E+00  1.4540E-01  2.6092E-01  2.1362E+00  1.1688E-01
  1.8600E+00  1.8700E+00  1.3185E-01  1.1418E-01  2.0452E+00  1.0430E-01
  1.8800E+00  1.8900E+00  1.2607E-01  2.3219E-02  2.0070E+00  1.0047E-01
  1.9000E+00  1.9100E+00  1.2507E-01  1.6689E-03  2.0005E+00  1.0002E-01
  1.9200E+00  1.9300E+00  1.2500E-01  6.8185E-05  2.0000E+00  1.0000E-01
  1.9400E+00  1.9500E+00  1.2500E-01  2.5018E-06  2.0000E+00  1.0000E-01
  1.9600E+00  1.9700E+00  1.2500E-01  8.8768E-08  2.0000E+00  1.0000E-01
  1.9800E+00  1.9900E+00  1.2500E-01  0.0000E+00  2.0000E+00  1.0000E-01
  2.0000E+00  2.0100E+00  1.2500E-01 -8.8768E-08  2.0000E+00  1.0000E-01
