  0.0000E+00  5.0000E-04  1.0000E+02  0.0000E+00  1.0050E-02  6.7000E-01  0.0000E+00
  1.0000E-03  1.5000E-03  1.0000E+02  0.0000E+00  1.0050E-02  6.7000E-01  0.0000E+00
  2.0000E-03  2.5000E-03  1.0000E+02  0.0000E+00  1.0050E-02  6.7000E-01  0.0000E+00
  3.0000E-03  3.5000E-03  1.0000E+02  0.0000E+00  1.0050E-02  6.7000E-01  0.0000E+00
  4.0000E-03  4.5000E-03  1.0000E+02  0.0000E+00  1.0050E-02  6.7000E-01  0.0000E+00
  5.0000E-03  5.5000E-03  1.0000E+02  0.0000E+00  1.0050E-02  6.7000E-01  0.0000E+00
  6.0000E-03  6.5000E-03  1.0000E+02  0.0000E+00  1.0050E-02  6.7000E-01  0.0000E+00
  7.0000E-03  7.5000E-03  1.0000E+02  0.0000E+00  1.0050E-02  6.7000E-01  0.0000E+00
  8.0000E-03  8.5000E-03  1.0000E+02  0.0000E+00  1.0050E-02  6.7000E-01  0.0000E+00
  9.0000E-03  9.5000E-03  1.0000E+02  0.0000E+00  1.0050E-02  6.7000E-01  0.0000E+00
  1.0000E-02  1.0500E-02  1.0000E+02  0.0000E+00  1.0050E-02  6.7000E-01  0.0000E+00
  1.1000E-02  1.1500E-02  1.0000E+02  0.0000E+00  1.0050E-02  6.7000E-01  0.0000E+00
  1.2000E-02  1.2500E-02  1.0000E+02  0.0000E+00  1.0050E-02  6.7000E-01  0.0000E+00
  1.3000E-02  1.3500E-02  1.0000E+02  0.0000E+00  1.0050E-02  6.7000E-01  0.0000E+00
  1.4000E-02  1.4500E-02  1.0000E+02  0.0000E+00  1.0050E-02  6.7000E-01  0.0000E+00
  1.5000E-02  1.5500E-02  1.0000E+02  0.0000E+00  1.0050E-02  6.7000E-01  0.0000E+00
  1.6000E-02  1.6500E-02  1.0000E+02  0.0000E+00  1.0050E-02  6.7000E-01  0.0000E+00
  1.7000E-02  1.7500E-02  1.0000E+02  0.0000E+00  1.0050E-02  6.7000E-01  0.0000E+00
  1.8000E-02  1.8500E-02  1.0000E+02  0.0000E+00  1.0050E-02  6.7000E-01  0.0000E+00
  1.9000E-02  1.9500E-02  1.0000E+02  0.0000E+00  1.0050E-02  6.7000E-01  0.0000E+00
  2.0000E-02  2.0500E-02  1.0000E+02  0.0000E+00  1.0050E-02  6.7000E-01  0.0000E+00
  2.1000E-02  2.1500E-02  1.0000E+02  0.0000E+00  1.0050E-02  6.7000E-01  0.0000E+00
  2.2000E-02  2.2500E-02  1.0000E+02  0.0000E+00  1.0050E-02  6.7000E-01  0.0000E+00
  2.3000E-02  2.3500E-02  1.0000E+02  0.0000E+00  1.0050E-02  6.7000E-01  0.0000E+00
  2.4000E-02  2.4500E-02  1.0000E+02  0.0000E+00  1.0050E-02  6.7000E-01  0.0000E+00
  2.5000E-02  2.5500E-02  1.0000E+02  0.0000E+00  1.0050E-02  6.7000E-01  0.0000E+00
  2.6000E-02  2.6500E-02  1.0000E+02  0.0000E+00  1.0050E-02  6.7000E-01  0.0000E+00
  2.7000E-02  2.7500E-02  1.0000E+02  0.0000E+00  1.0050E-02  6.7000E-01  0.0000E+00
  2.8000E-02  2.8500E-02  1.0000E+02  0.0000E+00  1.0050E-02  6.7000E-01  0.0000E+00
  2.9000E-02  2.9500E-02  1.0000E+02  0.0000E+00  1.0050E-02  6.7000E-01  0.0000E+00
  3.0000E-02  3.0500E-02  1.0000E+02  0.0000E+00  1.0050E-02  6.7000E-01  0.0000E+00
  3.1000E-02  3.1500E-02  1.0000E+02  0.0000E+00  1.0050E-02  6.7000E-01  0.0000E+00
  3.2000E-02  3.2500E-02  1.0000E+02  0.0000E+00  1.0050E-02  6.7000E-01  0.0000E+00
  3.3000E-02  3.3500E-02  1.0000E+02  0.0000E+00  1.0050E-02  6.7000E-01  0.0000E+00
  3.4000E-02  3.4500E-02  1.0000E+02  0.0000E+00  1.0050E-02  6.7000E-01  0.0000E+00
  3.5000E-02  3.5500E-02  1.0000E+02  0.0000E+00  1.0050E-02  6.7000E-01  0.0000E+00
  3.6000E-02  3.6500E-02  1.0000E+02  0.0000E+00  1.0050E-02  6.7000E-01  0.0000E+00
  3.7000E-02  3.7500E-02  1.0000E+02  0.0000E+00  1.0050E-02  6.7000E-01  0.0000E+00
  3.8000E-02  3.8500E-02  1.0000E+02  0.0000E+00  1.0050E-02  6.7000E-01  0.0000E+00
  3.9000E-02  3.9500E-02  1.0000E+02  0.0000E+00  1.0050E-02  6.7000E-01  0.0000E+00
  4.0000E-02  4.0500E-02  1.0000E+02  0.0000E+00  1.0050E-02  6.7000E-01  0.0000E+00
  4.1000E-02  4.1500E-02  1.0000E+02  0.0000E+00  1.0050E-02  6.7000E-01  0.0000E+00
  4.2000E-02  4.2500E-02  1.0000E+02  0.0000E+00  1.0050E-02  6.7000E-01  0.0000E+00
  4.3000E-02  4.3500E-02  1.0000E+02  0.0000E+00  1.0050E-02  6.7000E-01  0.0000E+00
  4.4000E-02  4.4500E-02  1.0000E+02  0.0000E+00  1.0050E-02  6.7000E-01  0.0000E+00
  4.5000E-02  4.5500E-02  1.0000E+02  0.0000E+00  1.0050E-02  6.7000E-01  0.0000E+00
  4.6000E-02  4.6500E-02  1.0000E+02  0.0000E+00  1.0050E-02  6.7000E-01  0.0000E+00
  4.7000E-02  4.7500E-02  1.0000E+02  0.0000E+00  1.0050E-02  6.7000E-01  0.0000E+00
  4.8000E-02  4.8500E-02  1.0000E+02  0.0000E+00  1.0050E-02  6.7000E-01  0.0000E+00
  4.9000E-02  4.9500E-02  1.0000E+02  0.0000E+00  1.0050E-02  6.7000E-01  0.0000E+00
  5.0000E-02  5.0500E-02  1.0000E+02  0.0000E+00  1.0050E-02  6.7000E-01  0.0000E+00
  5.1000E-02  5.1500E-02  1.0000E+02  0.0000E+00  1.0050E-02  6.7000E-01  0.0000E+00
  5.2000E-02  5.2500E-02  1.0000E+02  0.0000E+00  1.0050E-02  6.7000E-01  0.0000E+00
  5.3000E-02  5.3500E-02  1.0000E+02  0.0000E+00  1.0050E-02  6.7000E-01  0.0000E+00
  5.4000E-02  5.4500E-02  1.0000E+02  0.0000E+00  1.0050E-02  6.7000E-01  0.0000E+00
  5.5000E-02  5.5500E-02  1.0000E+02  0.0000E+00  1.0050E-02  6.7000E-01  0.0000E+00
  5.6000E-02  5.6500E-02  1.0000E+02  0.0000E+00  1.0050E-02  6.7000E-01  0.0000E+00
  5.7000E-02  5.7500E-02  1.0000E+02  0.0000E+00  1.0050E-02  6.7000E-01  0.0000E+00
  5.8000E-02  5.8500E-02  1.0000E+02  0.0000E+00  1.0050E-02  6.7000E-01  0.0000E+00
  5.9000E-02  5.9500E-02  1.0000E+02  0.0000E+00  1.0050E-02  6.7000E-01  0.0000E+00
  6.0000E-02  6.0500E-02  1.0000E+02  0.0000E+00  1.0050E-02  6.7000E-01  0.0000E+00
  6.1000E-02  6.1500E-02  1.0000E+02  0.0000E+00  1.0050E-02  6.7000E-01  0.0000E+00
  6.2000E-02  6.2500E-02  1.0000E+02  0.0000E+00  1.0050E-02  6.7000E-01  0.0000E+00
  6.3000E-02  6.3500E-02  1.0000E+02  0.0000E+00  1.0050E-02  6.7000E-01  0.0000E+00
  6.4000E-02  6.4500E-02  1.0000E+02  0.0000E+00  1.0050E-02  6.7000E-01  0.0000E+00
  6.5000E-02  6.5500E-02  1.0000E+02  0.0000E+00  1.0050E-02  6.7000E-01  0.0000E+00
  6.6000E-02  6.6500E-02  1.0000E+02  0.0000E+00  1.0050E-02  6.7000E-01  0.0000E+00
  6.7000E-02  6.7500E-02  1.0000E+02  0.0000E+00  1.0050E-02  6.7000E-01  0.0000E+00
  6.8000E-02  6.8500E-02  1.0000E+02  0.0000E+00  1.0050E-02  6.7000E-01  0.0000E+00
  6.9000E-02  6.9500E-02  1.0000E+02  0.0000E+00  1.0050E-02  6.7000E-01  0.0000E+00
  7.0000E-02  7.0500E-02  1.0000E+02  0.0000E+00  1.0050E-02  6.7000E-01  0.0000E+00
  7.1000E-02  7.1500E-02  1.0000E+02  0.0000E+00  1.0050E-02  6.7000E-01  0.0000E+00
  7.2000E-02  7.2500E-02  1.0000E+02  0.0000E+00  1.0050E-02  6.7000E-01  0.0000E+00
  7.3000E-02  7.3500E-02  1.0000E+02  0.0000E+00  1.0050E-02  6.7000E-01  0.0000E+00
  7.4000E-02  7.4500E-02  1.0000E+02  0.0000E+00  1.0050E-02  6.7000E-01  0.0000E+00
  7.5000E-02  7.5500E-02  1.0000E+02  0.0000E+00  1.0050E-02  6.7000E-01  0.0000E+00
  7.6000E-02  7.6500E-02  1.0000E+02  0.0000E+00  1.0050E-02  6.7000E-01  0.0000E+00
  7.7000E-02  7.7500E-02  1.0000E+02  0.0000E+00  1.0050E-02  6.7000E-01  0.0000E+00
  7.8000E-02  7.8500E-02  1.0000E+02  0.0000E+00  1.0050E-02  6.7000E-01  0.0000E+00
  7.9000E-02  7.9500E-02  1.0000E+02  0.0000E+00  1.0050E-02  6.7000E-01  0.0000E+00
  8.0000E-02  8.0500E-02  1.0000E+02  0.0000E+00  1.0050E-02  6.7000E-01  0.0000E+00
  8.1000E-02  8.1500E-02  1.0000E+02  0.0000E+00  1.0050E-02  6.7000E-01  0.0000E+00
  8.2000E-02  8.2500E-02  1.0000E+02  0.0000E+00  1.0050E-02  6.7000E-01  0.0000E+00
  8.3000E-02  8.3500E-02  1.0000E+02  0.0000E+00  1.0050E-02  6.7000E-01  0.0000E+00
  8.4000E-02  8.4500E-02  1.0000E+02  0.0000E+00  1.0050E-02  6.7000E-01  0.0000E+00
  8.5000E-02  8.5500E-02  1.0000E+02  0.0000E+00  1.0050E-02  6.7000E-01  0.0000E+00
  8.6000E-02  8.6500E-02  1.0000E+02  0.0000E+00  1.0050E-02  6.7000E-01  0.0000E+00
  8.7000E-02  8.7500E-02  1.0000E+02  0.0000E+00  1.0050E-02  6.7000E-01  0.0000E+00
  8.8000E-02  8.8500E-02  1.0000E+02  0.0000E+00  1.0050E-02  6.7000E-01  0.0000E+00
  8.9000E-02  8.9500E-02  1.0000E+02  0.0000E+00  1.0050E-02  6.7000E-01  0.0000E+00
  9.0000E-02  9.0500E-02  1.0000E+02  0.0000E+00  1.0050E-02  6.7000E-01  0.0000E+00
  9.1000E-02  9.1500E-02  1.0000E+02  0.0000E+00  1.0050E-02  6.7000E-01  0.0000E+00
  9.2000E-02  9.2500E-02  1.0000E+02  0.0000E+00  1.0050E-02  6.7000E-01  0.0000E+00
  9.3000E-02  9.3500E-02  1.0000E+02  0.0000E+00  1.0050E-02  6.7000E-01  0.0000E+00
  9.4000E-02  9.4500E-02  1.0000E+02  0.0000E+00  1.0050E-02  6.7000E-01  0.0000E+00
  9.5000E-02  9.5500E-02  1.0000E+02  0.0000E+00  1.0050E-02  6.7000E-01  0.0000E+00
  9.6000E-02  9.6500E-02  1.0000E+02  0.0000E+00  1.0050E-02  6.7000E-01  0.0000E+00
  9.7000E-02  9.7500E-02  1.0000E+02  0.0000E+00  1.0050E-02  6.7000E-01  0.0000E+00
  9.8000E-02  9.8500E-02  1.0000E+02  0.0000E+00  1.0050E-02  6.7000E-01  0.0000E+00
  9.9000E-02  9.9500E-02  1.0000E+02  0.0000E+00  1.0050E-02  6.7000E-01  0.0000E+00
  1.0000E-01  1.0050E-01  1.0000E+02  0.0000E+00  1.0050E-02  6.7000E-01  0.0000E+00
  1.0100E-01  1.0150E-01  1.0000E+02  0.0000E+00  1.0050E-02  6.7000E-01  0.0000E+00
  1.0200E-01  1.0250E-01  1.0000E+02  0.0000E+00  1.0050E-02  6.7000E-01  0.0000E+00
  1.0300E-01  1.0350E-01  1.0000E+02  0.0000E+00  1.0050E-02  6.7000E-01  0.0000E+00
  1.0400E-01  1.0450E-01  1.0000E+02  0.0000E+00  1.0050E-02  6.7000E-01  0.0000E+00
  1.0500E-01  1.0550E-01  1.0000E+02  0.0000E+00  1.0050E-02  6.7000E-01  0.0000E+00
  1.0600E-01  1.0650E-01  1.0000E+02  0.0000E+00  1.0050E-02  6.7000E-01  0.0000E+00
  1.0700E-01  1.0750E-01  1.0000E+02  0.0000E+00  1.0050E-02  6.7000E-01  0.0000E+00
  1.0800E-01  1.0850E-01  1.0000E+02  0.0000E+00  1.0050E-02  6.7000E-01  0.0000E+00
  1.0900E-01  1.0950E-01  1.0000E+02  0.0000E+00  1.0050E-02  6.7000E-01  0.0000E+00
  1.1000E-01  1.1050E-01  1.0000E+02  0.0000E+00  1.0050E-02  6.7000E-01  0.0000E+00
  1.1100E-01  1.1150E-01  1.0000E+02  0.0000E+00  1.0050E-02  6.7000E-01  0.0000E+00
  1.1200E-01  1.1250E-01  1.0000E+02  0.0000E+00  1.0050E-02  6.7000E-01  0.0000E+00
  1.1300E-01  1.1350E-01  1.0000E+02  0.0000E+00  1.0050E-02  6.7000E-01  0.0000E+00
  1.1400E-01  1.1450E-01  1.0000E+02  0.0000E+00  1.0050E-02  6.7000E-01  0.0000E+00
  1.1500E-01  1.1550E-01  1.0000E+02  0.0000E+00  1.0050E-02  6.7000E-01  0.0000E+00
  1.1600E-01  1.1650E-01  1.0000E+02  0.0000E+00  1.0050E-02  6.7000E-01  0.0000E+00
  1.1700E-01  1.1750E-01  1.0000E+02  0.0000E+00  1.0050E-02  6.7000E-01  0.0000E+00
  1.1800E-01  1.1850E-01  1.0000E+02  0.0000E+00  1.0050E-02  6.7000E-01  0.0000E+00
  1.1900E-01  1.1950E-01  1.0000E+02  0.0000E+00  1.0050E-02  6.7000E-01  0.0000E+00
  1.2000E-01  1.2050E-01  1.0000E+02  0.0000E+00  1.0050E-02  6.7000E-01  0.0000E+00
  1.2100E-01  1.2150E-01  1.0000E+02  0.0000E+00  1.0050E-02  6.7000E-01  0.0000E+00
  1.2200E-01  1.2250E-01  1.0000E+02  0.0000E+00  1.0050E-02  6.7000E-01  0.0000E+00
  1.2300E-01  1.2350E-01  1.0000E+02  0.0000E+00  1.0050E-02  6.7000E-01  0.0000E+00
  1.2400E-01  1.2450E-01  1.0000E+02  0.0000E+00  1.0050E-02  6.7000E-01  0.0000E+00
  1.2500E-01  1.2550E-01  1.0000E+02  0.0000E+00  1.0050E-02  6.7000E-01  0.0000E+00
  1.2600E-01  1.2650E-01  1.0000E+02  0.0000E+00  1.0050E-02  6.7000E-01  0.0000E+00
  1.2700E-01  1.2750E-01  1.0000E+02  0.0000E+00  1.0050E-02  6.7000E-01  0.0000E+00
  1.2800E-01  1.2850E-01  1.0000E+02  0.0000E+00  1.0050E-02  6.7000E-01  0.0000E+00
  1.2900E-01  1.2950E-01  1.0000E+02  0.0000E+00  1.0050E-02  6.7000E-01  0.0000E+00
  1.3000E-01  1.3050E-01  1.0000E+02  0.0000E+00  1.0050E-02  6.7000E-01  0.0000E+00
  1.3100E-01  1.3150E-01  1.0000E+02  0.0000E+00  1.0050E-02  6.7000E-01  0.0000E+00
  1.3200E-01  1.3250E-01  1.0000E+02  0.0000E+00  1.0050E-02  6.7000E-01  0.0000E+00
  1.3300E-01  1.3350E-01  1.0000E+02  0.0000E+00  1.0050E-02  6.7000E-01  0.0000E+00
  1.3400E-01  1.3450E-01  1.0000E+02  0.0000E+00  1.0050E-02  6.7000E-01  0.0000E+00
  1.3500E-01  1.3550E-01  1.0000E+02  0.0000E+00  1.0050E-02  6.7000E-01  0.0000E+00
  1.3600E-01  1.3650E-01  1.0000E+02  0.0000E+00  1.0050E-02  6.7000E-01  0.0000E+00
  1.3700E-01  1.3750E-01  1.0000E+02  0.0000E+00  1.0050E-02  6.7000E-01  0.0000E+00
  1.3800E-01  1.3850E-01  1.0000E+02  0.0000E+00  1.0050E-02  6.7000E-01  0.0000E+00
  1.3900E-01  1.3950E-01  1.0000E+02  0.0000E+00  1.0050E-02  6.7000E-01  0.0000E+00
  1.4000E-01  1.4050E-01  1.0000E+02  0.0000E+00  1.0050E-02  6.7000E-01  0.0000E+00
  1.4100E-01  1.4150E-01  1.0000E+02  0.0000E+00  1.0050E-02  6.7000E-01  0.0000E+00
  1.4200E-01  1.4250E-01  1.0000E+02  0.0000E+00  1.0050E-02  6.7000E-01  0.0000E+00
  1.4300E-01  1.4350E-01  1.0000E+02  0.0000E+00  1.0050E-02  6.7000E-01  0.0000E+00
  1.4400E-01  1.4450E-01  1.0000E+02  0.0000E+00  1.0050E-02  6.7000E-01  0.0000E+00
  1.4500E-01  1.4550E-01  1.0000E+02  0.0000E+00  1.0050E-02  6.7000E-01  0.0000E+00
  1.4600E-01  1.4650E-01  1.0000E+02  0.0000E+00  1.0050E-02  6.7000E-01  0.0000E+00
  1.4700E-01  1.4750E-01  1.0000E+02  0.0000E+00  1.0050E-02  6.7000E-01  0.0000E+00
  1.4800E-01  1.4850E-01  1.0000E+02  0.0000E+00  1.0050E-02  6.7000E-01  0.0000E+00
  1.4900E-01  1.4950E-01  1.0000E+02  0.0000E+00  1.0050E-02  6.7000E-01  0.0000E+00
  1.5000E-01  1.5050E-01  1.0000E+02  0.0000E+00  1.0050E-02  6.7000E-01  0.0000E+00
  1.5100E-01  1.5150E-01  1.0000E+02  0.0000E+00  1.0050E-02  6.7000E-01  0.0000E+00
  1.5200E-01  1.5250E-01  1.0000E+02  0.0000E+00  1.0050E-02  6.7000E-01  0.0000E+00
  1.5300E-01  1.5350E-01  1.0000E+02  0.0000E+00  1.0050E-02  6.7000E-01  0.0000E+00
  1.5400E-01  1.5450E-01  1.0000E+02  0.0000E+00  1.0050E-02  6.7000E-01  0.0000E+00
  1.5500E-01  1.5550E-01  1.0000E+02  0.0000E+00  1.0050E-02  6.7000E-01  0.0000E+00
  1.5600E-01  1.5650E-01  1.0000E+02  0.0000E+00  1.0050E-02  6.7000E-01  0.0000E+00
  1.5700E-01  1.5750E-01  1.0000E+02  0.0000E+00  1.0050E-02  6.7000E-01  0.0000E+00
  1.5800E-01  1.5850E-01  1.0000E+02  0.0000E+00  1.0050E-02  6.7000E-01  0.0000E+00
  1.5900E-01  1.5950E-01  1.0000E+02  0.0000E+00  1.0050E-02  6.7000E-01  0.0000E+00
  1.6000E-01  1.6050E-01  1.0000E+02  0.0000E+00  1.0050E-02  6.7000E-01  0.0000E+00
  1.6100E-01  1.6150E-01  1.0000E+02  0.0000E+00  1.0050E-02  6.7000E-01  0.0000E+00
  1.6200E-01  1.6250E-01  1.0000E+02  0.0000E+00  1.0050E-02  6.7000E-01  0.0000E+00
  1.6300E-01  1.6350E-01  1.0000E+02  0.0000E+00  1.0050E-02  6.7000E-01  0.0000E+00
  1.6400E-01  1.6450E-01  1.0000E+02  0.0000E+00  1.0050E-02  6.7000E-01  0.0000E+00
  1.6500E-01  1.6550E-01  1.0000E+02  0.0000E+00  1.0050E-02  6.7000E-01  0.0000E+00
  1.6600E-01  1.6650E-01  1.0000E+02  0.0000E+00  1.0050E-02  6.7000E-01  0.0000E+00
  1.6700E-01  1.6750E-01  1.0000E+02  0.0000E+00  1.0050E-02  6.7000E-01  0.0000E+00
  1.6800E-01  1.6850E-01  1.0000E+02  0.0000E+00  1.0050E-02  6.7000E-01  0.0000E+00
  1.6900E-01  1.6950E-01  1.0000E+02  0.0000E+00  1.0050E-02  6.7000E-01  0.0000E+00
  1.7000E-01  1.7050E-01  1.0000E+02  0.0000E+00  1.0050E-02  6.7000E-01  0.0000E+00
  1.7100E-01  1.7150E-01  1.0000E+02  0.0000E+00  1.0050E-02  6.7000E-01  0.0000E+00
  1.7200E-01  1.7250E-01  1.0000E+02  0.0000E+00  1.0050E-02  6.7000E-01  0.0000E+00
  1.7300E-01  1.7350E-01  1.0000E+02  0.0000E+00  1.0050E-02  6.7000E-01  0.0000E+00
  1.7400E-01  1.7450E-01  1.0000E+02  0.0000E+00  1.0050E-02  6.7000E-01  0.0000E+00
  1.7500E-01  1.7550E-01  1.0000E+02  0.0000E+00  1.0050E-02  6.7000E-01  0.0000E+00
  1.7600E-01  1.7650E-01  1.0000E+02  0.0000E+00  1.0050E-02  6.7000E-01  0.0000E+00
  1.7700E-01  1.7750E-01  1.0000E+02  0.0000E+00  1.0050E-02  6.7000E-01  0.0000E+00
  1.7800E-01  1.7850E-01  1.0000E+02  0.0000E+00  1.0050E-02  6.7000E-01  0.0000E+00
  1.7900E-01  1.7950E-01  1.0000E+02  0.0000E+00  1.0050E-02  6.7000E-01  0.0000E+00
  1.8000E-01  1.8050E-01  1.0000E+02  0.0000E+00  1.0050E-02  6.7000E-01  0.0000E+00
  1.8100E-01  1.8150E-01  1.0000E+02  0.0000E+00  1.0050E-02  6.7000E-01  0.0000E+00
  1.8200E-01  1.8250E-01  1.0000E+02  0.0000E+00  1.0050E-02  6.7000E-01  0.0000E+00
  1.8300E-01  1.8350E-01  1.0000E+02  0.0000E+00  1.0050E-02  6.7000E-01  0.0000E+00
  1.8400E-01  1.8450E-01  1.0000E+02  0.0000E+00  1.0050E-02  6.7000E-01  0.0000E+00
  1.8500E-01  1.8550E-01  1.0000E+02  0.0000E+00  1.0050E-02  6.7000E-01  0.0000E+00
  1.8600E-01  1.8650E-01  1.0000E+02  0.0000E+00  1.0050E-02  6.7000E-01  0.0000E+00
  1.8700E-01  1.8750E-01  1.0000E+02  0.0000E+00  1.0050E-02  6.7000E-01  0.0000E+00
  1.8800E-01  1.8850E-01  1.0000E+02  0.0000E+00  1.0050E-02  6.7000E-01  0.0000E+00
  1.8900E-01  1.8950E-01  1.0000E+02  0.0000E+00  1.0050E-02  6.7000E-01  0.0000E+00
  1.9000E-01  1.9050E-01  1.0000E+02  0.0000E+00  1.0050E-02  6.7000E-01  0.0000E+00
  1.9100E-01  1.9150E-01  1.0000E+02  0.0000E+00  1.0050E-02  6.7000E-01  0.0000E+00
  1.9200E-01  1.9250E-01  1.0000E+02  0.0000E+00  1.0050E-02  6.7000E-01  0.0000E+00
  1.9300E-01  1.9350E-01  1.0000E+02  0.0000E+00  1.0050E-02  6.7000E-01  0.0000E+00
  1.9400E-01  1.9450E-01  1.0000E+02  0.0000E+00  1.0050E-02  6.7000E-01  0.0000E+00
  1.9500E-01  1.9550E-01  1.0000E+02  0.0000E+00  1.0050E-02  6.7000E-01  0.0000E+00
  1.9600E-01  1.9650E-01  1.0000E+02  0.0000E+00  1.0050E-02  6.7000E-01  0.0000E+00
  1.9700E-01  1.9750E-01  1.0000E+02  0.0000E+00  1.0050E-02  6.7000E-01  0.0000E+00
  1.9800E-01  1.9850E-01  1.0000E+02  0.0000E+00  1.0050E-02  6.7000E-01  0.0000E+00
  1.9900E-01  1.9950E-01  1.0000E+02  0.0000E+00  1.0050E-02  6.7000E-01  0.0000E+00
  2.0000E-01  2.0050E-01  1.0000E+02  0.0000E+00  1.0050E-02  6.7000E-01  0.0000E+00
  2.0100E-01  2.0150E-01  1.0000E+02  0.0000E+00  1.0050E-02  6.7000E-01  0.0000E+00
  2.0200E-01  2.0250E-01  1.0000E+02  0.0000E+00  1.0050E-02  6.7000E-01  0.0000E+00
  2.0300E-01  2.0350E-01  1.0000E+02  0.0000E+00  1.0050E-02  6.7000E-01  0.0000E+00
  2.0400E-01  2.0450E-01  1.0000E+02  0.0000E+00  1.0050E-02  6.7000E-01  0.0000E+00
  2.0500E-01  2.0550E-01  1.0000E+02  0.0000E+00  1.0050E-02  6.7000E-01  0.0000E+00
  2.0600E-01  2.0650E-01  1.0000E+02  0.0000E+00  1.0050E-02  6.7000E-01  0.0000E+00
  2.0700E-01  2.0750E-01  1.0000E+02  0.0000E+00  1.0050E-02  6.7000E-01  0.0000E+00
  2.0800E-01  2.0850E-01  1.0000E+02  0.0000E+00  1.0050E-02  6.7000E-01  0.0000E+00
  2.0900E-01  2.0950E-01  1.0000E+02  0.0000E+00  1.0050E-02  6.7000E-01  0.0000E+00
  2.1000E-01  2.1050E-01  1.0000E+02  0.0000E+00  1.0050E-02  6.7000E-01  0.0000E+00
  2.1100E-01  2.1150E-01  1.0000E+02  0.0000E+00  1.0050E-02  6.7000E-01  0.0000E+00
  2.1200E-01  2.1250E-01  1.0000E+02  0.0000E+00  1.0050E-02  6.7000E-01  0.0000E+00
  2.1300E-01  2.1350E-01  1.0000E+02  0.0000E+00  1.0050E-02  6.7000E-01  0.0000E+00
  2.1400E-01  2.1450E-01  1.0000E+02  0.0000E+00  1.0050E-02  6.7000E-01  0.0000E+00
  2.1500E-01  2.1550E-01  1.0000E+02  0.0000E+00  1.0050E-02  6.7000E-01  0.0000E+00
  2.1600E-01  2.1650E-01  1.0000E+02  0.0000E+00  1.0050E-02  6.7000E-01  0.0000E+00
  2.1700E-01  2.1750E-01  1.0000E+02  0.0000E+00  1.0050E-02  6.7000E-01  0.0000E+00
  2.1800E-01  2.1850E-01  1.0000E+02  2.2133E-18  1.0050E-02  6.7000E-01  2.2133E-16
  2.1900E-01  2.1950E-01  1.0000E+02  1.2173E-16  1.0050E-02  6.7000E-01  1.2173E-14
  2.2000E-01  2.2050E-01  1.0000E+02  4.3602E-16  1.0050E-02  6.7000E-01  4.3602E-14
  2.2100E-01  2.2150E-01  1.0000E+02  1.1996E-15  1.0050E-02  6.7000E-01  1.1996E-13
  2.2200E-01  2.2250E-01  1.0000E+02  3.3465E-15  1.0050E-02  6.7000E-01  3.3465E-13
  2.2300E-01  2.2350E-01  1.0000E+02  9.4575E-15  1.0050E-02  6.7000E-01  9.4575E-13
  2.2400E-01  2.2450E-01  1.0000E+02  2.7301E-14  1.0050E-02  6.7000E-01  2.7301E-12
  2.2500E-01  2.2550E-01  1.0000E+02  7.9013E-14  1.0050E-02  6.7000E-01  7.9013E-12
  2.2600E-01  2.2650E-01  1.0000E+02  2.2535E-13  1.0050E-02  6.7000E-01  2.2535E-11
  2.2700E-01  2.2750E-01  1.0000E+02  6.3309E-13  1.0050E-02  6.7000E-01  6.3309E-11
  2.2800E-01  2.2850E-01  1.0000E+02  1.7500E-12  1.0050E-02  6.7000E-01  1.7500E-10
  2.2900E-01  2.2950E-01  1.0000E+02  4.7570E-12  1.0050E-02  6.7000E-01  4.7570E-10
  2.3000E-01  2.3050E-01  1.0000E+02  1.2711E-11  1.0050E-02  6.7000E-01  1.2711E-09
  2.3100E-01  2.3150E-01  1.0000E+02  3.3373E-11  1.0050E-02  6.7000E-01  3.3373E-09
  2.3200E-01  2.3250E-01  1.0000E+02  8.6068E-11  1.0050E-02  6.7000E-01  8.6068E-09
  2.3300E-01  2.3350E-01  1.0000E+02  2.1796E-10  1.0050E-02  6.7000E-01  2.1796E-08
  2.3400E-01  2.3450E-01  1.0000E+02  5.4175E-10  1.0050E-02  6.7000E-01  5.4175E-08
  2.3500E-01  2.3550E-01  1.0000E+02  1.3211E-09  1.0050E-02  6.7000E-01  1.3211E-07
  2.3600E-01  2.3650E-01  1.0000E+02  3.1594E-09  1.0050E-02  6.7000E-01  3.1594E-07
  2.3700E-01  2.3750E-01  1.0000E+02  7.4061E-09  1.0050E-02  6.7000E-01  7.4061E-07
  2.3800E-01  2.3850E-01  1.0000E+02  1.7008E-08  1.0050E-02  6.7000E-01  1.7008E-06
  2.3900E-01  2.3950E-01  1.0000E+02  3.8246E-08  1.0050E-02  6.7000E-01  3.8246E-06
  2.4000E-01  2.4050E-01  1.0000E+02  8.4156E-08  1.0050E-02  6.7000E-01  8.4156E-06
  2.4100E-01  2.4150E-01  1.0000E+02  1.8109E-07  1.0050E-02  6.7000E-01  1.8109E-05
  2.4200E-01  2.4250E-01  9.9999E+01  3.8078E-07  1.0050E-02  6.6999E-01  3.8078E-05
  2.4300E-01  2.4350E-01  9.9999E+01  7.8183E-07  1.0050E-02  6.6999E-01  7.8182E-05
  2.4400E-01  2.4450E-01  9.9998E+01  1.5661E-06  1.0050E-02  6.6998E-01  1.5660E-04
  2.4500E-01  2.4550E-01  9.9996E+01  3.0574E-06  1.0050E-02  6.6996E-01  3.0573E-04
  2.4600E-01  2.4650E-01  9.9992E+01  5.8116E-06  1.0049E-02  6.6992E-01  5.8113E-04
  2.4700E-01  2.4750E-01  9.9985E+01  1.0743E-05  1.0049E-02  6.6986E-01  1.0742E-03
  2.4800E-01  2.4850E-01  9.9974E+01  1.9288E-05  1.0048E-02  6.6975E-01  1.9284E-03
  2.4900E-01  2.4950E-01  9.9956E+01  3.3590E-05  1.0047E-02  6.6956E-01  3.3578E-03
  2.5000E-01  2.5050E-01  9.9928E+01  5.6660E-05  1.0045E-02  6.6927E-01  5.6627E-03
  2.5100E-01  2.5150E-01  9.9884E+01  9.2446E-05  1.0042E-02  6.6883E-01  9.2359E-03
  2.5200E-01  2.5250E-01  9.9822E+01  1.4571E-04  1.0038E-02  6.6818E-01  1.4549E-02
  2.5300E-01  2.5350E-01  9.9735E+01  2.2162E-04  1.0032E-02  6.6727E-01  2.2113E-02
  2.5400E-01  2.5450E-01  9.9619E+01  3.2508E-04  1.0024E-02  6.6605E-01  3.2403E-02
  2.5500E-01  2.5550E-01  9.9473E+01  4.5984E-04  1.0015E-02  6.6450E-01  4.5776E-02
  2.5600E-01  2.5650E-01  9.9296E+01  6.2767E-04  1.0003E-02  6.6260E-01  6.2381E-02
  2.5700E-01  2.5750E-01  9.9091E+01  8.2792E-04  9.9890E-03  6.6038E-01  8.2124E-02
  2.5800E-01  2.5850E-01  9.8860E+01  1.0576E-03  9.9735E-03  6.5787E-01  1.0468E-01
  2.5900E-01  2.5950E-01  9.8609E+01  1.3121E-03  9.9566E-03  6.5513E-01  1.2955E-01
  2.6000E-01  2.6050E-01  9.8344E+01  1.5862E-03  9.9388E-03  6.5223E-01  1.5620E-01
  2.6100E-01  2.6150E-01  9.8068E+01  1.8747E-03  9.9202E-03  6.4920E-01  1.8410E-01
  2.6200E-01  2.6250E-01  9.7785E+01  2.1732E-03  9.9011E-03  6.4609E-01  2.1282E-01
  2.6300E-01  2.6350E-01  9.7498E+01  2.4787E-03  9.8817E-03  6.4294E-01  2.4202E-01
  2.6400E-01  2.6450E-01  9.7208E+01  2.7887E-03  9.8621E-03  6.3976E-01  2.7148E-01
  2.6500E-01  2.6550E-01  9.6916E+01  3.1017E-03  9.8424E-03  6.3657E-01  3.0106E-01
  2.6600E-01  2.6650E-01  9.6623E+01  3.4168E-03  9.8225E-03  6.3337E-01  3.3065E-01
  2.6700E-01  2.6750E-01  9.6330E+01  3.7334E-03  9.8027E-03  6.3017E-01  3.6019E-01
  2.6800E-01  2.6850E-01  9.6036E+01  4.0511E-03  9.7828E-03  6.2697E-01  3.8964E-01
  2.6900E-01  2.6950E-01  9.5743E+01  4.3695E-03  9.7628E-03  6.2378E-01  4.1899E-01
  2.7000E-01  2.7050E-01  9.5449E+01  4.6886E-03  9.7429E-03  6.2060E-01  4.4821E-01
  2.7100E-01  2.7150E-01  9.5156E+01  5.0081E-03  9.7229E-03  6.1742E-01  4.7728E-01
  2.7200E-01  2.7250E-01  9.4863E+01  5.3280E-03  9.7030E-03  6.1426E-01  5.0621E-01
  2.7300E-01  2.7350E-01  9.4571E+01  5.6482E-03  9.6830E-03  6.1111E-01  5.3498E-01
  2.7400E-01  2.7450E-01  9.4279E+01  5.9686E-03  9.6631E-03  6.0796E-01  5.6358E-01
  2.7500E-01  2.7550E-01  9.3987E+01  6.2892E-03  9.6432E-03  6.0483E-01  5.9202E-01
  2.7600E-01  2.7650E-01  9.3696E+01  6.6099E-03  9.6233E-03  6.0171E-01  6.2029E-01
  2.7700E-01  2.7750E-01  9.3406E+01  6.9308E-03  9.6034E-03  5.9860E-01  6.4838E-01
  2.7800E-01  2.7850E-01  9.3115E+01  7.2518E-03  9.5835E-03  5.9550E-01  6.7631E-01
  2.7900E-01  2.7950E-01  9.2826E+01  7.5728E-03  9.5636E-03  5.9242E-01  7.0405E-01
  2.8000E-01  2.8050E-01  9.2537E+01  7.8940E-03  9.5438E-03  5.8935E-01  7.3162E-01
  2.8100E-01  2.8150E-01  9.2248E+01  8.2151E-03  9.5239E-03  5.8629E-01  7.5902E-01
  2.8200E-01  2.8250E-01  9.1961E+01  8.5363E-03  9.5041E-03  5.8324E-01  7.8623E-01
  2.8300E-01  2.8350E-01  9.1673E+01  8.8575E-03  9.4843E-03  5.8021E-01  8.1327E-01
  2.8400E-01  2.8450E-01  9.1387E+01  9.1788E-03  9.4646E-03  5.7718E-01  8.4013E-01
  2.8500E-01  2.8550E-01  9.1100E+01  9.5000E-03  9.4448E-03  5.7417E-01  8.6682E-01
  2.8600E-01  2.8650E-01  9.0815E+01  9.8213E-03  9.4251E-03  5.7118E-01  8.9332E-01
  2.8700E-01  2.8750E-01  9.0530E+01  1.0143E-02  9.4054E-03  5.6819E-01  9.1965E-01
  2.8800E-01  2.8850E-01  9.0246E+01  1.0464E-02  9.3857E-03  5.6522E-01  9.4580E-01
  2.8900E-01  2.8950E-01  8.9962E+01  1.0785E-02  9.3660E-03  5.6226E-01  9.7178E-01
  2.9000E-01  2.9050E-01  8.9679E+01  1.1106E-02  9.3463E-03  5.5931E-01  9.9758E-01
  2.9100E-01  2.9150E-01  8.9396E+01  1.1428E-02  9.3267E-03  5.5638E-01  1.0232E+00
  2.9200E-01  2.9250E-01  8.9114E+01  1.1749E-02  9.3071E-03  5.5345E-01  1.0486E+00
  2.9300E-01  2.9350E-01  8.8833E+01  1.2070E-02  9.2875E-03  5.5054E-01  1.0739E+00
  2.9400E-01  2.9450E-01  8.8552E+01  1.2391E-02  9.2680E-03  5.4765E-01  1.0990E+00
  2.9500E-01  2.9550E-01  8.8272E+01  1.2712E-02  9.2484E-03  5.4476E-01  1.1239E+00
  2.9600E-01  2.9650E-01  8.7993E+01  1.3034E-02  9.2289E-03  5.4189E-01  1.1487E+00
  2.9700E-01  2.9750E-01  8.7714E+01  1.3355E-02  9.2094E-03  5.3903E-01  1.1733E+00
  2.9800E-01  2.9850E-01  8.7435E+01  1.3676E-02  9.1899E-03  5.3618E-01  1.1977E+00
  2.9900E-01  2.9950E-01  8.7158E+01  1.3997E-02  9.1705E-03  5.3334E-01  1.2219E+00
  3.0000E-01  3.0050E-01  8.6881E+01  1.4318E-02  9.1510E-03  5.3052E-01  1.2459E+00
  3.0100E-01  3.0150E-01  8.6604E+01  1.4639E-02  9.1316E-03  5.2771E-01  1.2698E+00
  3.0200E-01  3.0250E-01  8.6328E+01  1.4960E-02  9.1123E-03  5.2491E-01  1.2935E+00
  3.0300E-01  3.0350E-01  8.6053E+01  1.5281E-02  9.0929E-03  5.2212E-01  1.3171E+00
  3.0400E-01  3.0450E-01  8.5778E+01  1.5602E-02  9.0735E-03  5.1934E-01  1.3405E+00
  3.0500E-01  3.0550E-01  8.5504E+01  1.5923E-02  9.0542E-03  5.1658E-01  1.3637E+00
  3.0600E-01  3.0650E-01  8.5231E+01  1.6244E-02  9.0349E-03  5.1383E-01  1.3867E+00
  3.0700E-01  3.0750E-01  8.4958E+01  1.6565E-02  9.0156E-03  5.1109E-01  1.4096E+00
  3.0800E-01  3.0850E-01  8.4686E+01  1.6886E-02  8.9964E-03  5.0836E-01  1.4323E+00
  3.0900E-01  3.0950E-01  8.4414E+01  1.7207E-02  8.9772E-03  5.0564E-01  1.4548E+00
  3.1000E-01  3.1050E-01  8.4143E+01  1.7528E-02  8.9579E-03  5.0294E-01  1.4772E+00
  3.1100E-01  3.1150E-01  8.3872E+01  1.7849E-02  8.9387E-03  5.0025E-01  1.4994E+00
  3.1200E-01  3.1250E-01  8.3602E+01  1.8170E-02  8.9196E-03  4.9757E-01  1.5215E+00
  3.1300E-01  3.1350E-01  8.3333E+01  1.8490E-02  8.9004E-03  4.9490E-01  1.5433E+00
  3.1400E-01  3.1450E-01  8.3064E+01  1.8811E-02  8.8813E-03  4.9224E-01  1.5651E+00
  3.1500E-01  3.1550E-01  8.2796E+01  1.9132E-02  8.8622E-03  4.8959E-01  1.5866E+00
  3.1600E-01  3.1650E-01  8.2529E+01  1.9453E-02  8.8431E-03  4.8696E-01  1.6080E+00
  3.1700E-01  3.1750E-01  8.2262E+01  1.9773E-02  8.8241E-03  4.8434E-01  1.6292E+00
  3.1800E-01  3.1850E-01  8.1995E+01  2.0094E-02  8.8050E-03  4.8172E-01  1.6503E+00
  3.1900E-01  3.1950E-01  8.1730E+01  2.0415E-02  8.7860E-03  4.7912E-01  1.6712E+00
  3.2000E-01  3.2050E-01  8.1465E+01  2.0736E-02  8.7670E-03  4.7654E-01  1.6920E+00
  3.2100E-01  3.2150E-01  8.1200E+01  2.1056E-02  8.7480E-03  4.7396E-01  1.7125E+00
  3.2200E-01  3.2250E-01  8.0936E+01  2.1377E-02  8.7291E-03  4.7139E-01  1.7330E+00
  3.2300E-01  3.2350E-01  8.0673E+01  2.1697E-02  8.7102E-03  4.6884E-01  1.7532E+00
  3.2400E-01  3.2450E-01  8.0410E+01  2.2018E-02  8.6913E-03  4.6629E-01  1.7734E+00
  3.2500E-01  3.2550E-01  8.0148E+01  2.2339E-02  8.6724E-03  4.6376E-01  1.7933E+00
  3.2600E-01  3.2650E-01  7.9886E+01  2.2659E-02  8.6535E-03  4.6124E-01  1.8131E+00
  3.2700E-01  3.2750E-01  7.9625E+01  2.2980E-02  8.6347E-03  4.5873E-01  1.8328E+00
  3.2800E-01  3.2850E-01  7.9364E+01  2.3300E-02  8.6158E-03  4.5623E-01  1.8523E+00
  3.2900E-01  3.2950E-01  7.9104E+01  2.3621E-02  8.5971E-03  4.5374E-01  1.8716E+00
  3.3000E-01  3.3050E-01  7.8845E+01  2.3941E-02  8.5783E-03  4.5127E-01  1.8908E+00
  3.3100E-01  3.3150E-01  7.8586E+01  2.4262E-02  8.5595E-03  4.4880E-01  1.9098E+00
  3.3200E-01  3.3250E-01  7.8328E+01  2.4582E-02  8.5408E-03  4.4634E-01  1.9287E+00
  3.3300E-01  3.3350E-01  7.8071E+01  2.4903E-02  8.5221E-03  4.4390E-01  1.9474E+00
  3.3400E-01  3.3450E-01  7.7813E+01  2.5223E-02  8.5034E-03  4.4147E-01  1.9660E+00
  3.3500E-01  3.3550E-01  7.7557E+01  2.5544E-02  8.4847E-03  4.3904E-01  1.9844E+00
  3.3600E-01  3.3650E-01  7.7301E+01  2.5864E-02  8.4661E-03  4.3663E-01  2.0026E+00
  3.3700E-01  3.3750E-01  7.7046E+01  2.6185E-02  8.4474E-03  4.3423E-01  2.0208E+00
  3.3800E-01  3.3850E-01  7.6791E+01  2.6505E-02  8.4288E-03  4.3184E-01  2.0387E+00
  3.3900E-01  3.3950E-01  7.6537E+01  2.6825E-02  8.4102E-03  4.2946E-01  2.0565E+00
  3.4000E-01  3.4050E-01  7.6283E+01  2.7146E-02  8.3917E-03  4.2709E-01  2.0742E+00
  3.4100E-01  3.4150E-01  7.6030E+01  2.7466E-02  8.3731E-03  4.2473E-01  2.0917E+00
  3.4200E-01  3.4250E-01  7.5778E+01  2.7787E-02  8.3546E-03  4.2238E-01  2.1091E+00
  3.4300E-01  3.4350E-01  7.5526E+01  2.8107E-02  8.3361E-03  4.2004E-01  2.1263E+00
  3.4400E-01  3.4450E-01  7.5275E+01  2.8427E-02  8.3176E-03  4.1772E-01  2.1434E+00
  3.4500E-01  3.4550E-01  7.5024E+01  2.8748E-02  8.2992E-03  4.1540E-01  2.1604E+00
  3.4600E-01  3.4650E-01  7.4774E+01  2.9068E-02  8.2807E-03  4.1309E-01  2.1771E+00
  3.4700E-01  3.4750E-01  7.4524E+01  2.9388E-02  8.2623E-03  4.1080E-01  2.1938E+00
  3.4800E-01  3.4850E-01  7.4275E+01  2.9708E-02  8.2439E-03  4.0851E-01  2.2103E+00
  3.4900E-01  3.4950E-01  7.4026E+01  3.0029E-02  8.2256E-03  4.0624E-01  2.2266E+00
  3.5000E-01  3.5050E-01  7.3778E+01  3.0349E-02  8.2072E-03  4.0397E-01  2.2429E+00
  3.5100E-01  3.5150E-01  7.3531E+01  3.0669E-02  8.1889E-03  4.0171E-01  2.2589E+00
  3.5200E-01  3.5250E-01  7.3284E+01  3.0990E-02  8.1706E-03  3.9947E-01  2.2749E+00
  3.5300E-01  3.5350E-01  7.3038E+01  3.1310E-02  8.1523E-03  3.9723E-01  2.2907E+00
  3.5400E-01  3.5450E-01  7.2792E+01  3.1630E-02  8.1340E-03  3.9501E-01  2.3063E+00
  3.5500E-01  3.5550E-01  7.2547E+01  3.1950E-02  8.1158E-03  3.9279E-01  2.3218E+00
  3.5600E-01  3.5650E-01  7.2302E+01  3.2270E-02  8.0976E-03  3.9059E-01  2.3372E+00
  3.5700E-01  3.5750E-01  7.2058E+01  3.2591E-02  8.0793E-03  3.8839E-01  2.3524E+00
  3.5800E-01  3.5850E-01  7.1815E+01  3.2911E-02  8.0612E-03  3.8621E-01  2.3675E+00
  3.5900E-01  3.5950E-01  7.1572E+01  3.3231E-02  8.0430E-03  3.8403E-01  2.3824E+00
  3.6000E-01  3.6050E-01  7.1330E+01  3.3551E-02  8.0249E-03  3.8187E-01  2.3973E+00
  3.6100E-01  3.6150E-01  7.1088E+01  3.3871E-02  8.0067E-03  3.7971E-01  2.4119E+00
  3.6200E-01  3.6250E-01  7.0846E+01  3.4192E-02  7.9887E-03  3.7757E-01  2.4265E+00
  3.6300E-01  3.6350E-01  7.0606E+01  3.4512E-02  7.9706E-03  3.7543E-01  2.4409E+00
  3.6400E-01  3.6450E-01  7.0365E+01  3.4832E-02  7.9525E-03  3.7330E-01  2.4551E+00
  3.6500E-01  3.6550E-01  7.0126E+01  3.5152E-02  7.9345E-03  3.7119E-01  2.4693E+00
  3.6600E-01  3.6650E-01  6.9887E+01  3.5472E-02  7.9165E-03  3.6908E-01  2.4833E+00
  3.6700E-01  3.6750E-01  6.9648E+01  3.5792E-02  7.8985E-03  3.6698E-01  2.4971E+00
  3.6800E-01  3.6850E-01  6.9410E+01  3.6112E-02  7.8805E-03  3.6490E-01  2.5109E+00
  3.6900E-01  3.6950E-01  6.9173E+01  3.6433E-02  7.8626E-03  3.6282E-01  2.5245E+00
  3.7000E-01  3.7050E-01  6.8936E+01  3.6753E-02  7.8446E-03  3.6075E-01  2.5379E+00
  3.7100E-01  3.7150E-01  6.8699E+01  3.7073E-02  7.8267E-03  3.5869E-01  2.5513E+00
  3.7200E-01  3.7250E-01  6.8464E+01  3.7393E-02  7.8088E-03  3.5664E-01  2.5645E+00
  3.7300E-01  3.7350E-01  6.8228E+01  3.7713E-02  7.7910E-03  3.5460E-01  2.5775E+00
  3.7400E-01  3.7450E-01  6.7993E+01  3.8033E-02  7.7731E-03  3.5257E-01  2.5905E+00
  3.7500E-01  3.7550E-01  6.7759E+01  3.8353E-02  7.7553E-03  3.5055E-01  2.6033E+00
  3.7600E-01  3.7650E-01  6.7526E+01  3.8673E-02  7.7375E-03  3.4853E-01  2.6160E+00
  3.7700E-01  3.7750E-01  6.7292E+01  3.8993E-02  7.7197E-03  3.4653E-01  2.6285E+00
  3.7800E-01  3.7850E-01  6.7060E+01  3.9313E-02  7.7019E-03  3.4454E-01  2.6409E+00
  3.7900E-01  3.7950E-01  6.6828E+01  3.9633E-02  7.6842E-03  3.4255E-01  2.6532E+00
  3.8000E-01  3.8050E-01  6.6596E+01  3.9954E-02  7.6665E-03  3.4058E-01  2.6654E+00
  3.8100E-01  3.8150E-01  6.6365E+01  4.0274E-02  7.6488E-03  3.3861E-01  2.6774E+00
  3.8200E-01  3.8250E-01  6.6135E+01  4.0594E-02  7.6311E-03  3.3665E-01  2.6893E+00
  3.8300E-01  3.8350E-01  6.5905E+01  4.0914E-02  7.6134E-03  3.3471E-01  2.7011E+00
  3.8400E-01  3.8450E-01  6.5676E+01  4.1234E-02  7.5958E-03  3.3277E-01  2.7128E+00
  3.8500E-01  3.8550E-01  6.5447E+01  4.1554E-02  7.5782E-03  3.3084E-01  2.7243E+00
  3.8600E-01  3.8650E-01  6.5218E+01  4.1874E-02  7.5606E-03  3.2892E-01  2.7357E+00
  3.8700E-01  3.8750E-01  6.4991E+01  4.2194E-02  7.5430E-03  3.2700E-01  2.7470E+00
  3.8800E-01  3.8850E-01  6.4763E+01  4.2514E-02  7.5255E-03  3.2510E-01  2.7582E+00
  3.8900E-01  3.8950E-01  6.4537E+01  4.2834E-02  7.5079E-03  3.2321E-01  2.7692E+00
  3.9000E-01  3.9050E-01  6.4310E+01  4.3154E-02  7.4904E-03  3.2132E-01  2.7801E+00
  3.9100E-01  3.9150E-01  6.4085E+01  4.3474E-02  7.4729E-03  3.1944E-01  2.7909E+00
  3.9200E-01  3.9250E-01  6.3860E+01  4.3794E-02  7.4554E-03  3.1758E-01  2.8016E+00
  3.9300E-01  3.9350E-01  6.3635E+01  4.4114E-02  7.4380E-03  3.1572E-01  2.8122E+00
  3.9400E-01  3.9450E-01  6.3411E+01  4.4434E-02  7.4206E-03  3.1387E-01  2.8226E+00
  3.9500E-01  3.9550E-01  6.3187E+01  4.4754E-02  7.4032E-03  3.1203E-01  2.8329E+00
  3.9600E-01  3.9650E-01  6.2964E+01  4.5074E-02  7.3858E-03  3.1019E-01  2.8431E+00
  3.9700E-01  3.9750E-01  6.2742E+01  4.5394E-02  7.3684E-03  3.0837E-01  2.8532E+00
  3.9800E-01  3.9850E-01  6.2520E+01  4.5714E-02  7.3511E-03  3.0655E-01  2.8631E+00
  3.9900E-01  3.9950E-01  6.2298E+01  4.6034E-02  7.3337E-03  3.0474E-01  2.8730E+00
  4.0000E-01  4.0050E-01  6.2078E+01  4.6354E-02  7.3164E-03  3.0295E-01  2.8827E+00
  4.0100E-01  4.0150E-01  6.1857E+01  4.6674E-02  7.2991E-03  3.0116E-01  2.8923E+00
  4.0200E-01  4.0250E-01  6.1637E+01  4.6994E-02  7.2819E-03  2.9937E-01  2.9018E+00
  4.0300E-01  4.0350E-01  6.1418E+01  4.7314E-02  7.2646E-03  2.9760E-01  2.9111E+00
  4.0400E-01  4.0450E-01  6.1199E+01  4.7634E-02  7.2474E-03  2.9584E-01  2.9204E+00
  4.0500E-01  4.0550E-01  6.0981E+01  4.7954E-02  7.2302E-03  2.9408E-01  2.9295E+00
  4.0600E-01  4.0650E-01  6.0763E+01  4.8274E-02  7.2130E-03  2.9233E-01  2.9385E+00
  4.0700E-01  4.0750E-01  6.0546E+01  4.8594E-02  7.1959E-03  2.9059E-01  2.9474E+00
  4.0800E-01  4.0850E-01  6.0329E+01  4.8914E-02  7.1787E-03  2.8886E-01  2.9562E+00
  4.0900E-01  4.0950E-01  6.0113E+01  4.9234E-02  7.1616E-03  2.8714E-01  2.9649E+00
  4.1000E-01  4.1050E-01  5.9897E+01  4.9554E-02  7.1445E-03  2.8542E-01  2.9735E+00
  4.1100E-01  4.1150E-01  5.9682E+01  4.9874E-02  7.1274E-03  2.8372E-01  2.9819E+00
  4.1200E-01  4.1250E-01  5.9467E+01  5.0194E-02  7.1104E-03  2.8202E-01  2.9903E+00
  4.1300E-01  4.1350E-01  5.9253E+01  5.0514E-02  7.0933E-03  2.8033E-01  2.9985E+00
  4.1400E-01  4.1450E-01  5.9039E+01  5.0834E-02  7.0763E-03  2.7864E-01  3.0066E+00
  4.1500E-01  4.1550E-01  5.8826E+01  5.1154E-02  7.0593E-03  2.7697E-01  3.0146E+00
  4.1600E-01  4.1650E-01  5.8613E+01  5.1474E-02  7.0423E-03  2.7530E-01  3.0225E+00
  4.1700E-01  4.1750E-01  5.8401E+01  5.1794E-02  7.0254E-03  2.7365E-01  3.0303E+00
  4.1800E-01  4.1850E-01  5.8189E+01  5.2114E-02  7.0085E-03  2.7200E-01  3.0380E+00
  4.1900E-01  4.1950E-01  5.7978E+01  5.2434E-02  6.9915E-03  2.7035E-01  3.0456E+00
  4.2000E-01  4.2050E-01  5.7767E+01  5.2754E-02  6.9747E-03  2.6872E-01  3.0530E+00
  4.2100E-01  4.2150E-01  5.7557E+01  5.3074E-02  6.9578E-03  2.6709E-01  3.0604E+00
  4.2200E-01  4.2250E-01  5.7348E+01  5.3394E-02  6.9409E-03  2.6547E-01  3.0676E+00
  4.2300E-01  4.2350E-01  5.7139E+01  5.3714E-02  6.9241E-03  2.6386E-01  3.0748E+00
  4.2400E-01  4.2450E-01  5.6930E+01  5.4034E-02  6.9073E-03  2.6226E-01  3.0818E+00
  4.2500E-01  4.2550E-01  5.6722E+01  5.4354E-02  6.8905E-03  2.6067E-01  3.0887E+00
  4.2600E-01  4.2650E-01  5.6514E+01  5.4674E-02  6.8737E-03  2.5908E-01  3.0956E+00
  4.2700E-01  4.2750E-01  5.6307E+01  5.4994E-02  6.8570E-03  2.5750E-01  3.1023E+00
  4.2800E-01  4.2850E-01  5.6101E+01  5.5314E-02  6.8403E-03  2.5593E-01  3.1089E+00
  4.2900E-01  4.2950E-01  5.5895E+01  5.5634E-02  6.8235E-03  2.5436E-01  3.1154E+00
  4.3000E-01  4.3050E-01  5.5689E+01  5.5954E-02  6.8069E-03  2.5281E-01  3.1218E+00
  4.3100E-01  4.3150E-01  5.5484E+01  5.6274E-02  6.7902E-03  2.5126E-01  3.1281E+00
  4.3200E-01  4.3250E-01  5.5279E+01  5.6594E-02  6.7736E-03  2.4972E-01  3.1343E+00
  4.3300E-01  4.3350E-01  5.5075E+01  5.6914E-02  6.7569E-03  2.4818E-01  3.1404E+00
  4.3400E-01  4.3450E-01  5.4872E+01  5.7234E-02  6.7403E-03  2.4666E-01  3.1464E+00
  4.3500E-01  4.3550E-01  5.4669E+01  5.7554E-02  6.7237E-03  2.4514E-01  3.1523E+00
  4.3600E-01  4.3650E-01  5.4466E+01  5.7874E-02  6.7072E-03  2.4363E-01  3.1580E+00
  4.3700E-01  4.3750E-01  5.4264E+01  5.8194E-02  6.6906E-03  2.4212E-01  3.1637E+00
  4.3800E-01  4.3850E-01  5.4062E+01  5.8514E-02  6.6741E-03  2.4063E-01  3.1693E+00
  4.3900E-01  4.3950E-01  5.3861E+01  5.8834E-02  6.6576E-03  2.3914E-01  3.1748E+00
  4.4000E-01  4.4050E-01  5.3661E+01  5.9154E-02  6.6411E-03  2.3766E-01  3.1802E+00
  4.4100E-01  4.4150E-01  5.3461E+01  5.9474E-02  6.6247E-03  2.3618E-01  3.1855E+00
  4.4200E-01  4.4250E-01  5.3261E+01  5.9794E-02  6.6082E-03  2.3472E-01  3.1907E+00
  4.4300E-01  4.4350E-01  5.3062E+01  6.0114E-02  6.5918E-03  2.3326E-01  3.1958E+00
  4.4400E-01  4.4450E-01  5.2863E+01  6.0434E-02  6.5754E-03  2.3180E-01  3.2008E+00
  4.4500E-01  4.4550E-01  5.2665E+01  6.0755E-02  6.5590E-03  2.3036E-01  3.2057E+00
  4.4600E-01  4.4650E-01  5.2467E+01  6.1075E-02  6.5427E-03  2.2892E-01  3.2105E+00
  4.4700E-01  4.4750E-01  5.2270E+01  6.1395E-02  6.5263E-03  2.2749E-01  3.2152E+00
  4.4800E-01  4.4850E-01  5.2074E+01  6.1715E-02  6.5100E-03  2.2607E-01  3.2198E+00
  4.4900E-01  4.4950E-01  5.1877E+01  6.2035E-02  6.4937E-03  2.2465E-01  3.2243E+00
  4.5000E-01  4.5050E-01  5.1682E+01  6.2355E-02  6.4775E-03  2.2324E-01  3.2287E+00
  4.5100E-01  4.5150E-01  5.1487E+01  6.2675E-02  6.4612E-03  2.2184E-01  3.2330E+00
  4.5200E-01  4.5250E-01  5.1292E+01  6.2995E-02  6.4450E-03  2.2044E-01  3.2373E+00
  4.5300E-01  4.5350E-01  5.1098E+01  6.3315E-02  6.4288E-03  2.1905E-01  3.2414E+00
  4.5400E-01  4.5450E-01  5.0904E+01  6.3635E-02  6.4126E-03  2.1767E-01  3.2454E+00
  4.5500E-01  4.5550E-01  5.0711E+01  6.3955E-02  6.3964E-03  2.1630E-01  3.2494E+00
  4.5600E-01  4.5650E-01  5.0518E+01  6.4275E-02  6.3802E-03  2.1493E-01  3.2532E+00
  4.5700E-01  4.5750E-01  5.0326E+01  6.4595E-02  6.3641E-03  2.1357E-01  3.2570E+00
  4.5800E-01  4.5850E-01  5.0134E+01  6.4915E-02  6.3480E-03  2.1222E-01  3.2607E+00
  4.5900E-01  4.5950E-01  4.9943E+01  6.5235E-02  6.3319E-03  2.1087E-01  3.2643E+00
  4.6000E-01  4.6050E-01  4.9752E+01  6.5555E-02  6.3158E-03  2.0953E-01  3.2677E+00
  4.6100E-01  4.6150E-01  4.9561E+01  6.5875E-02  6.2998E-03  2.0820E-01  3.2711E+00
  4.6200E-01  4.6250E-01  4.9372E+01  6.6195E-02  6.2838E-03  2.0687E-01  3.2745E+00
  4.6300E-01  4.6350E-01  4.9182E+01  6.6515E-02  6.2678E-03  2.0555E-01  3.2777E+00
  4.6400E-01  4.6450E-01  4.8993E+01  6.6836E-02  6.2518E-03  2.0424E-01  3.2808E+00
  4.6500E-01  4.6550E-01  4.8805E+01  6.7156E-02  6.2358E-03  2.0293E-01  3.2839E+00
  4.6600E-01  4.6650E-01  4.8617E+01  6.7476E-02  6.2199E-03  2.0163E-01  3.2868E+00
  4.6700E-01  4.6750E-01  4.8430E+01  6.7796E-02  6.2039E-03  2.0034E-01  3.2897E+00
  4.6800E-01  4.6850E-01  4.8243E+01  6.8116E-02  6.1880E-03  1.9905E-01  3.2925E+00
  4.6900E-01  4.6950E-01  4.8056E+01  6.8436E-02  6.1721E-03  1.9778E-01  3.2951E+00
  4.7000E-01  4.7050E-01  4.7870E+01  6.8756E-02  6.1563E-03  1.9650E-01  3.2978E+00
  4.7100E-01  4.7150E-01  4.7685E+01  6.9076E-02  6.1404E-03  1.9524E-01  3.3003E+00
  4.7200E-01  4.7250E-01  4.7499E+01  6.9396E-02  6.1246E-03  1.9398E-01  3.3027E+00
  4.7300E-01  4.7350E-01  4.7315E+01  6.9716E-02  6.1088E-03  1.9272E-01  3.3051E+00
  4.7400E-01  4.7450E-01  4.7131E+01  7.0036E-02  6.0930E-03  1.9148E-01  3.3073E+00
  4.7500E-01  4.7550E-01  4.6947E+01  7.0357E-02  6.0773E-03  1.9024E-01  3.3095E+00
  4.7600E-01  4.7650E-01  4.6764E+01  7.0677E-02  6.0615E-03  1.8900E-01  3.3116E+00
  4.7700E-01  4.7750E-01  4.6581E+01  7.0997E-02  6.0458E-03  1.8777E-01  3.3136E+00
  4.7800E-01  4.7850E-01  4.6399E+01  7.1317E-02  6.0301E-03  1.8655E-01  3.3155E+00
  4.7900E-01  4.7950E-01  4.6217E+01  7.1637E-02  6.0144E-03  1.8534E-01  3.3174E+00
  4.8000E-01  4.8050E-01  4.6036E+01  7.1957E-02  5.9988E-03  1.8413E-01  3.3191E+00
  4.8100E-01  4.8150E-01  4.5855E+01  7.2277E-02  5.9831E-03  1.8293E-01  3.3208E+00
  4.8200E-01  4.8250E-01  4.5675E+01  7.2597E-02  5.9675E-03  1.8173E-01  3.3224E+00
  4.8300E-01  4.8350E-01  4.5495E+01  7.2917E-02  5.9519E-03  1.8054E-01  3.3239E+00
  4.8400E-01  4.8450E-01  4.5316E+01  7.3238E-02  5.9364E-03  1.7936E-01  3.3254E+00
  4.8500E-01  4.8550E-01  4.5137E+01  7.3558E-02  5.9208E-03  1.7818E-01  3.3267E+00
  4.8600E-01  4.8650E-01  4.4958E+01  7.3878E-02  5.9053E-03  1.7701E-01  3.3280E+00
  4.8700E-01  4.8750E-01  4.4780E+01  7.4198E-02  5.8897E-03  1.7584E-01  3.3292E+00
  4.8800E-01  4.8850E-01  4.4603E+01  7.4518E-02  5.8743E-03  1.7468E-01  3.3303E+00
  4.8900E-01  4.8950E-01  4.4426E+01  7.4838E-02  5.8588E-03  1.7353E-01  3.3314E+00
  4.9000E-01  4.9050E-01  4.4249E+01  7.5158E-02  5.8433E-03  1.7239E-01  3.3323E+00
  4.9100E-01  4.9150E-01  4.4073E+01  7.5479E-02  5.8279E-03  1.7124E-01  3.3332E+00
  4.9200E-01  4.9250E-01  4.3897E+01  7.5799E-02  5.8125E-03  1.7011E-01  3.3340E+00
  4.9300E-01  4.9350E-01  4.3722E+01  7.6119E-02  5.7971E-03  1.6898E-01  3.3347E+00
  4.9400E-01  4.9450E-01  4.3547E+01  7.6439E-02  5.7817E-03  1.6786E-01  3.3354E+00
  4.9500E-01  4.9550E-01  4.3373E+01  7.6759E-02  5.7664E-03  1.6674E-01  3.3360E+00
  4.9600E-01  4.9650E-01  4.3199E+01  7.7079E-02  5.7511E-03  1.6563E-01  3.3364E+00
  4.9700E-01  4.9750E-01  4.3026E+01  7.7400E-02  5.7357E-03  1.6453E-01  3.3369E+00
  4.9800E-01  4.9850E-01  4.2853E+01  7.7720E-02  5.7205E-03  1.6343E-01  3.3372E+00
  4.9900E-01  4.9950E-01  4.2680E+01  7.8040E-02  5.7052E-03  1.6234E-01  3.3375E+00
  5.0000E-01  5.0050E-01  4.2508E+01  7.8360E-02  5.6899E-03  1.6125E-01  3.3377E+00
  5.0100E-01  5.0150E-01  4.2337E+01  7.8680E-02  5.6747E-03  1.6017E-01  3.3378E+00
  5.0200E-01  5.0250E-01  4.2166E+01  7.9000E-02  5.6595E-03  1.5909E-01  3.3379E+00
  5.0300E-01  5.0350E-01  4.1995E+01  7.9321E-02  5.6443E-03  1.5802E-01  3.3378E+00
  5.0400E-01  5.0450E-01  4.1825E+01  7.9641E-02  5.6292E-03  1.5696E-01  3.3377E+00
  5.0500E-01  5.0550E-01  4.1655E+01  7.9961E-02  5.6140E-03  1.5590E-01  3.3376E+00
  5.0600E-01  5.0650E-01  4.1486E+01  8.0281E-02  5.5989E-03  1.5485E-01  3.3373E+00
  5.0700E-01  5.0750E-01  4.1317E+01  8.0601E-02  5.5838E-03  1.5380E-01  3.3370E+00
  5.0800E-01  5.0850E-01  4.1149E+01  8.0922E-02  5.5687E-03  1.5276E-01  3.3366E+00
  5.0900E-01  5.0950E-01  4.0981E+01  8.1242E-02  5.5537E-03  1.5172E-01  3.3362E+00
  5.1000E-01  5.1050E-01  4.0813E+01  8.1562E-02  5.5386E-03  1.5069E-01  3.3356E+00
  5.1100E-01  5.1150E-01  4.0646E+01  8.1882E-02  5.5236E-03  1.4967E-01  3.3351E+00
  5.1200E-01  5.1250E-01  4.0480E+01  8.2202E-02  5.5086E-03  1.4865E-01  3.3344E+00
  5.1300E-01  5.1350E-01  4.0314E+01  8.2523E-02  5.4936E-03  1.4764E-01  3.3337E+00
  5.1400E-01  5.1450E-01  4.0148E+01  8.2843E-02  5.4787E-03  1.4663E-01  3.3328E+00
  5.1500E-01  5.1550E-01  3.9983E+01  8.3163E-02  5.4637E-03  1.4563E-01  3.3320E+00
  5.1600E-01  5.1650E-01  3.9818E+01  8.3483E-02  5.4488E-03  1.4463E-01  3.3310E+00
  5.1700E-01  5.1750E-01  3.9654E+01  8.3803E-02  5.4339E-03  1.4364E-01  3.3300E+00
  5.1800E-01  5.1850E-01  3.9490E+01  8.4124E-02  5.4191E-03  1.4265E-01  3.3289E+00
  5.1900E-01  5.1950E-01  3.9327E+01  8.4444E-02  5.4042E-03  1.4167E-01  3.3278E+00
  5.2000E-01  5.2050E-01  3.9164E+01  8.4764E-02  5.3894E-03  1.4070E-01  3.3266E+00
  5.2100E-01  5.2150E-01  3.9001E+01  8.5084E-02  5.3746E-03  1.3973E-01  3.3253E+00
  5.2200E-01  5.2250E-01  3.8839E+01  8.5405E-02  5.3598E-03  1.3876E-01  3.3240E+00
  5.2300E-01  5.2350E-01  3.8678E+01  8.5725E-02  5.3450E-03  1.3780E-01  3.3226E+00
  5.2400E-01  5.2450E-01  3.8517E+01  8.6045E-02  5.3303E-03  1.3685E-01  3.3211E+00
  5.2500E-01  5.2550E-01  3.8356E+01  8.6365E-02  5.3155E-03  1.3590E-01  3.3195E+00
  5.2600E-01  5.2650E-01  3.8196E+01  8.6685E-02  5.3008E-03  1.3496E-01  3.3179E+00
  5.2700E-01  5.2750E-01  3.8036E+01  8.7006E-02  5.2861E-03  1.3402E-01  3.3163E+00
  5.2800E-01  5.2850E-01  3.7876E+01  8.7326E-02  5.2715E-03  1.3309E-01  3.3145E+00
  5.2900E-01  5.2950E-01  3.7717E+01  8.7646E-02  5.2568E-03  1.3216E-01  3.3127E+00
  5.3000E-01  5.3050E-01  3.7559E+01  8.7966E-02  5.2422E-03  1.3124E-01  3.3109E+00
  5.3100E-01  5.3150E-01  3.7401E+01  8.8287E-02  5.2276E-03  1.3032E-01  3.3090E+00
  5.3200E-01  5.3250E-01  3.7243E+01  8.8607E-02  5.2130E-03  1.2941E-01  3.3070E+00
  5.3300E-01  5.3350E-01  3.7086E+01  8.8927E-02  5.1985E-03  1.2850E-01  3.3049E+00
  5.3400E-01  5.3450E-01  3.6929E+01  8.9247E-02  5.1839E-03  1.2760E-01  3.3028E+00
  5.3500E-01  5.3550E-01  3.6773E+01  8.9567E-02  5.1694E-03  1.2670E-01  3.3007E+00
  5.3600E-01  5.3650E-01  3.6617E+01  8.9888E-02  5.1549E-03  1.2581E-01  3.2984E+00
  5.3700E-01  5.3750E-01  3.6462E+01  9.0208E-02  5.1404E-03  1.2493E-01  3.2962E+00
  5.3800E-01  5.3850E-01  3.6307E+01  9.0528E-02  5.1260E-03  1.2404E-01  3.2938E+00
  5.3900E-01  5.3950E-01  3.6152E+01  9.0848E-02  5.1115E-03  1.2317E-01  3.2914E+00
  5.4000E-01  5.4050E-01  3.5998E+01  9.1169E-02  5.0971E-03  1.2230E-01  3.2889E+00
  5.4100E-01  5.4150E-01  3.5844E+01  9.1489E-02  5.0827E-03  1.2143E-01  3.2864E+00
  5.4200E-01  5.4250E-01  3.5691E+01  9.1809E-02  5.0683E-03  1.2057E-01  3.2838E+00
  5.4300E-01  5.4350E-01  3.5538E+01  9.2129E-02  5.0540E-03  1.1971E-01  3.2812E+00
  5.4400E-01  5.4450E-01  3.5386E+01  9.2449E-02  5.0397E-03  1.1886E-01  3.2785E+00
  5.4500E-01  5.4550E-01  3.5234E+01  9.2770E-02  5.0253E-03  1.1801E-01  3.2757E+00
  5.4600E-01  5.4650E-01  3.5083E+01  9.3090E-02  5.0111E-03  1.1717E-01  3.2729E+00
  5.4700E-01  5.4750E-01  3.4932E+01  9.3410E-02  4.9968E-03  1.1633E-01  3.2700E+00
  5.4800E-01  5.4850E-01  3.4781E+01  9.3730E-02  4.9825E-03  1.1550E-01  3.2671E+00
  5.4900E-01  5.4950E-01  3.4631E+01  9.4051E-02  4.9683E-03  1.1467E-01  3.2641E+00
  5.5000E-01  5.5050E-01  3.4481E+01  9.4371E-02  4.9541E-03  1.1385E-01  3.2611E+00
  5.5100E-01  5.5150E-01  3.4332E+01  9.4691E-02  4.9399E-03  1.1303E-01  3.2580E+00
  5.5200E-01  5.5250E-01  3.4183E+01  9.5011E-02  4.9258E-03  1.1222E-01  3.2548E+00
  5.5300E-01  5.5350E-01  3.4034E+01  9.5331E-02  4.9116E-03  1.1141E-01  3.2516E+00
  5.5400E-01  5.5450E-01  3.3886E+01  9.5651E-02  4.8975E-03  1.1060E-01  3.2483E+00
  5.5500E-01  5.5550E-01  3.3739E+01  9.5972E-02  4.8834E-03  1.0980E-01  3.2450E+00
  5.5600E-01  5.5650E-01  3.3591E+01  9.6292E-02  4.8693E-03  1.0901E-01  3.2417E+00
  5.5700E-01  5.5750E-01  3.3445E+01  9.6612E-02  4.8553E-03  1.0822E-01  3.2382E+00
  5.5800E-01  5.5850E-01  3.3298E+01  9.6932E-02  4.8412E-03  1.0743E-01  3.2348E+00
  5.5900E-01  5.5950E-01  3.3152E+01  9.7252E-02  4.8272E-03  1.0665E-01  3.2312E+00
  5.6000E-01  5.6050E-01  3.3007E+01  9.7572E-02  4.8132E-03  1.0587E-01  3.2277E+00
  5.6100E-01  5.6150E-01  3.2862E+01  9.7893E-02  4.7992E-03  1.0510E-01  3.2240E+00
  5.6200E-01  5.6250E-01  3.2717E+01  9.8213E-02  4.7853E-03  1.0433E-01  3.2203E+00
  5.6300E-01  5.6350E-01  3.2573E+01  9.8533E-02  4.7714E-03  1.0357E-01  3.2166E+00
  5.6400E-01  5.6450E-01  3.2429E+01  9.8853E-02  4.7574E-03  1.0281E-01  3.2128E+00
  5.6500E-01  5.6550E-01  3.2286E+01  9.9173E-02  4.7436E-03  1.0206E-01  3.2090E+00
  5.6600E-01  5.6650E-01  3.2143E+01  9.9493E-02  4.7297E-03  1.0131E-01  3.2051E+00
  5.6700E-01  5.6750E-01  3.2000E+01  9.9813E-02  4.7158E-03  1.0056E-01  3.2012E+00
  5.6800E-01  5.6850E-01  3.1858E+01  1.0013E-01  4.7020E-03  9.9824E-02  3.1972E+00
  5.6900E-01  5.6950E-01  3.1717E+01  1.0045E-01  4.6882E-03  9.9088E-02  3.1932E+00
  5.7000E-01  5.7050E-01  3.1575E+01  1.0077E-01  4.6744E-03  9.8356E-02  3.1891E+00
  5.7100E-01  5.7150E-01  3.1435E+01  1.0109E-01  4.6607E-03  9.7628E-02  3.1849E+00
  5.7200E-01  5.7250E-01  3.1294E+01  1.0141E-01  4.6469E-03  9.6905E-02  3.1808E+00
  5.7300E-01  5.7350E-01  3.1154E+01  1.0173E-01  4.6332E-03  9.6186E-02  3.1765E+00
  5.7400E-01  5.7450E-01  3.1015E+01  1.0205E-01  4.6195E-03  9.5471E-02  3.1723E+00
  5.7500E-01  5.7550E-01  3.0875E+01  1.0237E-01  4.6059E-03  9.4761E-02  3.1680E+00
  5.7600E-01  5.7650E-01  3.0737E+01  1.0269E-01  4.5922E-03  9.4055E-02  3.1636E+00
  5.7700E-01  5.7750E-01  3.0598E+01  1.0301E-01  4.5786E-03  9.3353E-02  3.1592E+00
  5.7800E-01  5.7850E-01  3.0461E+01  1.0333E-01  4.5650E-03  9.2655E-02  3.1547E+00
  5.7900E-01  5.7950E-01  3.0323E+01  1.0365E-01  4.5514E-03  9.1962E-02  3.1502E+00
  5.8000E-01  5.8050E-01  3.0186E+01  1.0397E-01  4.5378E-03  9.1273E-02  3.1457E+00
  5.8100E-01  5.8150E-01  3.0049E+01  1.0429E-01  4.5243E-03  9.0588E-02  3.1411E+00
  5.8200E-01  5.8250E-01  2.9913E+01  1.0461E-01  4.5107E-03  8.9907E-02  3.1364E+00
  5.8300E-01  5.8350E-01  2.9777E+01  1.0493E-01  4.4972E-03  8.9230E-02  3.1318E+00
  5.8400E-01  5.8450E-01  2.9642E+01  1.0525E-01  4.4838E-03  8.8558E-02  3.1270E+00
  5.8500E-01  5.8550E-01  2.9507E+01  1.0557E-01  4.4703E-03  8.7889E-02  3.1223E+00
  5.8600E-01  5.8650E-01  2.9372E+01  1.0589E-01  4.4569E-03  8.7225E-02  3.1174E+00
  5.8700E-01  5.8750E-01  2.9238E+01  1.0621E-01  4.4435E-03  8.6565E-02  3.1126E+00
  5.8800E-01  5.8850E-01  2.9105E+01  1.0653E-01  4.4301E-03  8.5909E-02  3.1077E+00
  5.8900E-01  5.8950E-01  2.8971E+01  1.0685E-01  4.4167E-03  8.5256E-02  3.1028E+00
  5.9000E-01  5.9050E-01  2.8838E+01  1.0717E-01  4.4033E-03  8.4608E-02  3.0978E+00
  5.9100E-01  5.9150E-01  2.8706E+01  1.0749E-01  4.3900E-03  8.3964E-02  3.0928E+00
  5.9200E-01  5.9250E-01  2.8574E+01  1.0781E-01  4.3767E-03  8.3324E-02  3.0877E+00
  5.9300E-01  5.9350E-01  2.8442E+01  1.0813E-01  4.3634E-03  8.2688E-02  3.0826E+00
  5.9400E-01  5.9450E-01  2.8311E+01  1.0845E-01  4.3502E-03  8.2056E-02  3.0774E+00
  5.9500E-01  5.9550E-01  2.8180E+01  1.0877E-01  4.3369E-03  8.1427E-02  3.0723E+00
  5.9600E-01  5.9650E-01  2.8050E+01  1.0909E-01  4.3237E-03  8.0803E-02  3.0670E+00
  5.9700E-01  5.9750E-01  2.7920E+01  1.0941E-01  4.3105E-03  8.0182E-02  3.0618E+00
  5.9800E-01  5.9850E-01  2.7790E+01  1.0973E-01  4.2974E-03  7.9566E-02  3.0565E+00
  5.9900E-01  5.9950E-01  2.7661E+01  1.1005E-01  4.2842E-03  7.8953E-02  3.0511E+00
  6.0000E-01  6.0050E-01  2.7532E+01  1.1037E-01  4.2711E-03  7.8344E-02  3.0458E+00
  6.0100E-01  6.0150E-01  2.7404E+01  1.1069E-01  4.2580E-03  7.7739E-02  3.0403E+00
  6.0200E-01  6.0250E-01  2.7276E+01  1.1101E-01  4.2449E-03  7.7138E-02  3.0349E+00
  6.0300E-01  6.0350E-01  2.7148E+01  1.1132E-01  4.2318E-03  7.6541E-02  3.0294E+00
  6.0400E-01  6.0450E-01  2.7021E+01  1.1164E-01  4.2188E-03  7.5947E-02  3.0239E+00
  6.0500E-01  6.0550E-01  2.6895E+01  1.1196E-01  4.2058E-03  7.5357E-02  3.0183E+00
  6.0600E-01  6.0650E-01  2.6768E+01  1.1228E-01  4.1928E-03  7.4771E-02  3.0127E+00
  6.0700E-01  6.0750E-01  2.6642E+01  1.1260E-01  4.1798E-03  7.4189E-02  3.0071E+00
  6.0800E-01  6.0850E-01  2.6517E+01  1.1292E-01  4.1669E-03  7.3610E-02  3.0014E+00
  6.0900E-01  6.0950E-01  2.6392E+01  1.1324E-01  4.1540E-03  7.3035E-02  2.9957E+00
  6.1000E-01  6.1050E-01  2.6267E+01  1.1356E-01  4.1411E-03  7.2464E-02  2.9900E+00
  6.1100E-01  6.1150E-01  2.6143E+01  1.1388E-01  4.1282E-03  7.1897E-02  2.9842E+00
  6.1200E-01  6.1250E-01  2.6019E+01  1.1420E-01  4.1154E-03  7.1333E-02  2.9784E+00
  6.1300E-01  6.1350E-01  2.5896E+01  1.1452E-01  4.1025E-03  7.0773E-02  2.9725E+00
  6.1400E-01  6.1450E-01  2.5773E+01  1.1483E-01  4.0897E-03  7.0216E-02  2.9666E+00
  6.1500E-01  6.1550E-01  2.5650E+01  1.1515E-01  4.0770E-03  6.9663E-02  2.9607E+00
  6.1600E-01  6.1650E-01  2.5528E+01  1.1547E-01  4.0642E-03  6.9114E-02  2.9548E+00
  6.1700E-01  6.1750E-01  2.5406E+01  1.1579E-01  4.0515E-03  6.8568E-02  2.9488E+00
  6.1800E-01  6.1850E-01  2.5285E+01  1.1611E-01  4.0388E-03  6.8026E-02  2.9428E+00
  6.1900E-01  6.1950E-01  2.5164E+01  1.1643E-01  4.0261E-03  6.7488E-02  2.9368E+00
  6.2000E-01  6.2050E-01  2.5043E+01  1.1674E-01  4.0134E-03  6.6953E-02  2.9307E+00
  6.2100E-01  6.2150E-01  2.4923E+01  1.1706E-01  4.0008E-03  6.6421E-02  2.9246E+00
  6.2200E-01  6.2250E-01  2.4804E+01  1.1738E-01  3.9882E-03  6.5893E-02  2.9185E+00
  6.2300E-01  6.2350E-01  2.4684E+01  1.1770E-01  3.9756E-03  6.5369E-02  2.9123E+00
  6.2400E-01  6.2450E-01  2.4565E+01  1.1802E-01  3.9630E-03  6.4848E-02  2.9062E+00
  6.2500E-01  6.2550E-01  2.4447E+01  1.1833E-01  3.9505E-03  6.4331E-02  2.8999E+00
  6.2600E-01  6.2650E-01  2.4329E+01  1.1865E-01  3.9380E-03  6.3817E-02  2.8937E+00
  6.2700E-01  6.2750E-01  2.4211E+01  1.1897E-01  3.9255E-03  6.3306E-02  2.8874E+00
  6.2800E-01  6.2850E-01  2.4094E+01  1.1929E-01  3.9130E-03  6.2799E-02  2.8811E+00
  6.2900E-01  6.2950E-01  2.3977E+01  1.1960E-01  3.9006E-03  6.2296E-02  2.8748E+00
  6.3000E-01  6.3050E-01  2.3861E+01  1.1992E-01  3.8881E-03  6.1795E-02  2.8684E+00
  6.3100E-01  6.3150E-01  2.3745E+01  1.2024E-01  3.8758E-03  6.1299E-02  2.8620E+00
  6.3200E-01  6.3250E-01  2.3629E+01  1.2056E-01  3.8634E-03  6.0805E-02  2.8556E+00
  6.3300E-01  6.3350E-01  2.3514E+01  1.2087E-01  3.8511E-03  6.0315E-02  2.8492E+00
  6.3400E-01  6.3450E-01  2.3400E+01  1.2119E-01  3.8388E-03  5.9829E-02  2.8427E+00
  6.3500E-01  6.3550E-01  2.3285E+01  1.2151E-01  3.8265E-03  5.9346E-02  2.8363E+00
  6.3600E-01  6.3650E-01  2.3171E+01  1.2182E-01  3.8142E-03  5.8866E-02  2.8298E+00
  6.3700E-01  6.3750E-01  2.3058E+01  1.2214E-01  3.8020E-03  5.8389E-02  2.8232E+00
  6.3800E-01  6.3850E-01  2.2945E+01  1.2246E-01  3.7898E-03  5.7916E-02  2.8167E+00
  6.3900E-01  6.3950E-01  2.2832E+01  1.2277E-01  3.7776E-03  5.7446E-02  2.8101E+00
  6.4000E-01  6.4050E-01  2.2720E+01  1.2309E-01  3.7654E-03  5.6980E-02  2.8035E+00
  6.4100E-01  6.4150E-01  2.2608E+01  1.2340E-01  3.7533E-03  5.6516E-02  2.7969E+00
  6.4200E-01  6.4250E-01  2.2497E+01  1.2372E-01  3.7412E-03  5.6056E-02  2.7902E+00
  6.4300E-01  6.4350E-01  2.2386E+01  1.2403E-01  3.7292E-03  5.5600E-02  2.7835E+00
  6.4400E-01  6.4450E-01  2.2276E+01  1.2435E-01  3.7171E-03  5.5146E-02  2.7768E+00
  6.4500E-01  6.4550E-01  2.2166E+01  1.2466E-01  3.7051E-03  5.4696E-02  2.7701E+00
  6.4600E-01  6.4650E-01  2.2056E+01  1.2498E-01  3.6931E-03  5.4249E-02  2.7634E+00
  6.4700E-01  6.4750E-01  2.1947E+01  1.2529E-01  3.6812E-03  5.3806E-02  2.7567E+00
  6.4800E-01  6.4850E-01  2.1838E+01  1.2561E-01  3.6693E-03  5.3366E-02  2.7499E+00
  6.4900E-01  6.4950E-01  2.1730E+01  1.2592E-01  3.6574E-03  5.2928E-02  2.7431E+00
  6.5000E-01  6.5050E-01  2.1622E+01  1.2624E-01  3.6455E-03  5.2495E-02  2.7363E+00
  6.5100E-01  6.5150E-01  2.1515E+01  1.2655E-01  3.6337E-03  5.2064E-02  2.7295E+00
  6.5200E-01  6.5250E-01  2.1408E+01  1.2686E-01  3.6219E-03  5.1636E-02  2.7226E+00
  6.5300E-01  6.5350E-01  2.1301E+01  1.2718E-01  3.6101E-03  5.1212E-02  2.7158E+00
  6.5400E-01  6.5450E-01  2.1195E+01  1.2749E-01  3.5984E-03  5.0791E-02  2.7089E+00
  6.5500E-01  6.5550E-01  2.1090E+01  1.2780E-01  3.5867E-03  5.0373E-02  2.7020E+00
  6.5600E-01  6.5650E-01  2.0985E+01  1.2811E-01  3.5750E-03  4.9959E-02  2.6951E+00
  6.5700E-01  6.5750E-01  2.0880E+01  1.2842E-01  3.5634E-03  4.9547E-02  2.6882E+00
  6.5800E-01  6.5850E-01  2.0776E+01  1.2874E-01  3.5517E-03  4.9139E-02  2.6813E+00
  6.5900E-01  6.5950E-01  2.0672E+01  1.2905E-01  3.5402E-03  4.8734E-02  2.6743E+00
  6.6000E-01  6.6050E-01  2.0569E+01  1.2936E-01  3.5286E-03  4.8332E-02  2.6674E+00
  6.6100E-01  6.6150E-01  2.0466E+01  1.2967E-01  3.5171E-03  4.7934E-02  2.6604E+00
  6.6200E-01  6.6250E-01  2.0364E+01  1.2998E-01  3.5057E-03  4.7538E-02  2.6535E+00
  6.6300E-01  6.6350E-01  2.0262E+01  1.3029E-01  3.4942E-03  4.7146E-02  2.6465E+00
  6.6400E-01  6.6450E-01  2.0160E+01  1.3060E-01  3.4828E-03  4.6757E-02  2.6395E+00
  6.6500E-01  6.6550E-01  2.0060E+01  1.3090E-01  3.4715E-03  4.6371E-02  2.6325E+00
  6.6600E-01  6.6650E-01  1.9959E+01  1.3121E-01  3.4602E-03  4.5989E-02  2.6255E+00
  6.6700E-01  6.6750E-01  1.9859E+01  1.3152E-01  3.4489E-03  4.5609E-02  2.6185E+00
  6.6800E-01  6.6850E-01  1.9760E+01  1.3183E-01  3.4377E-03  4.5233E-02  2.6114E+00
  6.6900E-01  6.6950E-01  1.9661E+01  1.3213E-01  3.4265E-03  4.4860E-02  2.6044E+00
  6.7000E-01  6.7050E-01  1.9563E+01  1.3244E-01  3.4153E-03  4.4490E-02  2.5974E+00
  6.7100E-01  6.7150E-01  1.9465E+01  1.3274E-01  3.4042E-03  4.4123E-02  2.5904E+00
  6.7200E-01  6.7250E-01  1.9368E+01  1.3305E-01  3.3931E-03  4.3760E-02  2.5833E+00
  6.7300E-01  6.7350E-01  1.9271E+01  1.3335E-01  3.3821E-03  4.3400E-02  2.5763E+00
  6.7400E-01  6.7450E-01  1.9175E+01  1.3365E-01  3.3711E-03  4.3043E-02  2.5693E+00
  6.7500E-01  6.7550E-01  1.9080E+01  1.3396E-01  3.3602E-03  4.2689E-02  2.5622E+00
  6.7600E-01  6.7650E-01  1.8985E+01  1.3426E-01  3.3493E-03  4.2339E-02  2.5552E+00
  6.7700E-01  6.7750E-01  1.8890E+01  1.3456E-01  3.3385E-03  4.1992E-02  2.5482E+00
  6.7800E-01  6.7850E-01  1.8796E+01  1.3486E-01  3.3277E-03  4.1648E-02  2.5412E+00
  6.7900E-01  6.7950E-01  1.8703E+01  1.3516E-01  3.3170E-03  4.1308E-02  2.5342E+00
  6.8000E-01  6.8050E-01  1.8610E+01  1.3546E-01  3.3063E-03  4.0971E-02  2.5272E+00
  6.8100E-01  6.8150E-01  1.8518E+01  1.3575E-01  3.2957E-03  4.0637E-02  2.5202E+00
  6.8200E-01  6.8250E-01  1.8427E+01  1.3605E-01  3.2852E-03  4.0307E-02  2.5132E+00
  6.8300E-01  6.8350E-01  1.8336E+01  1.3634E-01  3.2746E-03  3.9980E-02  2.5062E+00
  6.8400E-01  6.8450E-01  1.8246E+01  1.3664E-01  3.2642E-03  3.9657E-02  2.4993E+00
  6.8500E-01  6.8550E-01  1.8157E+01  1.3693E-01  3.2538E-03  3.9337E-02  2.4923E+00
  6.8600E-01  6.8650E-01  1.8068E+01  1.3722E-01  3.2435E-03  3.9020E-02  2.4854E+00
  6.8700E-01  6.8750E-01  1.7980E+01  1.3751E-01  3.2333E-03  3.8707E-02  2.4785E+00
  6.8800E-01  6.8850E-01  1.7893E+01  1.3780E-01  3.2231E-03  3.8398E-02  2.4716E+00
  6.8900E-01  6.8950E-01  1.7806E+01  1.3809E-01  3.2130E-03  3.8092E-02  2.4648E+00
  6.9000E-01  6.9050E-01  1.7720E+01  1.3837E-01  3.2029E-03  3.7790E-02  2.4579E+00
  6.9100E-01  6.9150E-01  1.7635E+01  1.3866E-01  3.1930E-03  3.7492E-02  2.4511E+00
  6.9200E-01  6.9250E-01  1.7551E+01  1.3894E-01  3.1831E-03  3.7197E-02  2.4444E+00
  6.9300E-01  6.9350E-01  1.7467E+01  1.3922E-01  3.1733E-03  3.6906E-02  2.4376E+00
  6.9400E-01  6.9450E-01  1.7385E+01  1.3950E-01  3.1636E-03  3.6619E-02  2.4309E+00
  6.9500E-01  6.9550E-01  1.7303E+01  1.3977E-01  3.1539E-03  3.6336E-02  2.4242E+00
  6.9600E-01  6.9650E-01  1.7222E+01  1.4005E-01  3.1444E-03  3.6057E-02  2.4176E+00
  6.9700E-01  6.9750E-01  1.7142E+01  1.4032E-01  3.1349E-03  3.5781E-02  2.4110E+00
  6.9800E-01  6.9850E-01  1.7063E+01  1.4059E-01  3.1256E-03  3.5510E-02  2.4045E+00
  6.9900E-01  6.9950E-01  1.6985E+01  1.4086E-01  3.1163E-03  3.5243E-02  2.3980E+00
  7.0000E-01  7.0050E-01  1.6908E+01  1.4113E-01  3.1072E-03  3.4980E-02  2.3915E+00
  7.0100E-01  7.0150E-01  1.6831E+01  1.4139E-01  3.0982E-03  3.4721E-02  2.3852E+00
  7.0200E-01  7.0250E-01  1.6756E+01  1.4165E-01  3.0892E-03  3.4467E-02  2.3788E+00
  7.0300E-01  7.0350E-01  1.6682E+01  1.4191E-01  3.0804E-03  3.4217E-02  2.3726E+00
  7.0400E-01  7.0450E-01  1.6609E+01  1.4216E-01  3.0717E-03  3.3971E-02  2.3664E+00
  7.0500E-01  7.0550E-01  1.6537E+01  1.4241E-01  3.0632E-03  3.3730E-02  2.3602E+00
  7.0600E-01  7.0650E-01  1.6467E+01  1.4266E-01  3.0547E-03  3.3494E-02  2.3542E+00
  7.0700E-01  7.0750E-01  1.6397E+01  1.4290E-01  3.0464E-03  3.3263E-02  2.3482E+00
  7.0800E-01  7.0850E-01  1.6329E+01  1.4314E-01  3.0383E-03  3.3036E-02  2.3423E+00
  7.0900E-01  7.0950E-01  1.6262E+01  1.4338E-01  3.0303E-03  3.2814E-02  2.3365E+00
  7.1000E-01  7.1050E-01  1.6196E+01  1.4362E-01  3.0224E-03  3.2597E-02  2.3308E+00
  7.1100E-01  7.1150E-01  1.6132E+01  1.4384E-01  3.0147E-03  3.2385E-02  2.3251E+00
  7.1200E-01  7.1250E-01  1.6069E+01  1.4407E-01  3.0071E-03  3.2179E-02  2.3196E+00
  7.1300E-01  7.1350E-01  1.6008E+01  1.4429E-01  2.9997E-03  3.1977E-02  2.3142E+00
  7.1400E-01  7.1450E-01  1.5948E+01  1.4451E-01  2.9925E-03  3.1781E-02  2.3089E+00
  7.1500E-01  7.1550E-01  1.5889E+01  1.4472E-01  2.9855E-03  3.1591E-02  2.3037E+00
  7.1600E-01  7.1650E-01  1.5832E+01  1.4492E-01  2.9786E-03  3.1406E-02  2.2986E+00
  7.1700E-01  7.1750E-01  1.5776E+01  1.4513E-01  2.9720E-03  3.1226E-02  2.2936E+00
  7.1800E-01  7.1850E-01  1.5723E+01  1.4532E-01  2.9655E-03  3.1052E-02  2.2887E+00
  7.1900E-01  7.1950E-01  1.5670E+01  1.4551E-01  2.9592E-03  3.0884E-02  2.2840E+00
  7.2000E-01  7.2050E-01  1.5620E+01  1.4570E-01  2.9531E-03  3.0722E-02  2.2794E+00
  7.2100E-01  7.2150E-01  1.5571E+01  1.4588E-01  2.9472E-03  3.0566E-02  2.2750E+00
  7.2200E-01  7.2250E-01  1.5524E+01  1.4605E-01  2.9416E-03  3.0415E-02  2.2707E+00
  7.2300E-01  7.2350E-01  1.5478E+01  1.4622E-01  2.9361E-03  3.0271E-02  2.2665E+00
  7.2400E-01  7.2450E-01  1.5434E+01  1.4638E-01  2.9309E-03  3.0133E-02  2.2625E+00
  7.2500E-01  7.2550E-01  1.5393E+01  1.4654E-01  2.9259E-03  3.0000E-02  2.2586E+00
  7.2600E-01  7.2650E-01  1.5352E+01  1.4669E-01  2.9211E-03  2.9874E-02  2.2549E+00
  7.2700E-01  7.2750E-01  1.5314E+01  1.4683E-01  2.9165E-03  2.9754E-02  2.2514E+00
  7.2800E-01  7.2850E-01  1.5278E+01  1.4696E-01  2.9122E-03  2.9640E-02  2.2479E+00
  7.2900E-01  7.2950E-01  1.5243E+01  1.4709E-01  2.9081E-03  2.9532E-02  2.2447E+00
  7.3000E-01  7.3050E-01  1.5210E+01  1.4722E-01  2.9042E-03  2.9429E-02  2.2416E+00
  7.3100E-01  7.3150E-01  1.5179E+01  1.4734E-01  2.9005E-03  2.9333E-02  2.2386E+00
  7.3200E-01  7.3250E-01  1.5149E+01  1.4745E-01  2.8971E-03  2.9242E-02  2.2358E+00
  7.3300E-01  7.3350E-01  1.5121E+01  1.4755E-01  2.8939E-03  2.9157E-02  2.2332E+00
  7.3400E-01  7.3450E-01  1.5095E+01  1.4765E-01  2.8909E-03  2.9078E-02  2.2307E+00
  7.3500E-01  7.3550E-01  1.5071E+01  1.4774E-01  2.8881E-03  2.9004E-02  2.2284E+00
  7.3600E-01  7.3650E-01  1.5048E+01  1.4782E-01  2.8855E-03  2.8936E-02  2.2262E+00
  7.3700E-01  7.3750E-01  1.5027E+01  1.4790E-01  2.8832E-03  2.8872E-02  2.2241E+00
  7.3800E-01  7.3850E-01  1.5007E+01  1.4798E-01  2.8810E-03  2.8814E-02  2.2222E+00
  7.3900E-01  7.3950E-01  1.4989E+01  1.4804E-01  2.8791E-03  2.8760E-02  2.2204E+00
  7.4000E-01  7.4050E-01  1.4972E+01  1.4811E-01  2.8773E-03  2.8711E-02  2.2188E+00
  7.4100E-01  7.4150E-01  1.4957E+01  1.4816E-01  2.8757E-03  2.8666E-02  2.2172E+00
  7.4200E-01  7.4250E-01  1.4943E+01  1.4822E-01  2.8743E-03  2.8625E-02  2.2158E+00
  7.4300E-01  7.4350E-01  1.4930E+01  1.4826E-01  2.8730E-03  2.8589E-02  2.2145E+00
  7.4400E-01  7.4450E-01  1.4918E+01  1.4831E-01  2.8719E-03  2.8555E-02  2.2133E+00
  7.4500E-01  7.4550E-01  1.4907E+01  1.4834E-01  2.8709E-03  2.8526E-02  2.2122E+00
  7.4600E-01  7.4650E-01  1.4897E+01  1.4838E-01  2.8701E-03  2.8499E-02  2.2111E+00
  7.4700E-01  7.4750E-01  1.4888E+01  1.4841E-01  2.8694E-03  2.8475E-02  2.2102E+00
  7.4800E-01  7.4850E-01  1.4880E+01  1.4844E-01  2.8688E-03  2.8455E-02  2.2093E+00
  7.4900E-01  7.4950E-01  1.4872E+01  1.4846E-01  2.8684E-03  2.8436E-02  2.2085E+00
  7.5000E-01  7.5050E-01  1.4866E+01  1.4848E-01  2.8680E-03  2.8420E-02  2.2078E+00
  7.5100E-01  7.5150E-01  1.4860E+01  1.4850E-01  2.8677E-03  2.8406E-02  2.2071E+00
  7.5200E-01  7.5250E-01  1.4854E+01  1.4852E-01  2.8675E-03  2.8394E-02  2.2065E+00
  7.5300E-01  7.5350E-01  1.4849E+01  1.4853E-01  2.8674E-03  2.8383E-02  2.2059E+00
  7.5400E-01  7.5450E-01  1.4844E+01  1.4854E-01  2.8674E-03  2.8375E-02  2.2054E+00
  7.5500E-01  7.5550E-01  1.4840E+01  1.4855E-01  2.8674E-03  2.8367E-02  2.2049E+00
  7.5600E-01  7.5650E-01  1.4836E+01  1.4856E-01  2.8675E-03  2.8361E-02  2.2044E+00
  7.5700E-01  7.5750E-01  1.4832E+01  1.4857E-01  2.8676E-03  2.8355E-02  2.2040E+00
  7.5800E-01  7.5850E-01  1.4829E+01  1.4858E-01  2.8678E-03  2.8351E-02  2.2035E+00
  7.5900E-01  7.5950E-01  1.4826E+01  1.4858E-01  2.8681E-03  2.8347E-02  2.2031E+00
  7.6000E-01  7.6050E-01  1.4823E+01  1.4859E-01  2.8683E-03  2.8344E-02  2.2027E+00
  7.6100E-01  7.6150E-01  1.4820E+01  1.4859E-01  2.8687E-03  2.8342E-02  2.2023E+00
  7.6200E-01  7.6250E-01  1.4817E+01  1.4859E-01  2.8690E-03  2.8340E-02  2.2019E+00
  7.6300E-01  7.6350E-01  1.4814E+01  1.4859E-01  2.8694E-03  2.8338E-02  2.2015E+00
  7.6400E-01  7.6450E-01  1.4812E+01  1.4860E-01  2.8698E-03  2.8337E-02  2.2012E+00
  7.6500E-01  7.6550E-01  1.4809E+01  1.4860E-01  2.8702E-03  2.8337E-02  2.2008E+00
  7.6600E-01  7.6650E-01  1.4806E+01  1.4860E-01  2.8707E-03  2.8336E-02  2.2004E+00
  7.6700E-01  7.6750E-01  1.4804E+01  1.4860E-01  2.8711E-03  2.8336E-02  2.2000E+00
  7.6800E-01  7.6850E-01  1.4801E+01  1.4860E-01  2.8717E-03  2.8336E-02  2.1996E+00
  7.6900E-01  7.6950E-01  1.4798E+01  1.4860E-01  2.8722E-03  2.8336E-02  2.1992E+00
  7.7000E-01  7.7050E-01  1.4796E+01  1.4860E-01  2.8727E-03  2.8336E-02  2.1988E+00
  7.7100E-01  7.7150E-01  1.4793E+01  1.4860E-01  2.8733E-03  2.8336E-02  2.1984E+00
  7.7200E-01  7.7250E-01  1.4790E+01  1.4860E-01  2.8739E-03  2.8336E-02  2.1980E+00
  7.7300E-01  7.7350E-01  1.4787E+01  1.4860E-01  2.8745E-03  2.8337E-02  2.1975E+00
  7.7400E-01  7.7450E-01  1.4784E+01  1.4860E-01  2.8752E-03  2.8337E-02  2.1970E+00
  7.7500E-01  7.7550E-01  1.4780E+01  1.4860E-01  2.8758E-03  2.8337E-02  2.1966E+00
  7.7600E-01  7.7650E-01  1.4777E+01  1.4860E-01  2.8765E-03  2.8338E-02  2.1961E+00
  7.7700E-01  7.7750E-01  1.4773E+01  1.4860E-01  2.8773E-03  2.8338E-02  2.1955E+00
  7.7800E-01  7.7850E-01  1.4770E+01  1.4860E-01  2.8780E-03  2.8338E-02  2.1950E+00
  7.7900E-01  7.7950E-01  1.4766E+01  1.4860E-01  2.8788E-03  2.8339E-02  2.1944E+00
  7.8000E-01  7.8050E-01  1.4762E+01  1.4859E-01  2.8796E-03  2.8339E-02  2.1938E+00
  7.8100E-01  7.8150E-01  1.4758E+01  1.4859E-01  2.8805E-03  2.8340E-02  2.1932E+00
  7.8200E-01  7.8250E-01  1.4753E+01  1.4859E-01  2.8814E-03  2.8340E-02  2.1925E+00
  7.8300E-01  7.8350E-01  1.4748E+01  1.4859E-01  2.8824E-03  2.8340E-02  2.1918E+00
  7.8400E-01  7.8450E-01  1.4743E+01  1.4859E-01  2.8834E-03  2.8341E-02  2.1911E+00
  7.8500E-01  7.8550E-01  1.4738E+01  1.4859E-01  2.8845E-03  2.8341E-02  2.1903E+00
  7.8600E-01  7.8650E-01  1.4732E+01  1.4859E-01  2.8856E-03  2.8341E-02  2.1895E+00
  7.8700E-01  7.8750E-01  1.4726E+01  1.4859E-01  2.8868E-03  2.8342E-02  2.1887E+00
  7.8800E-01  7.8850E-01  1.4720E+01  1.4859E-01  2.8881E-03  2.8342E-02  2.1877E+00
  7.8900E-01  7.8950E-01  1.4713E+01  1.4859E-01  2.8895E-03  2.8342E-02  2.1867E+00
  7.9000E-01  7.9050E-01  1.4706E+01  1.4859E-01  2.8909E-03  2.8342E-02  2.1857E+00
  7.9100E-01  7.9150E-01  1.4698E+01  1.4859E-01  2.8925E-03  2.8343E-02  2.1845E+00
  7.9200E-01  7.9250E-01  1.4689E+01  1.4859E-01  2.8942E-03  2.8343E-02  2.1833E+00
  7.9300E-01  7.9350E-01  1.4680E+01  1.4859E-01  2.8961E-03  2.8343E-02  2.1820E+00
  7.9400E-01  7.9450E-01  1.4670E+01  1.4859E-01  2.8981E-03  2.8343E-02  2.1805E+00
  7.9500E-01  7.9550E-01  1.4659E+01  1.4859E-01  2.9002E-03  2.8343E-02  2.1790E+00
  7.9600E-01  7.9650E-01  1.4647E+01  1.4859E-01  2.9026E-03  2.8344E-02  2.1773E+00
  7.9700E-01  7.9750E-01  1.4634E+01  1.4859E-01  2.9052E-03  2.8344E-02  2.1754E+00
  7.9800E-01  7.9850E-01  1.4620E+01  1.4859E-01  2.9081E-03  2.8344E-02  2.1734E+00
  7.9900E-01  7.9950E-01  1.4604E+01  1.4859E-01  2.9112E-03  2.8344E-02  2.1712E+00
  8.0000E-01  8.0050E-01  1.4587E+01  1.4859E-01  2.9147E-03  2.8344E-02  2.1687E+00
  8.0100E-01  8.0150E-01  1.4568E+01  1.4859E-01  2.9185E-03  2.8344E-02  2.1660E+00
  8.0200E-01  8.0250E-01  1.4547E+01  1.4859E-01  2.9227E-03  2.8345E-02  2.1631E+00
  8.0300E-01  8.0350E-01  1.4524E+01  1.4859E-01  2.9273E-03  2.8345E-02  2.1598E+00
  8.0400E-01  8.0450E-01  1.4499E+01  1.4859E-01  2.9325E-03  2.8345E-02  2.1562E+00
  8.0500E-01  8.0550E-01  1.4471E+01  1.4859E-01  2.9382E-03  2.8345E-02  2.1522E+00
  8.0600E-01  8.0650E-01  1.4440E+01  1.4859E-01  2.9445E-03  2.8345E-02  2.1478E+00
  8.0700E-01  8.0750E-01  1.4405E+01  1.4859E-01  2.9515E-03  2.8345E-02  2.1430E+00
  8.0800E-01  8.0850E-01  1.4368E+01  1.4859E-01  2.9593E-03  2.8345E-02  2.1376E+00
  8.0900E-01  8.0950E-01  1.4326E+01  1.4858E-01  2.9679E-03  2.8345E-02  2.1317E+00
  8.1000E-01  8.1050E-01  1.4280E+01  1.4858E-01  2.9774E-03  2.8345E-02  2.1252E+00
  8.1100E-01  8.1150E-01  1.4230E+01  1.4858E-01  2.9880E-03  2.8345E-02  2.1181E+00
  8.1200E-01  8.1250E-01  1.4174E+01  1.4858E-01  2.9997E-03  2.8345E-02  2.1102E+00
  8.1300E-01  8.1350E-01  1.4113E+01  1.4858E-01  3.0126E-03  2.8346E-02  2.1015E+00
  8.1400E-01  8.1450E-01  1.4047E+01  1.4858E-01  3.0269E-03  2.8346E-02  2.0921E+00
  8.1500E-01  8.1550E-01  1.3974E+01  1.4858E-01  3.0427E-03  2.8346E-02  2.0817E+00
  8.1600E-01  8.1650E-01  1.3895E+01  1.4858E-01  3.0600E-03  2.8346E-02  2.0704E+00
  8.1700E-01  8.1750E-01  1.3809E+01  1.4858E-01  3.0791E-03  2.8346E-02  2.0581E+00
  8.1800E-01  8.1850E-01  1.3715E+01  1.4858E-01  3.1001E-03  2.8346E-02  2.0448E+00
  8.1900E-01  8.1950E-01  1.3614E+01  1.4858E-01  3.1231E-03  2.8346E-02  2.0303E+00
  8.2000E-01  8.2050E-01  1.3505E+01  1.4858E-01  3.1484E-03  2.8346E-02  2.0147E+00
  8.2100E-01  8.2150E-01  1.3388E+01  1.4858E-01  3.1759E-03  2.8346E-02  1.9979E+00
  8.2200E-01  8.2250E-01  1.3262E+01  1.4858E-01  3.2061E-03  2.8346E-02  1.9799E+00
  8.2300E-01  8.2350E-01  1.3128E+01  1.4858E-01  3.2389E-03  2.8346E-02  1.9605E+00
  8.2400E-01  8.2450E-01  1.2984E+01  1.4858E-01  3.2746E-03  2.8346E-02  1.9399E+00
  8.2500E-01  8.2550E-01  1.2832E+01  1.4858E-01  3.3135E-03  2.8346E-02  1.9179E+00
  8.2600E-01  8.2650E-01  1.2671E+01  1.4858E-01  3.3556E-03  2.8346E-02  1.8946E+00
  8.2700E-01  8.2750E-01  1.2501E+01  1.4858E-01  3.4013E-03  2.8346E-02  1.8700E+00
  8.2800E-01  8.2850E-01  1.2322E+01  1.4858E-01  3.4507E-03  2.8346E-02  1.8441E+00
  8.2900E-01  8.2950E-01  1.2134E+01  1.4858E-01  3.5040E-03  2.8346E-02  1.8169E+00
  8.3000E-01  8.3050E-01  1.1939E+01  1.4858E-01  3.5614E-03  2.8346E-02  1.7884E+00
  8.3100E-01  8.3150E-01  1.1735E+01  1.4858E-01  3.6233E-03  2.8346E-02  1.7587E+00
  8.3200E-01  8.3250E-01  1.1524E+01  1.4858E-01  3.6897E-03  2.8346E-02  1.7279E+00
  8.3300E-01  8.3350E-01  1.1305E+01  1.4858E-01  3.7609E-03  2.8346E-02  1.6960E+00
  8.3400E-01  8.3450E-01  1.1081E+01  1.4858E-01  3.8372E-03  2.8346E-02  1.6631E+00
  8.3500E-01  8.3550E-01  1.0850E+01  1.4858E-01  3.9187E-03  2.8346E-02  1.6293E+00
  8.3600E-01  8.3650E-01  1.0615E+01  1.4858E-01  4.0056E-03  2.8346E-02  1.5947E+00
  8.3700E-01  8.3750E-01  1.0375E+01  1.4858E-01  4.0982E-03  2.8346E-02  1.5593E+00
  8.3800E-01  8.3850E-01  1.0132E+01  1.4858E-01  4.1965E-03  2.8346E-02  1.5235E+00
  8.3900E-01  8.3950E-01  9.8863E+00  1.4858E-01  4.3008E-03  2.8346E-02  1.4872E+00
  8.4000E-01  8.4050E-01  9.6391E+00  1.4858E-01  4.4111E-03  2.8346E-02  1.4506E+00
  8.4100E-01  8.4150E-01  9.3913E+00  1.4858E-01  4.5275E-03  2.8346E-02  1.4138E+00
  8.4200E-01  8.4250E-01  9.1438E+00  1.4858E-01  4.6500E-03  2.8346E-02  1.3770E+00
  8.4300E-01  8.4350E-01  8.8975E+00  1.4858E-01  4.7787E-03  2.8346E-02  1.3403E+00
  8.4400E-01  8.4450E-01  8.6534E+00  1.4858E-01  4.9135E-03  2.8346E-02  1.3039E+00
  8.4500E-01  8.4550E-01  8.4124E+00  1.4858E-01  5.0543E-03  2.8346E-02  1.2678E+00
  8.4600E-01  8.4650E-01  8.1754E+00  1.4858E-01  5.2008E-03  2.8346E-02  1.2323E+00
  8.4700E-01  8.4750E-01  7.9433E+00  1.4858E-01  5.3528E-03  2.8346E-02  1.1975E+00
  8.4800E-01  8.4850E-01  7.7168E+00  1.4858E-01  5.5099E-03  2.8346E-02  1.1634E+00
  8.4900E-01  8.4950E-01  7.4967E+00  1.4858E-01  5.6717E-03  2.8346E-02  1.1302E+00
  8.5000E-01  8.5050E-01  7.2835E+00  1.4858E-01  5.8376E-03  2.8346E-02  1.0980E+00
  8.5100E-01  8.5150E-01  7.0780E+00  1.4858E-01  6.0071E-03  2.8346E-02  1.0669E+00
  8.5200E-01  8.5250E-01  6.8807E+00  1.4858E-01  6.1794E-03  2.8346E-02  1.0370E+00
  8.5300E-01  8.5350E-01  6.6918E+00  1.4858E-01  6.3538E-03  2.8346E-02  1.0083E+00
  8.5400E-01  8.5450E-01  6.5119E+00  1.4858E-01  6.5293E-03  2.8346E-02  9.8091E-01
  8.5500E-01  8.5550E-01  6.3411E+00  1.4858E-01  6.7052E-03  2.8346E-02  9.5485E-01
  8.5600E-01  8.5650E-01  6.1797E+00  1.4858E-01  6.8803E-03  2.8346E-02  9.3017E-01
  8.5700E-01  8.5750E-01  6.0277E+00  1.4858E-01  7.0538E-03  2.8346E-02  9.0689E-01
  8.5800E-01  8.5850E-01  5.8851E+00  1.4858E-01  7.2247E-03  2.8346E-02  8.8500E-01
  8.5900E-01  8.5950E-01  5.7520E+00  1.4858E-01  7.3920E-03  2.8346E-02  8.6452E-01
  8.6000E-01  8.6050E-01  5.6281E+00  1.4858E-01  7.5547E-03  2.8346E-02  8.4542E-01
  8.6100E-01  8.6150E-01  5.5133E+00  1.4858E-01  7.7120E-03  2.8346E-02  8.2769E-01
  8.6200E-01  8.6250E-01  5.4073E+00  1.4858E-01  7.8631E-03  2.8345E-02  8.1129E-01
  8.6300E-01  8.6350E-01  5.3100E+00  1.4858E-01  8.0073E-03  2.8345E-02  7.9619E-01
  8.6400E-01  8.6450E-01  5.2208E+00  1.4858E-01  8.1440E-03  2.8345E-02  7.8233E-01
  8.6500E-01  8.6550E-01  5.1395E+00  1.4858E-01  8.2728E-03  2.8345E-02  7.6966E-01
  8.6600E-01  8.6650E-01  5.0657E+00  1.4858E-01  8.3934E-03  2.8345E-02  7.5814E-01
  8.6700E-01  8.6750E-01  4.9989E+00  1.4858E-01  8.5055E-03  2.8345E-02  7.4770E-01
  8.6800E-01  8.6850E-01  4.9388E+00  1.4858E-01  8.6090E-03  2.8345E-02  7.3827E-01
  8.6900E-01  8.6950E-01  4.8848E+00  1.4858E-01  8.7041E-03  2.8345E-02  7.2979E-01
  8.7000E-01  8.7050E-01  4.8366E+00  1.4858E-01  8.7908E-03  2.8345E-02  7.2220E-01
  8.7100E-01  8.7150E-01  4.7938E+00  1.4858E-01  8.8694E-03  2.8345E-02  7.1544E-01
  8.7200E-01  8.7250E-01  4.7558E+00  1.4858E-01  8.9403E-03  2.8345E-02  7.0943E-01
  8.7300E-01  8.7350E-01  4.7222E+00  1.4858E-01  9.0038E-03  2.8345E-02  7.0412E-01
  8.7400E-01  8.7450E-01  4.6928E+00  1.4858E-01  9.0603E-03  2.8345E-02  6.9944E-01
  8.7500E-01  8.7550E-01  4.6670E+00  1.4858E-01  9.1103E-03  2.8345E-02  6.9533E-01
  8.7600E-01  8.7650E-01  4.6446E+00  1.4858E-01  9.1543E-03  2.8345E-02  6.9175E-01
  8.7700E-01  8.7750E-01  4.6251E+00  1.4858E-01  9.1929E-03  2.8345E-02  6.8864E-01
  8.7800E-01  8.7850E-01  4.6083E+00  1.4858E-01  9.2264E-03  2.8345E-02  6.8594E-01
  8.7900E-01  8.7950E-01  4.5938E+00  1.4858E-01  9.2555E-03  2.8345E-02  6.8362E-01
  8.8000E-01  8.8050E-01  4.5814E+00  1.4858E-01  9.2805E-03  2.8345E-02  6.8162E-01
  8.8100E-01  8.8150E-01  4.5709E+00  1.4858E-01  9.3019E-03  2.8345E-02  6.7992E-01
  8.8200E-01  8.8250E-01  4.5619E+00  1.4858E-01  9.3201E-03  2.8345E-02  6.7847E-01
  8.8300E-01  8.8350E-01  4.5544E+00  1.4858E-01  9.3356E-03  2.8345E-02  6.7724E-01
  8.8400E-01  8.8450E-01  4.5480E+00  1.4858E-01  9.3486E-03  2.8345E-02  6.7621E-01
  8.8500E-01  8.8550E-01  4.5427E+00  1.4858E-01  9.3595E-03  2.8345E-02  6.7534E-01
  8.8600E-01  8.8650E-01  4.5383E+00  1.4858E-01  9.3686E-03  2.8345E-02  6.7462E-01
  8.8700E-01  8.8750E-01  4.5346E+00  1.4858E-01  9.3762E-03  2.8345E-02  6.7402E-01
  8.8800E-01  8.8850E-01  4.5316E+00  1.4858E-01  9.3824E-03  2.8345E-02  6.7352E-01
  8.8900E-01  8.8950E-01  4.5292E+00  1.4858E-01  9.3875E-03  2.8345E-02  6.7312E-01
  8.9000E-01  8.9050E-01  4.5272E+00  1.4858E-01  9.3916E-03  2.8345E-02  6.7279E-01
  8.9100E-01  8.9150E-01  4.5256E+00  1.4858E-01  9.3949E-03  2.8345E-02  6.7252E-01
  8.9200E-01  8.9250E-01  4.5243E+00  1.4858E-01  9.3976E-03  2.8345E-02  6.7230E-01
  8.9300E-01  8.9350E-01  4.5233E+00  1.4858E-01  9.3997E-03  2.8345E-02  6.7213E-01
  8.9400E-01  8.9450E-01  4.5225E+00  1.4858E-01  9.4013E-03  2.8345E-02  6.7200E-01
  8.9500E-01  8.9550E-01  4.5218E+00  1.4858E-01  9.4026E-03  2.8345E-02  6.7189E-01
  8.9600E-01  8.9650E-01  4.5214E+00  1.4858E-01  9.4036E-03  2.8345E-02  6.7181E-01
  8.9700E-01  8.9750E-01  4.5210E+00  1.4858E-01  9.4043E-03  2.8345E-02  6.7175E-01
  8.9800E-01  8.9850E-01  4.5208E+00  1.4858E-01  9.4049E-03  2.8345E-02  6.7170E-01
  8.9900E-01  8.9950E-01  4.5206E+00  1.4858E-01  9.4053E-03  2.8345E-02  6.7167E-01
  9.0000E-01  9.0050E-01  4.5204E+00  1.4858E-01  9.4055E-03  2.8345E-02  6.7164E-01
  9.0100E-01  9.0150E-01  4.5203E+00  1.4858E-01  9.4057E-03  2.8345E-02  6.7163E-01
  9.0200E-01  9.0250E-01  4.5203E+00  1.4858E-01  9.4058E-03  2.8345E-02  6.7162E-01
  9.0300E-01  9.0350E-01  4.5203E+00  1.4858E-01  9.4058E-03  2.8345E-02  6.7161E-01
  9.0400E-01  9.0450E-01  4.5203E+00  1.4858E-01  9.4058E-03  2.8345E-02  6.7161E-01
  9.0500E-01  9.0550E-01  4.5203E+00  1.4858E-01  9.4058E-03  2.8345E-02  6.7161E-01
  9.0600E-01  9.0650E-01  4.5203E+00  1.4858E-01  9.4057E-03  2.8345E-02  6.7161E-01
  9.0700E-01  9.0750E-01  4.5204E+00  1.4858E-01  9.4056E-03  2.8345E-02  6.7162E-01
  9.0800E-01  9.0850E-01  4.5204E+00  1.4858E-01  9.4056E-03  2.8345E-02  6.7162E-01
  9.0900E-01  9.0950E-01  4.5204E+00  1.4858E-01  9.4055E-03  2.8344E-02  6.7163E-01
  9.1000E-01  9.1050E-01  4.5205E+00  1.4858E-01  9.4054E-03  2.8344E-02  6.7163E-01
  9.1100E-01  9.1150E-01  4.5205E+00  1.4858E-01  9.4053E-03  2.8344E-02  6.7164E-01
  9.1200E-01  9.1250E-01  4.5206E+00  1.4858E-01  9.4052E-03  2.8344E-02  6.7164E-01
  9.1300E-01  9.1350E-01  4.5206E+00  1.4858E-01  9.4051E-03  2.8344E-02  6.7165E-01
  9.1400E-01  9.1450E-01  4.5206E+00  1.4858E-01  9.4050E-03  2.8344E-02  6.7166E-01
  9.1500E-01  9.1550E-01  4.5207E+00  1.4858E-01  9.4049E-03  2.8344E-02  6.7166E-01
  9.1600E-01  9.1650E-01  4.5207E+00  1.4858E-01  9.4049E-03  2.8344E-02  6.7167E-01
  9.1700E-01  9.1750E-01  4.5207E+00  1.4858E-01  9.4048E-03  2.8344E-02  6.7167E-01
  9.1800E-01  9.1850E-01  4.5208E+00  1.4858E-01  9.4047E-03  2.8344E-02  6.7167E-01
  9.1900E-01  9.1950E-01  4.5208E+00  1.4858E-01  9.4047E-03  2.8344E-02  6.7168E-01
  9.2000E-01  9.2050E-01  4.5208E+00  1.4858E-01  9.4046E-03  2.8344E-02  6.7168E-01
  9.2100E-01  9.2150E-01  4.5208E+00  1.4858E-01  9.4045E-03  2.8344E-02  6.7169E-01
  9.2200E-01  9.2250E-01  4.5209E+00  1.4858E-01  9.4045E-03  2.8344E-02  6.7169E-01
  9.2300E-01  9.2350E-01  4.5209E+00  1.4858E-01  9.4044E-03  2.8344E-02  6.7169E-01
  9.2400E-01  9.2450E-01  4.5209E+00  1.4858E-01  9.4044E-03  2.8344E-02  6.7169E-01
  9.2500E-01  9.2550E-01  4.5209E+00  1.4858E-01  9.4044E-03  2.8344E-02  6.7170E-01
  9.2600E-01  9.2650E-01  4.5209E+00  1.4858E-01  9.4043E-03  2.8344E-02  6.7170E-01
  9.2700E-01  9.2750E-01  4.5209E+00  1.4858E-01  9.4043E-03  2.8344E-02  6.7170E-01
  9.2800E-01  9.2850E-01  4.5210E+00  1.4858E-01  9.4043E-03  2.8344E-02  6.7170E-01
  9.2900E-01  9.2950E-01  4.5210E+00  1.4858E-01  9.4042E-03  2.8344E-02  6.7170E-01
  9.3000E-01  9.3050E-01  4.5210E+00  1.4858E-01  9.4042E-03  2.8344E-02  6.7171E-01
  9.3100E-01  9.3150E-01  4.5210E+00  1.4858E-01  9.4042E-03  2.8344E-02  6.7171E-01
  9.3200E-01  9.3250E-01  4.5210E+00  1.4858E-01  9.4042E-03  2.8344E-02  6.7171E-01
  9.3300E-01  9.3350E-01  4.5210E+00  1.4858E-01  9.4042E-03  2.8344E-02  6.7171E-01
  9.3400E-01  9.3450E-01  4.5210E+00  1.4858E-01  9.4042E-03  2.8345E-02  6.7171E-01
  9.3500E-01  9.3550E-01  4.5213E+00  1.4858E-01  9.4044E-03  2.8348E-02  6.7174E-01
  9.3600E-01  9.3650E-01  4.5208E+00  1.4858E-01  9.4040E-03  2.8320E-02  6.7174E-01
  9.3700E-01  9.3750E-01  4.5024E+00  1.4846E-01  9.3858E-03  2.7923E-02  6.6980E-01
  9.3800E-01  9.3850E-01  4.3716E+00  1.4729E-01  9.2478E-03  2.5796E-02  6.5355E-01
  9.3900E-01  9.3950E-01  3.9101E+00  1.4212E-01  8.6870E-03  1.9893E-02  5.8850E-01
  9.4000E-01  9.4050E-01  3.0206E+00  1.2845E-01  7.1936E-03  1.1045E-02  4.4514E-01
  9.4100E-01  9.4150E-01  2.0621E+00  1.0339E-01  4.4758E-03  3.8837E-03  2.6276E-01
  9.4200E-01  9.4250E-01  1.4305E+00  6.8456E-02  1.5719E-03  7.0052E-04  1.1954E-01
  9.4300E-01  9.4350E-01  1.1167E+00  3.1162E-02  1.5013E-04  2.0503E-05  3.9687E-02
  9.4400E-01  9.4450E-01  1.0071E+00  3.7555E-03  6.0997E-07  7.3387E-08  3.9880E-03
  9.4500E-01  9.4550E-01  1.0000E+00  1.2836E-05  1.0050E-07  6.7000E-08  1.2882E-05
  9.4600E-01  9.4650E-01  1.0000E+00  1.7791E-11  1.0050E-07  6.7000E-08  1.7791E-11
  9.4700E-01  9.4750E-01  1.0000E+00  2.6704E-23  1.0050E-07  6.7000E-08  2.6704E-23
  9.4800E-01  9.4850E-01  1.0000E+00  4.8575E-45  1.0050E-07  6.7000E-08  4.8575E-45
  9.4900E-01  9.4950E-01  1.0000E+00  1.7279E-89  1.0050E-07  6.7000E-08  1.7279E-89
  9.5000E-01  9.5050E-01  1.0000E+00  1.7026-255  1.0050E-07  6.7000E-08  1.7026-255
  9.5100E-01  9.5150E-01  1.0000E+00  0.0000E+00  1.0050E-07  6.7000E-08  0.0000E+00
  9.5200E-01  9.5250E-01  1.0000E+00  0.0000E+00  1.0050E-07  6.7000E-08  0.0000E+00
  9.5300E-01  9.5350E-01  1.0000E+00  0.0000E+00  1.0050E-07  6.7000E-08  0.0000E+00
  9.5400E-01  9.5450E-01  1.0000E+00  0.0000E+00  1.0050E-07  6.7000E-08  0.0000E+00
  9.5500E-01  9.5550E-01  1.0000E+00  0.0000E+00  1.0050E-07  6.7000E-08  0.0000E+00
  9.5600E-01  9.5650E-01  1.0000E+00  0.0000E+00  1.0050E-07  6.7000E-08  0.0000E+00
  9.5700E-01  9.5750E-01  1.0000E+00  0.0000E+00  1.0050E-07  6.7000E-08  0.0000E+00
  9.5800E-01  9.5850E-01  1.0000E+00  0.0000E+00  1.0050E-07  6.7000E-08  0.0000E+00
  9.5900E-01  9.5950E-01  1.0000E+00  0.0000E+00  1.0050E-07  6.7000E-08  0.0000E+00
  9.6000E-01  9.6050E-01  1.0000E+00  0.0000E+00  1.0050E-07  6.7000E-08  0.0000E+00
  9.6100E-01  9.6150E-01  1.0000E+00  0.0000E+00  1.0050E-07  6.7000E-08  0.0000E+00
  9.6200E-01  9.6250E-01  1.0000E+00  0.0000E+00  1.0050E-07  6.7000E-08  0.0000E+00
  9.6300E-01  9.6350E-01  1.0000E+00  0.0000E+00  1.0050E-07  6.7000E-08  0.0000E+00
  9.6400E-01  9.6450E-01  1.0000E+00  0.0000E+00  1.0050E-07  6.7000E-08  0.0000E+00
  9.6500E-01  9.6550E-01  1.0000E+00  0.0000E+00  1.0050E-07  6.7000E-08  0.0000E+00
  9.6600E-01  9.6650E-01  1.0000E+00  0.0000E+00  1.0050E-07  6.7000E-08  0.0000E+00
  9.6700E-01  9.6750E-01  1.0000E+00  0.0000E+00  1.0050E-07  6.7000E-08  0.0000E+00
  9.6800E-01  9.6850E-01  1.0000E+00  0.0000E+00  1.0050E-07  6.7000E-08  0.0000E+00
  9.6900E-01  9.6950E-01  1.0000E+00  0.0000E+00  1.0050E-07  6.7000E-08  0.0000E+00
  9.7000E-01  9.7050E-01  1.0000E+00  0.0000E+00  1.0050E-07  6.7000E-08  0.0000E+00
  9.7100E-01  9.7150E-01  1.0000E+00  0.0000E+00  1.0050E-07  6.7000E-08  0.0000E+00
  9.7200E-01  9.7250E-01  1.0000E+00  0.0000E+00  1.0050E-07  6.7000E-08  0.0000E+00
  9.7300E-01  9.7350E-01  1.0000E+00  0.0000E+00  1.0050E-07  6.7000E-08  0.0000E+00
  9.7400E-01  9.7450E-01  1.0000E+00  0.0000E+00  1.0050E-07  6.7000E-08  0.0000E+00
  9.7500E-01  9.7550E-01  1.0000E+00  0.0000E+00  1.0050E-07  6.7000E-08  0.0000E+00
  9.7600E-01  9.7650E-01  1.0000E+00  0.0000E+00  1.0050E-07  6.7000E-08  0.0000E+00
  9.7700E-01  9.7750E-01  1.0000E+00  0.0000E+00  1.0050E-07  6.7000E-08  0.0000E+00
  9.7800E-01  9.7850E-01  1.0000E+00  0.0000E+00  1.0050E-07  6.7000E-08  0.0000E+00
  9.7900E-01  9.7950E-01  1.0000E+00  0.0000E+00  1.0050E-07  6.7000E-08  0.0000E+00
  9.8000E-01  9.8050E-01  1.0000E+00  0.0000E+00  1.0050E-07  6.7000E-08  0.0000E+00
  9.8100E-01  9.8150E-01  1.0000E+00  0.0000E+00  1.0050E-07  6.7000E-08  0.0000E+00
  9.8200E-01  9.8250E-01  1.0000E+00  0.0000E+00  1.0050E-07  6.7000E-08  0.0000E+00
  9.8300E-01  9.8350E-01  1.0000E+00  0.0000E+00  1.0050E-07  6.7000E-08  0.0000E+00
  9.8400E-01  9.8450E-01  1.0000E+00  0.0000E+00  1.0050E-07  6.7000E-08  0.0000E+00
  9.8500E-01  9.8550E-01  1.0000E+00  0.0000E+00  1.0050E-07  6.7000E-08  0.0000E+00
  9.8600E-01  9.8650E-01  1.0000E+00  0.0000E+00  1.0050E-07  6.7000E-08  0.0000E+00
  9.8700E-01  9.8750E-01  1.0000E+00  0.0000E+00  1.0050E-07  6.7000E-08  0.0000E+00
  9.8800E-01  9.8850E-01  1.0000E+00  0.0000E+00  1.0050E-07  6.7000E-08  0.0000E+00
  9.8900E-01  9.8950E-01  1.0000E+00  0.0000E+00  1.0050E-07  6.7000E-08  0.0000E+00
  9.9000E-01  9.9050E-01  1.0000E+00  0.0000E+00  1.0050E-07  6.7000E-08  0.0000E+00
  9.9100E-01  9.9150E-01  1.0000E+00  0.0000E+00  1.0050E-07  6.7000E-08  0.0000E+00
  9.9200E-01  9.9250E-01  1.0000E+00  0.0000E+00  1.0050E-07  6.7000E-08  0.0000E+00
  9.9300E-01  9.9350E-01  1.0000E+00  0.0000E+00  1.0050E-07  6.7000E-08  0.0000E+00
  9.9400E-01  9.9450E-01  1.0000E+00  0.0000E+00  1.0050E-07  6.7000E-08  0.0000E+00
  9.9500E-01  9.9550E-01  1.0000E+00  0.0000E+00  1.0050E-07  6.7000E-08  0.0000E+00
  9.9600E-01  9.9650E-01  1.0000E+00  0.0000E+00  1.0050E-07  6.7000E-08  0.0000E+00
  9.9700E-01  9.9750E-01  1.0000E+00  0.0000E+00  1.0050E-07  6.7000E-08  0.0000E+00
  9.9800E-01  9.9850E-01  1.0000E+00  0.0000E+00  1.0050E-07  6.7000E-08  0.0000E+00
  9.9900E-01  9.9950E-01  1.0000E+00  0.0000E+00  1.0050E-07  6.7000E-08  0.0000E+00
  1.0000E+00  1.0005E+00  1.0000E+00  0.0000E+00  1.0050E-07  6.7000E-08  0.0000E+00
