 -1.4000E-01 -7.0000E-02  7.0147E-30 -1.8251E+04  2.8310E+18  1.3239E-11  1.4226E+10
  0.0000E+00  7.0000E-02  7.0147E-30  0.0000E+00  2.8310E+18  1.3239E-11  1.4226E+10
  1.4000E-01  2.1000E-01  2.0423E-29  1.8251E+04  9.7233E+17  1.3239E-11  4.8861E+09
  2.8000E-01  3.5000E-01  3.2184E-29  2.0634E+04  6.1700E+17  1.3238E-11  3.1005E+09
  4.2000E-01  4.9000E-01  4.1834E-29  2.2854E+04  4.7469E+17  1.3239E-11  2.3854E+09
  5.6000E-01  6.3000E-01  5.0679E-29  3.0515E+04  3.9184E+17  1.3239E-11  1.9690E+09
  7.0000E-01  7.7000E-01  5.9275E-29  3.9652E+04  3.3501E+17  1.3239E-11  1.6835E+09
  8.4000E-01  9.1000E-01  6.7886E-29  4.6222E+04  2.9252E+17  1.3239E-11  1.4699E+09
  9.8000E-01  1.0500E+00  7.6656E-29  5.4407E+04  2.5905E+17  1.3239E-11  1.3018E+09
  1.1200E+00  1.1900E+00  8.5668E-29  6.1966E+04  2.3180E+17  1.3239E-11  1.1648E+09
  1.2600E+00  1.3300E+00  9.4979E-29  6.9729E+04  2.0908E+17  1.3239E-11  1.0506E+09
  1.4000E+00  1.4700E+00  1.0463E-28  7.7448E+04  1.8980E+17  1.3239E-11  9.5377E+08
  1.5400E+00  1.6100E+00  1.1464E-28  8.5181E+04  1.7322E+17  1.3239E-11  8.7047E+08
  1.6800E+00  1.7500E+00  1.2504E-28  9.2913E+04  1.5881E+17  1.3239E-11  7.9804E+08
  1.8200E+00  1.8900E+00  1.3586E-28  1.0065E+05  1.4617E+17  1.3239E-11  7.3451E+08
  1.9600E+00  2.0300E+00  1.4710E-28  1.0838E+05  1.3499E+17  1.3239E-11  6.7835E+08
  2.1000E+00  2.1700E+00  1.5880E-28  1.1612E+05  1.2505E+17  1.3239E-11  6.2838E+08
  2.2400E+00  2.3100E+00  1.7097E-28  1.2386E+05  1.1615E+17  1.3239E-11  5.8366E+08
  2.3800E+00  2.4500E+00  1.8363E-28  1.3159E+05  1.0814E+17  1.3239E-11  5.4343E+08
  2.5200E+00  2.5900E+00  1.9679E-28  1.3933E+05  1.0091E+17  1.3239E-11  5.0709E+08
  2.6600E+00  2.7300E+00  2.1047E-28  1.4707E+05  9.4350E+16  1.3239E-11  4.7412E+08
  2.8000E+00  2.8700E+00  2.2470E-28  1.5481E+05  8.8375E+16  1.3239E-11  4.4410E+08
  2.9400E+00  3.0100E+00  2.3949E-28  1.6255E+05  8.2917E+16  1.3239E-11  4.1667E+08
  3.0800E+00  3.1500E+00  2.5487E-28  1.7029E+05  7.7915E+16  1.3239E-11  3.9153E+08
  3.2200E+00  3.2900E+00  2.7084E-28  1.7803E+05  7.3319E+16  1.3239E-11  3.6844E+08
  3.3600E+00  3.4300E+00  2.8745E-28  1.8576E+05  6.9084E+16  1.3239E-11  3.4715E+08
  3.5000E+00  3.5700E+00  3.0470E-28  1.9350E+05  6.5172E+16  1.3239E-11  3.2750E+08
  3.6400E+00  3.7100E+00  3.2262E-28  2.0124E+05  6.1552E+16  1.3239E-11  3.0931E+08
  3.7800E+00  3.8500E+00  3.4123E-28  2.0898E+05  5.8195E+16  1.3239E-11  2.9244E+08
  3.9200E+00  3.9900E+00  3.6056E-28  2.1672E+05  5.5075E+16  1.3239E-11  2.7676E+08
  4.0600E+00  4.1300E+00  3.8064E-28  2.2446E+05  5.2170E+16  1.3239E-11  2.6216E+08
  4.2000E+00  4.2700E+00  4.0148E-28  2.3220E+05  4.9462E+16  1.3239E-11  2.4855E+08
  4.3400E+00  4.4100E+00  4.2311E-28  2.3994E+05  4.6933E+16  1.3239E-11  2.3584E+08
  4.4800E+00  4.5500E+00  4.4557E-28  2.4768E+05  4.4567E+16  1.3239E-11  2.2396E+08
  4.6200E+00  4.6900E+00  4.6888E-28  2.5542E+05  4.2352E+16  1.3239E-11  2.1282E+08
  4.7600E+00  4.8300E+00  4.9307E-28  2.6316E+05  4.0274E+16  1.3239E-11  2.0238E+08
  4.9000E+00  4.9700E+00  5.1817E-28  2.7090E+05  3.8323E+16  1.3239E-11  1.9258E+08
  5.0400E+00  5.1100E+00  5.4421E-28  2.7864E+05  3.6489E+16  1.3239E-11  1.8336E+08
  5.1800E+00  5.2500E+00  5.7122E-28  2.8638E+05  3.4764E+16  1.3239E-11  1.7469E+08
  5.3200E+00  5.3900E+00  5.9925E-28  2.9412E+05  3.3138E+16  1.3239E-11  1.6652E+08
  5.4600E+00  5.5300E+00  6.2831E-28  3.0186E+05  3.1606E+16  1.3239E-11  1.5882E+08
  5.6000E+00  5.6700E+00  6.5844E-28  3.0960E+05  3.0159E+16  1.3239E-11  1.5155E+08
  5.7400E+00  5.8100E+00  6.8969E-28  3.1734E+05  2.8793E+16  1.3239E-11  1.4469E+08
  5.8800E+00  5.9500E+00  7.2209E-28  3.2507E+05  2.7501E+16  1.3239E-11  1.3819E+08
  6.0200E+00  6.0900E+00  7.5568E-28  3.3281E+05  2.6278E+16  1.3239E-11  1.3205E+08
  6.1600E+00  6.2300E+00  7.9049E-28  3.4055E+05  2.5121E+16  1.3239E-11  1.2624E+08
  6.3000E+00  6.3700E+00  8.2657E-28  3.4829E+05  2.4025E+16  1.3239E-11  1.2073E+08
  6.4400E+00  6.5100E+00  8.6396E-28  3.5603E+05  2.2985E+16  1.3239E-11  1.1550E+08
  6.5800E+00  6.6500E+00  9.0271E-28  3.6377E+05  2.1998E+16  1.3239E-11  1.1054E+08
  6.7200E+00  6.7900E+00  9.4286E-28  3.7151E+05  2.1062E+16  1.3239E-11  1.0584E+08
  6.8600E+00  6.9300E+00  9.8444E-28  3.7925E+05  2.0172E+16  1.3239E-11  1.0137E+08
  7.0000E+00  7.0700E+00  1.0275E-27  3.8699E+05  1.9326E+16  1.3239E-11  9.7116E+07
  7.1400E+00  7.2100E+00  1.0721E-27  3.9473E+05  1.8522E+16  1.3239E-11  9.3075E+07
  7.2800E+00  7.3500E+00  1.1184E-27  4.0247E+05  1.7757E+16  1.3239E-11  8.9229E+07
  7.4200E+00  7.4900E+00  1.1662E-27  4.1021E+05  1.7028E+16  1.3239E-11  8.5568E+07
  7.5600E+00  7.6300E+00  1.2157E-27  4.1795E+05  1.6334E+16  1.3239E-11  8.2081E+07
  7.7000E+00  7.7700E+00  1.2670E-27  4.2569E+05  1.5673E+16  1.3239E-11  7.8759E+07
  7.8400E+00  7.9100E+00  1.3201E-27  4.3343E+05  1.5043E+16  1.3239E-11  7.5592E+07
  7.9800E+00  8.0500E+00  1.3751E-27  4.4117E+05  1.4442E+16  1.3239E-11  7.2571E+07
  8.1200E+00  8.1900E+00  1.4319E-27  4.4891E+05  1.3868E+16  1.3239E-11  6.9689E+07
  8.2600E+00  8.3300E+00  1.4908E-27  4.5665E+05  1.3321E+16  1.3239E-11  6.6939E+07
  8.4000E+00  8.4700E+00  1.5517E-27  4.6439E+05  1.2798E+16  1.3239E-11  6.4312E+07
  8.5400E+00  8.6100E+00  1.6146E-27  4.7213E+05  1.2299E+16  1.3239E-11  6.1804E+07
  8.6800E+00  8.7500E+00  1.6798E-27  4.7987E+05  1.1822E+16  1.3239E-11  5.9407E+07
  8.8200E+00  8.8900E+00  1.7472E-27  4.8761E+05  1.1366E+16  1.3239E-11  5.7115E+07
  8.9600E+00  9.0300E+00  1.8169E-27  4.9535E+05  1.0930E+16  1.3239E-11  5.4925E+07
  9.1000E+00  9.1700E+00  1.8889E-27  5.0309E+05  1.0513E+16  1.3239E-11  5.2830E+07
  9.2400E+00  9.3100E+00  1.9634E-27  5.1083E+05  1.0114E+16  1.3239E-11  5.0825E+07
  9.3800E+00  9.4500E+00  2.0404E-27  5.1857E+05  9.7325E+15  1.3239E-11  4.8907E+07
  9.5200E+00  9.5900E+00  2.1201E-27  5.2632E+05  9.3670E+15  1.3239E-11  4.7070E+07
  9.6600E+00  9.7300E+00  2.2023E-27  5.3406E+05  9.0171E+15  1.3239E-11  4.5312E+07
  9.8000E+00  9.8700E+00  2.2874E-27  5.4180E+05  8.6819E+15  1.3239E-11  4.3628E+07
  9.9400E+00  1.0010E+01  2.3752E-27  5.4954E+05  8.3608E+15  1.3239E-11  4.2014E+07
  1.0080E+01  1.0150E+01  2.4660E-27  5.5728E+05  8.0531E+15  1.3239E-11  4.0468E+07
  1.0220E+01  1.0290E+01  2.5598E-27  5.6502E+05  7.7581E+15  1.3239E-11  3.8985E+07
  1.0360E+01  1.0430E+01  2.6566E-27  5.7276E+05  7.4752E+15  1.3239E-11  3.7564E+07
  1.0500E+01  1.0570E+01  2.7567E-27  5.8050E+05  7.2040E+15  1.3240E-11  3.6201E+07
  1.0640E+01  1.0710E+01  2.8600E-27  5.8824E+05  6.9438E+15  1.3240E-11  3.4894E+07
  1.0780E+01  1.0850E+01  2.9666E-27  5.9598E+05  6.6942E+15  1.3240E-11  3.3639E+07
  1.0920E+01  1.0990E+01  3.0767E-27  6.0372E+05  6.4546E+15  1.3240E-11  3.2435E+07
  1.1060E+01  1.1130E+01  3.1904E-27  6.1146E+05  6.2247E+15  1.3240E-11  3.1280E+07
  1.1200E+01  1.1270E+01  3.3077E-27  6.1920E+05  6.0039E+15  1.3240E-11  3.0170E+07
  1.1340E+01  1.1410E+01  3.4288E-27  6.2694E+05  5.7919E+15  1.3240E-11  2.9105E+07
  1.1480E+01  1.1550E+01  3.5538E-27  6.3469E+05  5.5883E+15  1.3240E-11  2.8082E+07
  1.1620E+01  1.1690E+01  3.6827E-27  6.4243E+05  5.3927E+15  1.3240E-11  2.7099E+07
  1.1760E+01  1.1830E+01  3.8157E-27  6.5017E+05  5.2048E+15  1.3240E-11  2.6155E+07
  1.1900E+01  1.1970E+01  3.9529E-27  6.5791E+05  5.0242E+15  1.3240E-11  2.5247E+07
  1.2040E+01  1.2110E+01  4.0944E-27  6.6565E+05  4.8506E+15  1.3240E-11  2.4375E+07
  1.2180E+01  1.2250E+01  4.2403E-27  6.7339E+05  4.6837E+15  1.3240E-11  2.3536E+07
  1.2320E+01  1.2390E+01  4.3908E-27  6.8113E+05  4.5232E+15  1.3240E-11  2.2730E+07
  1.2460E+01  1.2530E+01  4.5459E-27  6.8888E+05  4.3689E+15  1.3240E-11  2.1954E+07
  1.2600E+01  1.2670E+01  4.7059E-27  6.9662E+05  4.2204E+15  1.3241E-11  2.1208E+07
  1.2740E+01  1.2810E+01  4.8707E-27  7.0436E+05  4.0776E+15  1.3241E-11  2.0490E+07
  1.2880E+01  1.2950E+01  5.0407E-27  7.1210E+05  3.9402E+15  1.3241E-11  1.9800E+07
  1.3020E+01  1.3090E+01  5.2158E-27  7.1984E+05  3.8079E+15  1.3241E-11  1.9135E+07
  1.3160E+01  1.3230E+01  5.3962E-27  7.2759E+05  3.6806E+15  1.3241E-11  1.8495E+07
  1.3300E+01  1.3370E+01  5.5821E-27  7.3533E+05  3.5581E+15  1.3241E-11  1.7880E+07
  1.3440E+01  1.3510E+01  5.7736E-27  7.4307E+05  3.4401E+15  1.3241E-11  1.7287E+07
  1.3580E+01  1.3650E+01  5.9709E-27  7.5081E+05  3.3264E+15  1.3241E-11  1.6716E+07
  1.3720E+01  1.3790E+01  6.1741E-27  7.5856E+05  3.2170E+15  1.3242E-11  1.6166E+07
  1.3860E+01  1.3930E+01  6.3833E-27  7.6630E+05  3.1116E+15  1.3242E-11  1.5636E+07
  1.4000E+01  1.4070E+01  6.5988E-27  7.7404E+05  3.0100E+15  1.3242E-11  1.5126E+07
  1.4140E+01  1.4210E+01  6.8206E-27  7.8179E+05  2.9122E+15  1.3242E-11  1.4634E+07
  1.4280E+01  1.4350E+01  7.0490E-27  7.8953E+05  2.8179E+15  1.3242E-11  1.4160E+07
  1.4420E+01  1.4490E+01  7.2840E-27  7.9728E+05  2.7270E+15  1.3242E-11  1.3703E+07
  1.4560E+01  1.4630E+01  7.5260E-27  8.0502E+05  2.6393E+15  1.3242E-11  1.3263E+07
  1.4700E+01  1.4770E+01  7.7750E-27  8.1276E+05  2.5548E+15  1.3243E-11  1.2838E+07
  1.4840E+01  1.4910E+01  8.0311E-27  8.2051E+05  2.4734E+15  1.3243E-11  1.2429E+07
  1.4980E+01  1.5050E+01  8.2947E-27  8.2825E+05  2.3948E+15  1.3243E-11  1.2034E+07
  1.5120E+01  1.5190E+01  8.5659E-27  8.3600E+05  2.3190E+15  1.3243E-11  1.1653E+07
  1.5260E+01  1.5330E+01  8.8449E-27  8.4374E+05  2.2459E+15  1.3244E-11  1.1286E+07
  1.5400E+01  1.5470E+01  9.1318E-27  8.5149E+05  2.1754E+15  1.3244E-11  1.0932E+07
  1.5540E+01  1.5610E+01  9.4268E-27  8.5924E+05  2.1074E+15  1.3244E-11  1.0590E+07
  1.5680E+01  1.5750E+01  9.7302E-27  8.6698E+05  2.0417E+15  1.3244E-11  1.0260E+07
  1.5820E+01  1.5890E+01  1.0042E-26  8.7473E+05  1.9783E+15  1.3244E-11  9.9412E+06
  1.5960E+01  1.6030E+01  1.0363E-26  8.8248E+05  1.9171E+15  1.3245E-11  9.6338E+06
  1.6100E+01  1.6170E+01  1.0693E-26  8.9022E+05  1.8581E+15  1.3245E-11  9.3370E+06
  1.6240E+01  1.6310E+01  1.1031E-26  8.9797E+05  1.8010E+15  1.3245E-11  9.0504E+06
  1.6380E+01  1.6450E+01  1.1380E-26  9.0572E+05  1.7460E+15  1.3246E-11  8.7736E+06
  1.6520E+01  1.6590E+01  1.1737E-26  9.1347E+05  1.6928E+15  1.3246E-11  8.5063E+06
  1.6660E+01  1.6730E+01  1.2105E-26  9.2121E+05  1.6414E+15  1.3246E-11  8.2481E+06
  1.6800E+01  1.6870E+01  1.2483E-26  9.2896E+05  1.5917E+15  1.3247E-11  7.9987E+06
  1.6940E+01  1.7010E+01  1.2871E-26  9.3671E+05  1.5438E+15  1.3247E-11  7.7577E+06
  1.7080E+01  1.7150E+01  1.3270E-26  9.4446E+05  1.4975E+15  1.3247E-11  7.5249E+06
  1.7220E+01  1.7290E+01  1.3679E-26  9.5221E+05  1.4527E+15  1.3248E-11  7.2999E+06
  1.7360E+01  1.7430E+01  1.4100E-26  9.5996E+05  1.4094E+15  1.3248E-11  7.0824E+06
  1.7500E+01  1.7570E+01  1.4531E-26  9.6772E+05  1.3676E+15  1.3249E-11  6.8722E+06
  1.7640E+01  1.7710E+01  1.4975E-26  9.7547E+05  1.3271E+15  1.3249E-11  6.6690E+06
  1.7780E+01  1.7850E+01  1.5430E-26  9.8322E+05  1.2880E+15  1.3249E-11  6.4725E+06
  1.7920E+01  1.7990E+01  1.5897E-26  9.9097E+05  1.2502E+15  1.3250E-11  6.2825E+06
  1.8060E+01  1.8130E+01  1.6376E-26  9.9873E+05  1.2137E+15  1.3250E-11  6.0988E+06
  1.8200E+01  1.8270E+01  1.6868E-26  1.0065E+06  1.1783E+15  1.3251E-11  5.9211E+06
  1.8340E+01  1.8410E+01  1.7373E-26  1.0142E+06  1.1441E+15  1.3251E-11  5.7492E+06
  1.8480E+01  1.8550E+01  1.7892E-26  1.0220E+06  1.1110E+15  1.3252E-11  5.5829E+06
  1.8620E+01  1.8690E+01  1.8423E-26  1.0297E+06  1.0790E+15  1.3252E-11  5.4220E+06
  1.8760E+01  1.8830E+01  1.8969E-26  1.0375E+06  1.0480E+15  1.3253E-11  5.2664E+06
  1.8900E+01  1.8970E+01  1.9528E-26  1.0453E+06  1.0180E+15  1.3254E-11  5.1157E+06
  1.9040E+01  1.9110E+01  2.0102E-26  1.0530E+06  9.8902E+14  1.3254E-11  4.9699E+06
  1.9180E+01  1.9250E+01  2.0690E-26  1.0608E+06  9.6093E+14  1.3255E-11  4.8288E+06
  1.9320E+01  1.9390E+01  2.1294E-26  1.0685E+06  9.3374E+14  1.3256E-11  4.6922E+06
  1.9460E+01  1.9530E+01  2.1913E-26  1.0763E+06  9.0742E+14  1.3256E-11  4.5599E+06
  1.9600E+01  1.9670E+01  2.2547E-26  1.0841E+06  8.8193E+14  1.3257E-11  4.4318E+06
  1.9740E+01  1.9810E+01  2.3198E-26  1.0918E+06  8.5725E+14  1.3258E-11  4.3078E+06
  1.9880E+01  1.9950E+01  2.3865E-26  1.0996E+06  8.3335E+14  1.3258E-11  4.1877E+06
  2.0020E+01  2.0090E+01  2.4548E-26  1.1073E+06  8.1020E+14  1.3259E-11  4.0713E+06
  2.0160E+01  2.0230E+01  2.5248E-26  1.1151E+06  7.8777E+14  1.3260E-11  3.9586E+06
  2.0300E+01  2.0370E+01  2.5966E-26  1.1229E+06  7.6604E+14  1.3261E-11  3.8494E+06
  2.0440E+01  2.0510E+01  2.6702E-26  1.1306E+06  7.4499E+14  1.3262E-11  3.7437E+06
  2.0580E+01  2.0650E+01  2.7455E-26  1.1384E+06  7.2459E+14  1.3263E-11  3.6412E+06
  2.0720E+01  2.0790E+01  2.8227E-26  1.1462E+06  7.0483E+14  1.3264E-11  3.5418E+06
  2.0860E+01  2.0930E+01  2.9018E-26  1.1540E+06  6.8567E+14  1.3265E-11  3.4455E+06
  2.1000E+01  2.1070E+01  2.9828E-26  1.1617E+06  6.6710E+14  1.3266E-11  3.3522E+06
  2.1140E+01  2.1210E+01  3.0658E-26  1.1695E+06  6.4909E+14  1.3267E-11  3.2618E+06
  2.1280E+01  2.1350E+01  3.1508E-26  1.1773E+06  6.3164E+14  1.3268E-11  3.1740E+06
  2.1420E+01  2.1490E+01  3.2378E-26  1.1851E+06  6.1472E+14  1.3269E-11  3.0890E+06
  2.1560E+01  2.1630E+01  3.3269E-26  1.1928E+06  5.9831E+14  1.3270E-11  3.0065E+06
  2.1700E+01  2.1770E+01  3.4181E-26  1.2006E+06  5.8239E+14  1.3271E-11  2.9266E+06
  2.1840E+01  2.1910E+01  3.5115E-26  1.2084E+06  5.6695E+14  1.3273E-11  2.8490E+06
  2.1980E+01  2.2050E+01  3.6071E-26  1.2162E+06  5.5198E+14  1.3274E-11  2.7738E+06
  2.2120E+01  2.2190E+01  3.7050E-26  1.2240E+06  5.3746E+14  1.3275E-11  2.7008E+06
  2.2260E+01  2.2330E+01  3.8051E-26  1.2317E+06  5.2336E+14  1.3277E-11  2.6300E+06
  2.2400E+01  2.2470E+01  3.9076E-26  1.2395E+06  5.0969E+14  1.3278E-11  2.5613E+06
  2.2540E+01  2.2610E+01  4.0125E-26  1.2473E+06  4.9642E+14  1.3280E-11  2.4946E+06
  2.2680E+01  2.2750E+01  4.1198E-26  1.2551E+06  4.8355E+14  1.3281E-11  2.4299E+06
  2.2820E+01  2.2890E+01  4.2296E-26  1.2629E+06  4.7105E+14  1.3283E-11  2.3671E+06
  2.2960E+01  2.3030E+01  4.3420E-26  1.2707E+06  4.5892E+14  1.3284E-11  2.3061E+06
  2.3100E+01  2.3170E+01  4.4569E-26  1.2785E+06  4.4714E+14  1.3286E-11  2.2469E+06
  2.3240E+01  2.3310E+01  4.5744E-26  1.2863E+06  4.3571E+14  1.3288E-11  2.1895E+06
  2.3380E+01  2.3450E+01  4.6947E-26  1.2941E+06  4.2461E+14  1.3289E-11  2.1337E+06
  2.3520E+01  2.3590E+01  4.8176E-26  1.3019E+06  4.1383E+14  1.3291E-11  2.0795E+06
  2.3660E+01  2.3730E+01  4.9434E-26  1.3097E+06  4.0336E+14  1.3293E-11  2.0269E+06
  2.3800E+01  2.3870E+01  5.0720E-26  1.3175E+06  3.9319E+14  1.3295E-11  1.9758E+06
  2.3940E+01  2.4010E+01  5.2034E-26  1.3253E+06  3.8331E+14  1.3297E-11  1.9262E+06
  2.4080E+01  2.4150E+01  5.3379E-26  1.3331E+06  3.7372E+14  1.3299E-11  1.8780E+06
  2.4220E+01  2.4290E+01  5.4753E-26  1.3409E+06  3.6440E+14  1.3301E-11  1.8311E+06
  2.4360E+01  2.4430E+01  5.6157E-26  1.3488E+06  3.5534E+14  1.3304E-11  1.7856E+06
  2.4500E+01  2.4570E+01  5.7593E-26  1.3566E+06  3.4655E+14  1.3306E-11  1.7414E+06
  2.4640E+01  2.4710E+01  5.9061E-26  1.3644E+06  3.3799E+14  1.3308E-11  1.6985E+06
  2.4780E+01  2.4850E+01  6.0561E-26  1.3722E+06  3.2968E+14  1.3311E-11  1.6567E+06
  2.4920E+01  2.4990E+01  6.2094E-26  1.3801E+06  3.2161E+14  1.3313E-11  1.6161E+06
  2.5060E+01  2.5130E+01  6.3660E-26  1.3879E+06  3.1375E+14  1.3316E-11  1.5766E+06
  2.5200E+01  2.5270E+01  6.5260E-26  1.3957E+06  3.0612E+14  1.3319E-11  1.5383E+06
  2.5340E+01  2.5410E+01  6.6896E-26  1.4036E+06  2.9870E+14  1.3321E-11  1.5010E+06
  2.5480E+01  2.5550E+01  6.8566E-26  1.4114E+06  2.9148E+14  1.3324E-11  1.4647E+06
  2.5620E+01  2.5690E+01  7.0273E-26  1.4193E+06  2.8447E+14  1.3327E-11  1.4295E+06
  2.5760E+01  2.5830E+01  7.2016E-26  1.4271E+06  2.7765E+14  1.3330E-11  1.3952E+06
  2.5900E+01  2.5970E+01  7.3797E-26  1.4350E+06  2.7101E+14  1.3333E-11  1.3618E+06
  2.6040E+01  2.6110E+01  7.5616E-26  1.4428E+06  2.6455E+14  1.3336E-11  1.3294E+06
  2.6180E+01  2.6250E+01  7.7473E-26  1.4507E+06  2.5828E+14  1.3340E-11  1.2979E+06
  2.6320E+01  2.6390E+01  7.9370E-26  1.4586E+06  2.5217E+14  1.3343E-11  1.2672E+06
  2.6460E+01  2.6530E+01  8.1307E-26  1.4664E+06  2.4622E+14  1.3347E-11  1.2373E+06
  2.6600E+01  2.6670E+01  8.3285E-26  1.4743E+06  2.4044E+14  1.3350E-11  1.2082E+06
  2.6740E+01  2.6810E+01  8.5305E-26  1.4822E+06  2.3481E+14  1.3354E-11  1.1800E+06
  2.6880E+01  2.6950E+01  8.7366E-26  1.4901E+06  2.2934E+14  1.3358E-11  1.1525E+06
  2.7020E+01  2.7090E+01  8.9471E-26  1.4980E+06  2.2401E+14  1.3362E-11  1.1257E+06
  2.7160E+01  2.7230E+01  9.1620E-26  1.5058E+06  2.1882E+14  1.3366E-11  1.0996E+06
  2.7300E+01  2.7370E+01  9.3814E-26  1.5137E+06  2.1377E+14  1.3370E-11  1.0742E+06
  2.7440E+01  2.7510E+01  9.6052E-26  1.5216E+06  2.0886E+14  1.3374E-11  1.0495E+06
  2.7580E+01  2.7650E+01  9.8338E-26  1.5296E+06  2.0407E+14  1.3379E-11  1.0255E+06
  2.7720E+01  2.7790E+01  1.0067E-25  1.5375E+06  1.9941E+14  1.3383E-11  1.0021E+06
  2.7860E+01  2.7930E+01  1.0305E-25  1.5454E+06  1.9488E+14  1.3388E-11  9.7927E+05
  2.8000E+01  2.8070E+01  1.0548E-25  1.5533E+06  1.9046E+14  1.3393E-11  9.5706E+05
  2.8140E+01  2.8210E+01  1.0796E-25  1.5613E+06  1.8615E+14  1.3398E-11  9.3544E+05
  2.8280E+01  2.8350E+01  1.1049E-25  1.5692E+06  1.8196E+14  1.3403E-11  9.1438E+05
  2.8420E+01  2.8490E+01  1.1307E-25  1.5771E+06  1.7788E+14  1.3408E-11  8.9386E+05
  2.8560E+01  2.8630E+01  1.1570E-25  1.5851E+06  1.7390E+14  1.3414E-11  8.7388E+05
  2.8700E+01  2.8770E+01  1.1838E-25  1.5931E+06  1.7003E+14  1.3419E-11  8.5441E+05
  2.8840E+01  2.8910E+01  1.2112E-25  1.6010E+06  1.6625E+14  1.3425E-11  8.3544E+05
  2.8980E+01  2.9050E+01  1.2392E-25  1.6090E+06  1.6257E+14  1.3431E-11  8.1695E+05
  2.9120E+01  2.9190E+01  1.2677E-25  1.6170E+06  1.5899E+14  1.3437E-11  7.9894E+05
  2.9260E+01  2.9330E+01  1.2968E-25  1.6250E+06  1.5550E+14  1.3443E-11  7.8139E+05
  2.9400E+01  2.9470E+01  1.3264E-25  1.6330E+06  1.5209E+14  1.3449E-11  7.6428E+05
  2.9540E+01  2.9610E+01  1.3567E-25  1.6410E+06  1.4878E+14  1.3456E-11  7.4761E+05
  2.9680E+01  2.9750E+01  1.3875E-25  1.6490E+06  1.4554E+14  1.3463E-11  7.3136E+05
  2.9820E+01  2.9890E+01  1.4190E-25  1.6570E+06  1.4239E+14  1.3470E-11  7.1551E+05
  2.9960E+01  3.0030E+01  1.4510E-25  1.6650E+06  1.3931E+14  1.3477E-11  7.0007E+05
  3.0100E+01  3.0170E+01  1.4837E-25  1.6731E+06  1.3632E+14  1.3484E-11  6.8501E+05
  3.0240E+01  3.0310E+01  1.5171E-25  1.6811E+06  1.3340E+14  1.3492E-11  6.7033E+05
  3.0380E+01  3.0450E+01  1.5511E-25  1.6892E+06  1.3055E+14  1.3499E-11  6.5601E+05
  3.0520E+01  3.0590E+01  1.5858E-25  1.6972E+06  1.2777E+14  1.3507E-11  6.4204E+05
  3.0660E+01  3.0730E+01  1.6211E-25  1.7053E+06  1.2506E+14  1.3515E-11  6.2842E+05
  3.0800E+01  3.0870E+01  1.6571E-25  1.7134E+06  1.2241E+14  1.3524E-11  6.1514E+05
  3.0940E+01  3.1010E+01  1.6939E-25  1.7215E+06  1.1984E+14  1.3533E-11  6.0218E+05
  3.1080E+01  3.1150E+01  1.7313E-25  1.7296E+06  1.1732E+14  1.3541E-11  5.8955E+05
  3.1220E+01  3.1290E+01  1.7695E-25  1.7377E+06  1.1487E+14  1.3550E-11  5.7722E+05
  3.1360E+01  3.1430E+01  1.8084E-25  1.7458E+06  1.1247E+14  1.3560E-11  5.6519E+05
  3.1500E+01  3.1570E+01  1.8480E-25  1.7540E+06  1.1014E+14  1.3569E-11  5.5345E+05
  3.1640E+01  3.1710E+01  1.8885E-25  1.7621E+06  1.0786E+14  1.3579E-11  5.4199E+05
  3.1780E+01  3.1850E+01  1.9297E-25  1.7703E+06  1.0563E+14  1.3589E-11  5.3082E+05
  3.1920E+01  3.1990E+01  1.9717E-25  1.7785E+06  1.0346E+14  1.3600E-11  5.1991E+05
  3.2060E+01  3.2130E+01  2.0144E-25  1.7867E+06  1.0134E+14  1.3610E-11  5.0927E+05
  3.2200E+01  3.2270E+01  2.0580E-25  1.7949E+06  9.9277E+13  1.3621E-11  4.9888E+05
  3.2340E+01  3.2410E+01  2.1025E-25  1.8031E+06  9.7258E+13  1.3632E-11  4.8873E+05
  3.2480E+01  3.2550E+01  2.1478E-25  1.8113E+06  9.5288E+13  1.3644E-11  4.7883E+05
  3.2620E+01  3.2690E+01  2.1939E-25  1.8196E+06  9.3365E+13  1.3656E-11  4.6917E+05
  3.2760E+01  3.2830E+01  2.2409E-25  1.8278E+06  9.1487E+13  1.3668E-11  4.5973E+05
  3.2900E+01  3.2970E+01  2.2889E-25  1.8361E+06  8.9653E+13  1.3680E-11  4.5052E+05
  3.3040E+01  3.3110E+01  2.3377E-25  1.8444E+06  8.7863E+13  1.3693E-11  4.4152E+05
  3.3180E+01  3.3250E+01  2.3874E-25  1.8527E+06  8.6114E+13  1.3706E-11  4.3273E+05
  3.3320E+01  3.3390E+01  2.4381E-25  1.8610E+06  8.4407E+13  1.3720E-11  4.2415E+05
  3.3460E+01  3.3530E+01  2.4898E-25  1.8694E+06  8.2739E+13  1.3734E-11  4.1577E+05
  3.3600E+01  3.3670E+01  2.5424E-25  1.8777E+06  8.1111E+13  1.3748E-11  4.0759E+05
  3.3740E+01  3.3810E+01  2.5960E-25  1.8861E+06  7.9520E+13  1.3762E-11  3.9959E+05
  3.3880E+01  3.3950E+01  2.6506E-25  1.8945E+06  7.7966E+13  1.3777E-11  3.9178E+05
  3.4020E+01  3.4090E+01  2.7062E-25  1.9029E+06  7.6447E+13  1.3792E-11  3.8416E+05
  3.4160E+01  3.4230E+01  2.7629E-25  1.9113E+06  7.4964E+13  1.3808E-11  3.7670E+05
  3.4300E+01  3.4370E+01  2.8206E-25  1.9197E+06  7.3515E+13  1.3824E-11  3.6942E+05
  3.4440E+01  3.4510E+01  2.8795E-25  1.9282E+06  7.2099E+13  1.3841E-11  3.6230E+05
  3.4580E+01  3.4650E+01  2.9394E-25  1.9367E+06  7.0716E+13  1.3858E-11  3.5535E+05
  3.4720E+01  3.4790E+01  3.0004E-25  1.9452E+06  6.9363E+13  1.3875E-11  3.4856E+05
  3.4860E+01  3.4930E+01  3.0626E-25  1.9537E+06  6.8042E+13  1.3893E-11  3.4192E+05
  3.5000E+01  3.5070E+01  3.1260E-25  1.9623E+06  6.6751E+13  1.3911E-11  3.3543E+05
  3.5140E+01  3.5210E+01  3.1905E-25  1.9708E+06  6.5489E+13  1.3930E-11  3.2909E+05
  3.5280E+01  3.5350E+01  3.2562E-25  1.9794E+06  6.4255E+13  1.3949E-11  3.2289E+05
  3.5420E+01  3.5490E+01  3.3232E-25  1.9880E+06  6.3049E+13  1.3968E-11  3.1683E+05
  3.5560E+01  3.5630E+01  3.3914E-25  1.9967E+06  6.1870E+13  1.3989E-11  3.1090E+05
  3.5700E+01  3.5770E+01  3.4609E-25  2.0053E+06  6.0717E+13  1.4009E-11  3.0511E+05
  3.5840E+01  3.5910E+01  3.5317E-25  2.0140E+06  5.9591E+13  1.4030E-11  2.9945E+05
  3.5980E+01  3.6050E+01  3.6037E-25  2.0227E+06  5.8489E+13  1.4052E-11  2.9391E+05
  3.6120E+01  3.6190E+01  3.6772E-25  2.0315E+06  5.7412E+13  1.4074E-11  2.8850E+05
  3.6260E+01  3.6330E+01  3.7520E-25  2.0402E+06  5.6358E+13  1.4097E-11  2.8321E+05
  3.6400E+01  3.6470E+01  3.8282E-25  2.0490E+06  5.5328E+13  1.4121E-11  2.7803E+05
  3.6540E+01  3.6610E+01  3.9058E-25  2.0578E+06  5.4321E+13  1.4145E-11  2.7297E+05
  3.6680E+01  3.6750E+01  3.9849E-25  2.0667E+06  5.3336E+13  1.4169E-11  2.6802E+05
  3.6820E+01  3.6890E+01  4.0654E-25  2.0756E+06  5.2372E+13  1.4194E-11  2.6317E+05
  3.6960E+01  3.7030E+01  4.1474E-25  2.0845E+06  5.1429E+13  1.4220E-11  2.5844E+05
  3.7100E+01  3.7170E+01  4.2310E-25  2.0934E+06  5.0507E+13  1.4247E-11  2.5380E+05
  3.7240E+01  3.7310E+01  4.3161E-25  2.1024E+06  4.9606E+13  1.4274E-11  2.4927E+05
  3.7380E+01  3.7450E+01  4.4028E-25  2.1114E+06  4.8723E+13  1.4302E-11  2.4484E+05
  3.7520E+01  3.7590E+01  4.4912E-25  2.1204E+06  4.7860E+13  1.4330E-11  2.4050E+05
  3.7660E+01  3.7730E+01  4.5812E-25  2.1294E+06  4.7016E+13  1.4359E-11  2.3626E+05
  3.7800E+01  3.7870E+01  4.6728E-25  2.1385E+06  4.6189E+13  1.4389E-11  2.3211E+05
  3.7940E+01  3.8010E+01  4.7662E-25  2.1477E+06  4.5381E+13  1.4420E-11  2.2804E+05
  3.8080E+01  3.8150E+01  4.8614E-25  2.1568E+06  4.4590E+13  1.4451E-11  2.2407E+05
  3.8220E+01  3.8290E+01  4.9583E-25  2.1660E+06  4.3815E+13  1.4483E-11  2.2018E+05
  3.8360E+01  3.8430E+01  5.0570E-25  2.1753E+06  4.3058E+13  1.4516E-11  2.1637E+05
  3.8500E+01  3.8570E+01  5.1576E-25  2.1845E+06  4.2316E+13  1.4550E-11  2.1264E+05
  3.8640E+01  3.8710E+01  5.2601E-25  2.1938E+06  4.1591E+13  1.4585E-11  2.0900E+05
  3.8780E+01  3.8850E+01  5.3645E-25  2.2032E+06  4.0880E+13  1.4620E-11  2.0543E+05
  3.8920E+01  3.8990E+01  5.4709E-25  2.2126E+06  4.0185E+13  1.4657E-11  2.0193E+05
  3.9060E+01  3.9130E+01  5.5792E-25  2.2220E+06  3.9505E+13  1.4694E-11  1.9852E+05
  3.9200E+01  3.9270E+01  5.6897E-25  2.2315E+06  3.8839E+13  1.4732E-11  1.9517E+05
  3.9340E+01  3.9410E+01  5.8022E-25  2.2410E+06  3.8187E+13  1.4771E-11  1.9189E+05
  3.9480E+01  3.9550E+01  5.9169E-25  2.2505E+06  3.7548E+13  1.4811E-11  1.8868E+05
  3.9620E+01  3.9690E+01  6.0337E-25  2.2601E+06  3.6923E+13  1.4852E-11  1.8554E+05
  3.9760E+01  3.9830E+01  6.1527E-25  2.2698E+06  3.6311E+13  1.4895E-11  1.8247E+05
  3.9900E+01  3.9970E+01  6.2741E-25  2.2795E+06  3.5712E+13  1.4938E-11  1.7946E+05
  4.0040E+01  4.0110E+01  6.3977E-25  2.2892E+06  3.5126E+13  1.4982E-11  1.7651E+05
  4.0180E+01  4.0250E+01  6.5237E-25  2.2990E+06  3.4551E+13  1.5027E-11  1.7362E+05
  4.0320E+01  4.0390E+01  6.6521E-25  2.3088E+06  3.3989E+13  1.5073E-11  1.7080E+05
  4.0460E+01  4.0530E+01  6.7830E-25  2.3187E+06  3.3438E+13  1.5121E-11  1.6803E+05
  4.0600E+01  4.0670E+01  6.9164E-25  2.3286E+06  3.2899E+13  1.5170E-11  1.6532E+05
  4.0740E+01  4.0810E+01  7.0523E-25  2.3386E+06  3.2371E+13  1.5219E-11  1.6267E+05
  4.0880E+01  4.0950E+01  7.1909E-25  2.3487E+06  3.1853E+13  1.5271E-11  1.6007E+05
  4.1020E+01  4.1090E+01  7.3322E-25  2.3587E+06  3.1347E+13  1.5323E-11  1.5752E+05
  4.1160E+01  4.1230E+01  7.4762E-25  2.3689E+06  3.0851E+13  1.5377E-11  1.5503E+05
  4.1300E+01  4.1370E+01  7.6230E-25  2.3791E+06  3.0365E+13  1.5432E-11  1.5259E+05
  4.1440E+01  4.1510E+01  7.7727E-25  2.3893E+06  2.9889E+13  1.5488E-11  1.5019E+05
  4.1580E+01  4.1650E+01  7.9252E-25  2.3997E+06  2.9422E+13  1.5546E-11  1.4785E+05
  4.1720E+01  4.1790E+01  8.0808E-25  2.4100E+06  2.8966E+13  1.5605E-11  1.4556E+05
  4.1860E+01  4.1930E+01  8.2394E-25  2.4205E+06  2.8518E+13  1.5665E-11  1.4331E+05
  4.2000E+01  4.2070E+01  8.4012E-25  2.4309E+06  2.8080E+13  1.5727E-11  1.4111E+05
  4.2140E+01  4.2210E+01  8.5661E-25  2.4415E+06  2.7651E+13  1.5791E-11  1.3895E+05
  4.2280E+01  4.2350E+01  8.7343E-25  2.4521E+06  2.7230E+13  1.5856E-11  1.3683E+05
  4.2420E+01  4.2490E+01  8.9059E-25  2.4628E+06  2.6818E+13  1.5923E-11  1.3476E+05
  4.2560E+01  4.2630E+01  9.0808E-25  2.4735E+06  2.6415E+13  1.5991E-11  1.3274E+05
  4.2700E+01  4.2770E+01  9.2593E-25  2.4844E+06  2.6019E+13  1.6061E-11  1.3075E+05
  4.2840E+01  4.2910E+01  9.4413E-25  2.4952E+06  2.5632E+13  1.6133E-11  1.2880E+05
  4.2980E+01  4.3050E+01  9.6269E-25  2.5062E+06  2.5252E+13  1.6207E-11  1.2689E+05
  4.3120E+01  4.3190E+01  9.8163E-25  2.5172E+06  2.4880E+13  1.6282E-11  1.2503E+05
  4.3260E+01  4.3330E+01  1.0010E-24  2.5283E+06  2.4516E+13  1.6360E-11  1.2320E+05
  4.3400E+01  4.3470E+01  1.0207E-24  2.5394E+06  2.4159E+13  1.6439E-11  1.2140E+05
  4.3540E+01  4.3610E+01  1.0408E-24  2.5507E+06  2.3809E+13  1.6520E-11  1.1964E+05
  4.3680E+01  4.3750E+01  1.0613E-24  2.5620E+06  2.3466E+13  1.6604E-11  1.1792E+05
  4.3820E+01  4.3890E+01  1.0822E-24  2.5734E+06  2.3131E+13  1.6689E-11  1.1623E+05
  4.3960E+01  4.4030E+01  1.1036E-24  2.5848E+06  2.2802E+13  1.6776E-11  1.1458E+05
  4.4100E+01  4.4170E+01  1.1254E-24  2.5964E+06  2.2479E+13  1.6866E-11  1.1296E+05
  4.4240E+01  4.4310E+01  1.1477E-24  2.6080E+06  2.2163E+13  1.6958E-11  1.1137E+05
  4.4380E+01  4.4450E+01  1.1704E-24  2.6197E+06  2.1854E+13  1.7052E-11  1.0982E+05
  4.4520E+01  4.4590E+01  1.1936E-24  2.6315E+06  2.1550E+13  1.7149E-11  1.0829E+05
  4.4660E+01  4.4730E+01  1.2173E-24  2.6433E+06  2.1253E+13  1.7248E-11  1.0680E+05
  4.4800E+01  4.4870E+01  1.2414E-24  2.6553E+06  2.0962E+13  1.7349E-11  1.0534E+05
  4.4940E+01  4.5010E+01  1.2661E-24  2.6673E+06  2.0677E+13  1.7453E-11  1.0390E+05
  4.5080E+01  4.5150E+01  1.2913E-24  2.6794E+06  2.0397E+13  1.7560E-11  1.0250E+05
  4.5220E+01  4.5290E+01  1.3170E-24  2.6916E+06  2.0123E+13  1.7669E-11  1.0112E+05
  4.5360E+01  4.5430E+01  1.3433E-24  2.7039E+06  1.9855E+13  1.7781E-11  9.9772E+04
  4.5500E+01  4.5570E+01  1.3701E-24  2.7163E+06  1.9592E+13  1.7896E-11  9.8450E+04
  4.5640E+01  4.5710E+01  1.3975E-24  2.7288E+06  1.9334E+13  1.8014E-11  9.7155E+04
  4.5780E+01  4.5850E+01  1.4255E-24  2.7413E+06  1.9081E+13  1.8135E-11  9.5886E+04
  4.5920E+01  4.5990E+01  1.4541E-24  2.7540E+06  1.8834E+13  1.8258E-11  9.4643E+04
  4.6060E+01  4.6130E+01  1.4833E-24  2.7668E+06  1.8592E+13  1.8385E-11  9.3425E+04
  4.6200E+01  4.6270E+01  1.5132E-24  2.7796E+06  1.8354E+13  1.8516E-11  9.2232E+04
  4.6340E+01  4.6410E+01  1.5436E-24  2.7926E+06  1.8122E+13  1.8649E-11  9.1063E+04
  4.6480E+01  4.6550E+01  1.5748E-24  2.8056E+06  1.7894E+13  1.8786E-11  8.9918E+04
  4.6620E+01  4.6690E+01  1.6066E-24  2.8188E+06  1.7670E+13  1.8927E-11  8.8796E+04
  4.6760E+01  4.6830E+01  1.6391E-24  2.8320E+06  1.7452E+13  1.9071E-11  8.7697E+04
  4.6900E+01  4.6970E+01  1.6724E-24  2.8454E+06  1.7237E+13  1.9219E-11  8.6620E+04
  4.7040E+01  4.7110E+01  1.7063E-24  2.8588E+06  1.7028E+13  1.9370E-11  8.5566E+04
  4.7180E+01  4.7250E+01  1.7410E-24  2.8724E+06  1.6822E+13  1.9526E-11  8.4533E+04
  4.7320E+01  4.7390E+01  1.7765E-24  2.8861E+06  1.6621E+13  1.9685E-11  8.3521E+04
  4.7460E+01  4.7530E+01  1.8128E-24  2.8998E+06  1.6424E+13  1.9849E-11  8.2530E+04
  4.7600E+01  4.7670E+01  1.8499E-24  2.9137E+06  1.6230E+13  2.0016E-11  8.1560E+04
  4.7740E+01  4.7810E+01  1.8878E-24  2.9277E+06  1.6041E+13  2.0188E-11  8.0609E+04
  4.7880E+01  4.7950E+01  1.9265E-24  2.9418E+06  1.5856E+13  2.0365E-11  7.9679E+04
  4.8020E+01  4.8090E+01  1.9661E-24  2.9560E+06  1.5675E+13  2.0546E-11  7.8767E+04
  4.8160E+01  4.8230E+01  2.0066E-24  2.9703E+06  1.5497E+13  2.0732E-11  7.7875E+04
  4.8300E+01  4.8370E+01  2.0481E-24  2.9847E+06  1.5323E+13  2.0923E-11  7.7002E+04
  4.8440E+01  4.8510E+01  2.0904E-24  2.9992E+06  1.5153E+13  2.1118E-11  7.6147E+04
  4.8580E+01  4.8650E+01  2.1338E-24  3.0139E+06  1.4987E+13  2.1319E-11  7.5310E+04
  4.8720E+01  4.8790E+01  2.1781E-24  3.0287E+06  1.4824E+13  2.1525E-11  7.4491E+04
  4.8860E+01  4.8930E+01  2.2234E-24  3.0435E+06  1.4664E+13  2.1737E-11  7.3689E+04
  4.9000E+01  4.9070E+01  2.2697E-24  3.0585E+06  1.4508E+13  2.1953E-11  7.2905E+04
  4.9140E+01  4.9210E+01  2.3171E-24  3.0736E+06  1.4355E+13  2.2176E-11  7.2137E+04
  4.9280E+01  4.9350E+01  2.3656E-24  3.0889E+06  1.4206E+13  2.2405E-11  7.1386E+04
  4.9420E+01  4.9490E+01  2.4153E-24  3.1042E+06  1.4060E+13  2.2639E-11  7.0651E+04
  4.9560E+01  4.9630E+01  2.4660E-24  3.1197E+06  1.3917E+13  2.2880E-11  6.9933E+04
  4.9700E+01  4.9770E+01  2.5179E-24  3.1352E+06  1.3777E+13  2.3126E-11  6.9230E+04
  4.9840E+01  4.9910E+01  2.5710E-24  3.1509E+06  1.3640E+13  2.3380E-11  6.8543E+04
  4.9980E+01  5.0050E+01  2.6254E-24  3.1668E+06  1.3506E+13  2.3640E-11  6.7871E+04
  5.0120E+01  5.0190E+01  2.6810E-24  3.1827E+06  1.3376E+13  2.3907E-11  6.7214E+04
  5.0260E+01  5.0330E+01  2.7378E-24  3.1987E+06  1.3248E+13  2.4181E-11  6.6572E+04
  5.0400E+01  5.0470E+01  2.7960E-24  3.2149E+06  1.3123E+13  2.4462E-11  6.5944E+04
  5.0540E+01  5.0610E+01  2.8556E-24  3.2312E+06  1.3001E+13  2.4751E-11  6.5331E+04
  5.0680E+01  5.0750E+01  2.9165E-24  3.2476E+06  1.2882E+13  2.5047E-11  6.4733E+04
  5.0820E+01  5.0890E+01  2.9788E-24  3.2641E+06  1.2765E+13  2.5351E-11  6.4148E+04
  5.0960E+01  5.1030E+01  3.0426E-24  3.2808E+06  1.2652E+13  2.5664E-11  6.3577E+04
  5.1100E+01  5.1170E+01  3.1079E-24  3.2975E+06  1.2541E+13  2.5984E-11  6.3019E+04
  5.1240E+01  5.1310E+01  3.1746E-24  3.3144E+06  1.2433E+13  2.6313E-11  6.2475E+04
  5.1380E+01  5.1450E+01  3.2429E-24  3.3314E+06  1.2327E+13  2.6651E-11  6.1944E+04
  5.1520E+01  5.1590E+01  3.3128E-24  3.3485E+06  1.2224E+13  2.6998E-11  6.1426E+04
  5.1660E+01  5.1730E+01  3.3843E-24  3.3658E+06  1.2123E+13  2.7353E-11  6.0921E+04
  5.1800E+01  5.1870E+01  3.4575E-24  3.3831E+06  1.2025E+13  2.7719E-11  6.0429E+04
  5.1940E+01  5.2010E+01  3.5323E-24  3.4006E+06  1.1930E+13  2.8094E-11  5.9949E+04
  5.2080E+01  5.2150E+01  3.6088E-24  3.4182E+06  1.1837E+13  2.8479E-11  5.9481E+04
  5.2220E+01  5.2290E+01  3.6872E-24  3.4359E+06  1.1746E+13  2.8874E-11  5.9026E+04
  5.2360E+01  5.2430E+01  3.7673E-24  3.4537E+06  1.1658E+13  2.9280E-11  5.8582E+04
  5.2500E+01  5.2570E+01  3.8492E-24  3.4717E+06  1.1572E+13  2.9696E-11  5.8150E+04
  5.2640E+01  5.2710E+01  3.9330E-24  3.4897E+06  1.1488E+13  3.0123E-11  5.7731E+04
  5.2780E+01  5.2850E+01  4.0187E-24  3.5079E+06  1.1407E+13  3.0562E-11  5.7322E+04
  5.2920E+01  5.2990E+01  4.1063E-24  3.5261E+06  1.1328E+13  3.1013E-11  5.6925E+04
  5.3060E+01  5.3130E+01  4.1960E-24  3.5445E+06  1.1251E+13  3.1475E-11  5.6540E+04
  5.3200E+01  5.3270E+01  4.2876E-24  3.5630E+06  1.1177E+13  3.1949E-11  5.6166E+04
  5.3340E+01  5.3410E+01  4.3813E-24  3.5816E+06  1.1105E+13  3.2436E-11  5.5802E+04
  5.3480E+01  5.3550E+01  4.4771E-24  3.6003E+06  1.1035E+13  3.2936E-11  5.5450E+04
  5.3620E+01  5.3690E+01  4.5750E-24  3.6191E+06  1.0967E+13  3.3449E-11  5.5108E+04
  5.3760E+01  5.3830E+01  4.6751E-24  3.6381E+06  1.0901E+13  3.3976E-11  5.4778E+04
  5.3900E+01  5.3970E+01  4.7774E-24  3.6571E+06  1.0837E+13  3.4516E-11  5.4457E+04
  5.4040E+01  5.4110E+01  4.8819E-24  3.6762E+06  1.0775E+13  3.5071E-11  5.4148E+04
  5.4180E+01  5.4250E+01  4.9887E-24  3.6954E+06  1.0716E+13  3.5640E-11  5.3848E+04
  5.4320E+01  5.4390E+01  5.0978E-24  3.7148E+06  1.0658E+13  3.6224E-11  5.3559E+04
  5.4460E+01  5.4530E+01  5.2092E-24  3.7342E+06  1.0603E+13  3.6823E-11  5.3280E+04
  5.4600E+01  5.4670E+01  5.3231E-24  3.7537E+06  1.0549E+13  3.7438E-11  5.3012E+04
  5.4740E+01  5.4810E+01  5.4393E-24  3.7733E+06  1.0498E+13  3.8068E-11  5.2753E+04
  5.4880E+01  5.4950E+01  5.5580E-24  3.7930E+06  1.0448E+13  3.8716E-11  5.2504E+04
  5.5020E+01  5.5090E+01  5.6791E-24  3.8128E+06  1.0401E+13  3.9379E-11  5.2265E+04
  5.5160E+01  5.5230E+01  5.8028E-24  3.8327E+06  1.0355E+13  4.0060E-11  5.2036E+04
  5.5300E+01  5.5370E+01  5.9289E-24  3.8527E+06  1.0311E+13  4.0759E-11  5.1816E+04
  5.5440E+01  5.5510E+01  6.0577E-24  3.8728E+06  1.0270E+13  4.1475E-11  5.1606E+04
  5.5580E+01  5.5650E+01  6.1888E-24  3.8929E+06  1.0229E+13  4.2207E-11  5.1405E+04
  5.5720E+01  5.5790E+01  6.3211E-24  3.9128E+06  1.0190E+13  4.2942E-11  5.1205E+04
  5.5860E+01  5.5930E+01  6.4481E-24  3.9310E+06  1.0144E+13  4.3606E-11  5.0973E+04
  5.6000E+01  5.6070E+01  6.5421E-24  3.9404E+06  1.0063E+13  4.3890E-11  5.0569E+04
  5.6140E+01  5.6210E+01  6.5256E-24  3.9180E+06  9.8725E+12  4.2947E-11  4.9609E+04
  5.6280E+01  5.6350E+01  6.2562E-24  3.8166E+06  9.4244E+12  3.9299E-11  4.7354E+04
  5.6420E+01  5.6490E+01  5.5851E-24  3.5675E+06  8.5105E+12  3.1673E-11  4.2757E+04
  5.6560E+01  5.6630E+01  4.5206E-24  3.0983E+06  6.9313E+12  2.0872E-11  3.4816E+04
  5.6700E+01  5.6770E+01  3.3572E-24  2.3637E+06  4.7559E+12  1.0631E-11  2.3881E+04
  5.6840E+01  5.6910E+01  2.4968E-24  1.4115E+06  2.8202E+12  4.6889E-12  1.4161E+04
  5.6980E+01  5.7050E+01  2.0910E-24  4.9353E+05  2.0731E+12  2.8889E-12  1.0416E+04
  5.7120E+01  5.7190E+01  2.0040E-24  4.4729E+04  1.9927E+12  2.6622E-12  1.0013E+04
  5.7260E+01  5.7330E+01  2.0000E-24  3.3547E+02  1.9900E+12  2.6534E-12  1.0000E+04
  5.7400E+01  5.7470E+01  2.0000E-24  6.1629E-01  1.9900E+12  2.6533E-12  1.0000E+04
  5.7540E+01  5.7610E+01  2.0000E-24  1.0901E-03  1.9900E+12  2.6533E-12  1.0000E+04
  5.7680E+01  5.7750E+01  2.0000E-24  1.9186E-06  1.9900E+12  2.6533E-12  1.0000E+04
  5.7820E+01  5.7890E+01  2.0000E-24  1.7922E-09  1.9900E+12  2.6533E-12  1.0000E+04
  5.7960E+01  5.8030E+01  2.0000E-24  8.4388E-26  1.9900E+12  2.6533E-12  1.0000E+04
  5.8100E+01  5.8170E+01  2.0000E-24  8.4088E-59  1.9900E+12  2.6533E-12  1.0000E+04
  5.8240E+01  5.8310E+01  2.0000E-24  3.9222-125  1.9900E+12  2.6533E-12  1.0000E+04
  5.8380E+01  5.8450E+01  2.0000E-24  3.9378-258  1.9900E+12  2.6533E-12  1.0000E+04
  5.8520E+01  5.8590E+01  2.0000E-24  0.0000E+00  1.9900E+12  2.6533E-12  1.0000E+04
  5.8660E+01  5.8730E+01  2.0000E-24  0.0000E+00  1.9900E+12  2.6533E-12  1.0000E+04
  5.8800E+01  5.8870E+01  2.0000E-24  0.0000E+00  1.9900E+12  2.6533E-12  1.0000E+04
  5.8940E+01  5.9010E+01  2.0000E-24  0.0000E+00  1.9900E+12  2.6533E-12  1.0000E+04
  5.9080E+01  5.9150E+01  2.0000E-24  0.0000E+00  1.9900E+12  2.6533E-12  1.0000E+04
  5.9220E+01  5.9290E+01  2.0000E-24  0.0000E+00  1.9900E+12  2.6533E-12  1.0000E+04
  5.9360E+01  5.9430E+01  2.0000E-24  0.0000E+00  1.9900E+12  2.6533E-12  1.0000E+04
  5.9500E+01  5.9570E+01  2.0000E-24  0.0000E+00  1.9900E+12  2.6533E-12  1.0000E+04
  5.9640E+01  5.9710E+01  2.0000E-24  0.0000E+00  1.9900E+12  2.6533E-12  1.0000E+04
  5.9780E+01  5.9850E+01  2.0000E-24  0.0000E+00  1.9900E+12  2.6533E-12  1.0000E+04
  5.9920E+01  5.9990E+01  2.0000E-24  0.0000E+00  1.9900E+12  2.6533E-12  1.0000E+04
  6.0060E+01  6.0130E+01  2.0000E-24  0.0000E+00  1.9900E+12  2.6533E-12  1.0000E+04
  6.0200E+01  6.0270E+01  2.0000E-24  0.0000E+00  1.9900E+12  2.6533E-12  1.0000E+04
  6.0340E+01  6.0410E+01  2.0000E-24  0.0000E+00  1.9900E+12  2.6533E-12  1.0000E+04
  6.0480E+01  6.0550E+01  2.0000E-24  0.0000E+00  1.9900E+12  2.6533E-12  1.0000E+04
  6.0620E+01  6.0690E+01  2.0000E-24  0.0000E+00  1.9900E+12  2.6533E-12  1.0000E+04
  6.0760E+01  6.0830E+01  2.0000E-24  0.0000E+00  1.9900E+12  2.6533E-12  1.0000E+04
  6.0900E+01  6.0970E+01  2.0000E-24  0.0000E+00  1.9900E+12  2.6533E-12  1.0000E+04
  6.1040E+01  6.1110E+01  2.0000E-24  0.0000E+00  1.9900E+12  2.6533E-12  1.0000E+04
  6.1180E+01  6.1250E+01  2.0000E-24  0.0000E+00  1.9900E+12  2.6533E-12  1.0000E+04
  6.1320E+01  6.1390E+01  2.0000E-24  0.0000E+00  1.9900E+12  2.6533E-12  1.0000E+04
  6.1460E+01  6.1530E+01  2.0000E-24  0.0000E+00  1.9900E+12  2.6533E-12  1.0000E+04
  6.1600E+01  6.1670E+01  2.0000E-24  0.0000E+00  1.9900E+12  2.6533E-12  1.0000E+04
  6.1740E+01  6.1810E+01  2.0000E-24  0.0000E+00  1.9900E+12  2.6533E-12  1.0000E+04
  6.1880E+01  6.1950E+01  2.0000E-24  0.0000E+00  1.9900E+12  2.6533E-12  1.0000E+04
  6.2020E+01  6.2090E+01  2.0000E-24  0.0000E+00  1.9900E+12  2.6533E-12  1.0000E+04
  6.2160E+01  6.2230E+01  2.0000E-24  0.0000E+00  1.9900E+12  2.6533E-12  1.0000E+04
  6.2300E+01  6.2370E+01  2.0000E-24  0.0000E+00  1.9900E+12  2.6533E-12  1.0000E+04
  6.2440E+01  6.2510E+01  2.0000E-24  0.0000E+00  1.9900E+12  2.6533E-12  1.0000E+04
  6.2580E+01  6.2650E+01  2.0000E-24  0.0000E+00  1.9900E+12  2.6533E-12  1.0000E+04
  6.2720E+01  6.2790E+01  2.0000E-24  0.0000E+00  1.9900E+12  2.6533E-12  1.0000E+04
  6.2860E+01  6.2930E+01  2.0000E-24  0.0000E+00  1.9900E+12  2.6533E-12  1.0000E+04
  6.3000E+01  6.3070E+01  2.0000E-24  0.0000E+00  1.9900E+12  2.6533E-12  1.0000E+04
  6.3140E+01  6.3210E+01  2.0000E-24  0.0000E+00  1.9900E+12  2.6533E-12  1.0000E+04
  6.3280E+01  6.3350E+01  2.0000E-24  0.0000E+00  1.9900E+12  2.6533E-12  1.0000E+04
  6.3420E+01  6.3490E+01  2.0000E-24  0.0000E+00  1.9900E+12  2.6533E-12  1.0000E+04
  6.3560E+01  6.3630E+01  2.0000E-24  0.0000E+00  1.9900E+12  2.6533E-12  1.0000E+04
  6.3700E+01  6.3770E+01  2.0000E-24  0.0000E+00  1.9900E+12  2.6533E-12  1.0000E+04
  6.3840E+01  6.3910E+01  2.0000E-24  0.0000E+00  1.9900E+12  2.6533E-12  1.0000E+04
  6.3980E+01  6.4050E+01  2.0000E-24  0.0000E+00  1.9900E+12  2.6533E-12  1.0000E+04
  6.4120E+01  6.4190E+01  2.0000E-24  0.0000E+00  1.9900E+12  2.6533E-12  1.0000E+04
  6.4260E+01  6.4330E+01  2.0000E-24  0.0000E+00  1.9900E+12  2.6533E-12  1.0000E+04
  6.4400E+01  6.4470E+01  2.0000E-24  0.0000E+00  1.9900E+12  2.6533E-12  1.0000E+04
  6.4540E+01  6.4610E+01  2.0000E-24  0.0000E+00  1.9900E+12  2.6533E-12  1.0000E+04
  6.4680E+01  6.4750E+01  2.0000E-24  0.0000E+00  1.9900E+12  2.6533E-12  1.0000E+04
  6.4820E+01  6.4890E+01  2.0000E-24  0.0000E+00  1.9900E+12  2.6533E-12  1.0000E+04
  6.4960E+01  6.5030E+01  2.0000E-24  0.0000E+00  1.9900E+12  2.6533E-12  1.0000E+04
  6.5100E+01  6.5170E+01  2.0000E-24  0.0000E+00  1.9900E+12  2.6533E-12  1.0000E+04
  6.5240E+01  6.5310E+01  2.0000E-24  0.0000E+00  1.9900E+12  2.6533E-12  1.0000E+04
  6.5380E+01  6.5450E+01  2.0000E-24  0.0000E+00  1.9900E+12  2.6533E-12  1.0000E+04
  6.5520E+01  6.5590E+01  2.0000E-24  0.0000E+00  1.9900E+12  2.6533E-12  1.0000E+04
  6.5660E+01  6.5730E+01  2.0000E-24  0.0000E+00  1.9900E+12  2.6533E-12  1.0000E+04
  6.5800E+01  6.5870E+01  2.0000E-24  0.0000E+00  1.9900E+12  2.6533E-12  1.0000E+04
  6.5940E+01  6.6010E+01  2.0000E-24  0.0000E+00  1.9900E+12  2.6533E-12  1.0000E+04
  6.6080E+01  6.6150E+01  2.0000E-24  0.0000E+00  1.9900E+12  2.6533E-12  1.0000E+04
  6.6220E+01  6.6290E+01  2.0000E-24  0.0000E+00  1.9900E+12  2.6533E-12  1.0000E+04
  6.6360E+01  6.6430E+01  2.0000E-24  0.0000E+00  1.9900E+12  2.6533E-12  1.0000E+04
  6.6500E+01  6.6570E+01  2.0000E-24  0.0000E+00  1.9900E+12  2.6533E-12  1.0000E+04
  6.6640E+01  6.6710E+01  2.0000E-24  0.0000E+00  1.9900E+12  2.6533E-12  1.0000E+04
  6.6780E+01  6.6850E+01  2.0000E-24  0.0000E+00  1.9900E+12  2.6533E-12  1.0000E+04
  6.6920E+01  6.6990E+01  2.0000E-24  0.0000E+00  1.9900E+12  2.6533E-12  1.0000E+04
  6.7060E+01  6.7130E+01  2.0000E-24  0.0000E+00  1.9900E+12  2.6533E-12  1.0000E+04
  6.7200E+01  6.7270E+01  2.0000E-24  0.0000E+00  1.9900E+12  2.6533E-12  1.0000E+04
  6.7340E+01  6.7410E+01  2.0000E-24  0.0000E+00  1.9900E+12  2.6533E-12  1.0000E+04
  6.7480E+01  6.7550E+01  2.0000E-24  0.0000E+00  1.9900E+12  2.6533E-12  1.0000E+04
  6.7620E+01  6.7690E+01  2.0000E-24  0.0000E+00  1.9900E+12  2.6533E-12  1.0000E+04
  6.7760E+01  6.7830E+01  2.0000E-24  0.0000E+00  1.9900E+12  2.6533E-12  1.0000E+04
  6.7900E+01  6.7970E+01  2.0000E-24  0.0000E+00  1.9900E+12  2.6533E-12  1.0000E+04
  6.8040E+01  6.8110E+01  2.0000E-24  0.0000E+00  1.9900E+12  2.6533E-12  1.0000E+04
  6.8180E+01  6.8250E+01  2.0000E-24  0.0000E+00  1.9900E+12  2.6533E-12  1.0000E+04
  6.8320E+01  6.8390E+01  2.0000E-24  0.0000E+00  1.9900E+12  2.6533E-12  1.0000E+04
  6.8460E+01  6.8530E+01  2.0000E-24  0.0000E+00  1.9900E+12  2.6533E-12  1.0000E+04
  6.8600E+01  6.8670E+01  2.0000E-24  0.0000E+00  1.9900E+12  2.6533E-12  1.0000E+04
  6.8740E+01  6.8810E+01  2.0000E-24  0.0000E+00  1.9900E+12  2.6533E-12  1.0000E+04
  6.8880E+01  6.8950E+01  2.0000E-24  0.0000E+00  1.9900E+12  2.6533E-12  1.0000E+04
  6.9020E+01  6.9090E+01  2.0000E-24  0.0000E+00  1.9900E+12  2.6533E-12  1.0000E+04
  6.9160E+01  6.9230E+01  2.0000E-24  0.0000E+00  1.9900E+12  2.6533E-12  1.0000E+04
  6.9300E+01  6.9370E+01  2.0000E-24  0.0000E+00  1.9900E+12  2.6533E-12  1.0000E+04
  6.9440E+01  6.9510E+01  2.0000E-24  0.0000E+00  1.9900E+12  2.6533E-12  1.0000E+04
  6.9580E+01  6.9650E+01  2.0000E-24  0.0000E+00  1.9900E+12  2.6533E-12  1.0000E+04
  6.9720E+01  6.9790E+01  2.0000E-24  0.0000E+00  1.9900E+12  2.6533E-12  1.0000E+04
  6.9860E+01  6.9930E+01  2.0000E-24 -0.0000E+00  1.9900E+12  2.6533E-12  1.0000E+04
