 -1.4000E-01 -7.0000E-02  1.2575E-29  1.2141E+04  3.5228E+18  2.9533E-11  1.7703E+10
  0.0000E+00  7.0000E-02  1.2575E-29  0.0000E+00  3.5228E+18  2.9533E-11  1.7703E+10
  1.4000E-01  2.1000E-01  3.6015E-29 -1.2141E+04  1.2301E+18  2.9534E-11  6.1813E+09
  2.8000E-01  3.5000E-01  5.6416E-29  1.3083E+04  7.8527E+17  2.9536E-11  3.9461E+09
  4.2000E-01  4.9000E-01  7.3600E-29  6.0879E+04  6.0191E+17  2.9534E-11  3.0247E+09
  5.6000E-01  6.3000E-01  8.9787E-29  6.3432E+04  4.9341E+17  2.9535E-11  2.4795E+09
  7.0000E-01  7.7000E-01  1.0588E-28  8.0329E+04  4.1842E+17  2.9535E-11  2.1026E+09
  8.4000E-01  9.1000E-01  1.2229E-28  9.7498E+04  3.6225E+17  2.9535E-11  1.8204E+09
  9.8000E-01  1.0500E+00  1.3926E-28  1.1282E+05  3.1812E+17  2.9535E-11  1.5986E+09
  1.1200E+00  1.1900E+00  1.5691E-28  1.2912E+05  2.8234E+17  2.9535E-11  1.4188E+09
  1.2600E+00  1.3300E+00  1.7533E-28  1.4514E+05  2.5268E+17  2.9535E-11  1.2697E+09
  1.4000E+00  1.4700E+00  1.9459E-28  1.6124E+05  2.2766E+17  2.9535E-11  1.1440E+09
  1.5400E+00  1.6100E+00  2.1475E-28  1.7734E+05  2.0629E+17  2.9535E-11  1.0366E+09
  1.6800E+00  1.7500E+00  2.3586E-28  1.9344E+05  1.8783E+17  2.9535E-11  9.4385E+08
  1.8200E+00  1.8900E+00  2.5797E-28  2.0954E+05  1.7173E+17  2.9535E-11  8.6296E+08
  1.9600E+00  2.0300E+00  2.8113E-28  2.2564E+05  1.5758E+17  2.9535E-11  7.9188E+08
  2.1000E+00  2.1700E+00  3.0537E-28  2.4175E+05  1.4507E+17  2.9535E-11  7.2901E+08
  2.2400E+00  2.3100E+00  3.3076E-28  2.5786E+05  1.3394E+17  2.9535E-11  6.7306E+08
  2.3800E+00  2.4500E+00  3.5733E-28  2.7396E+05  1.2398E+17  2.9535E-11  6.2301E+08
  2.5200E+00  2.5900E+00  3.8514E-28  2.9007E+05  1.1503E+17  2.9535E-11  5.7802E+08
  2.6600E+00  2.7300E+00  4.1424E-28  3.0618E+05  1.0695E+17  2.9535E-11  5.3742E+08
  2.8000E+00  2.8700E+00  4.4468E-28  3.2229E+05  9.9625E+16  2.9535E-11  5.0063E+08
  2.9400E+00  3.0100E+00  4.7652E-28  3.3841E+05  9.2968E+16  2.9535E-11  4.6718E+08
  3.0800E+00  3.1500E+00  5.0982E-28  3.5452E+05  8.6896E+16  2.9535E-11  4.3666E+08
  3.2200E+00  3.2900E+00  5.4463E-28  3.7063E+05  8.1341E+16  2.9535E-11  4.0875E+08
  3.3600E+00  3.4300E+00  5.8103E-28  3.8674E+05  7.6246E+16  2.9535E-11  3.8315E+08
  3.5000E+00  3.5700E+00  6.1906E-28  4.0285E+05  7.1562E+16  2.9535E-11  3.5961E+08
  3.6400E+00  3.7100E+00  6.5881E-28  4.1896E+05  6.7245E+16  2.9535E-11  3.3791E+08
  3.7800E+00  3.8500E+00  7.0033E-28  4.3508E+05  6.3258E+16  2.9535E-11  3.1788E+08
  3.9200E+00  3.9900E+00  7.4371E-28  4.5119E+05  5.9568E+16  2.9535E-11  2.9934E+08
  4.0600E+00  4.1300E+00  7.8901E-28  4.6730E+05  5.6148E+16  2.9535E-11  2.8215E+08
  4.2000E+00  4.2700E+00  8.3632E-28  4.8341E+05  5.2972E+16  2.9535E-11  2.6619E+08
  4.3400E+00  4.4100E+00  8.8571E-28  4.9953E+05  5.0018E+16  2.9535E-11  2.5135E+08
  4.4800E+00  4.5500E+00  9.3727E-28  5.1564E+05  4.7267E+16  2.9535E-11  2.3752E+08
  4.6200E+00  4.6900E+00  9.9109E-28  5.3175E+05  4.4700E+16  2.9535E-11  2.2462E+08
  4.7600E+00  4.8300E+00  1.0472E-27  5.4787E+05  4.2303E+16  2.9535E-11  2.1258E+08
  4.9000E+00  4.9700E+00  1.1058E-27  5.6398E+05  4.0061E+16  2.9535E-11  2.0131E+08
  5.0400E+00  5.1100E+00  1.1670E-27  5.8009E+05  3.7963E+16  2.9535E-11  1.9077E+08
  5.1800E+00  5.2500E+00  1.2308E-27  5.9621E+05  3.5996E+16  2.9535E-11  1.8088E+08
  5.3200E+00  5.3900E+00  1.2973E-27  6.1232E+05  3.4150E+16  2.9535E-11  1.7161E+08
  5.4600E+00  5.5300E+00  1.3666E-27  6.2843E+05  3.2417E+16  2.9535E-11  1.6290E+08
  5.6000E+00  5.6700E+00  1.4389E-27  6.4455E+05  3.0788E+16  2.9535E-11  1.5472E+08
  5.7400E+00  5.8100E+00  1.5143E-27  6.6066E+05  2.9256E+16  2.9535E-11  1.4701E+08
  5.8800E+00  5.9500E+00  1.5929E-27  6.7677E+05  2.7813E+16  2.9535E-11  1.3976E+08
  6.0200E+00  6.0900E+00  1.6747E-27  6.9289E+05  2.6453E+16  2.9535E-11  1.3293E+08
  6.1600E+00  6.2300E+00  1.7601E-27  7.0900E+05  2.5171E+16  2.9535E-11  1.2649E+08
  6.3000E+00  6.3700E+00  1.8489E-27  7.2512E+05  2.3961E+16  2.9536E-11  1.2041E+08
  6.4400E+00  6.5100E+00  1.9415E-27  7.4123E+05  2.2819E+16  2.9536E-11  1.1467E+08
  6.5800E+00  6.6500E+00  2.0379E-27  7.5734E+05  2.1739E+16  2.9536E-11  1.0924E+08
  6.7200E+00  6.7900E+00  2.1384E-27  7.7346E+05  2.0718E+16  2.9536E-11  1.0411E+08
  6.8600E+00  6.9300E+00  2.2429E-27  7.8957E+05  1.9753E+16  2.9536E-11  9.9259E+07
  7.0000E+00  7.0700E+00  2.3517E-27  8.0569E+05  1.8839E+16  2.9536E-11  9.4666E+07
  7.1400E+00  7.2100E+00  2.4650E-27  8.2180E+05  1.7973E+16  2.9536E-11  9.0316E+07
  7.2800E+00  7.3500E+00  2.5829E-27  8.3792E+05  1.7153E+16  2.9536E-11  8.6194E+07
  7.4200E+00  7.4900E+00  2.7055E-27  8.5403E+05  1.6375E+16  2.9536E-11  8.2287E+07
  7.5600E+00  7.6300E+00  2.8331E-27  8.7015E+05  1.5638E+16  2.9537E-11  7.8582E+07
  7.7000E+00  7.7700E+00  2.9659E-27  8.8626E+05  1.4938E+16  2.9537E-11  7.5065E+07
  7.8400E+00  7.9100E+00  3.1039E-27  9.0238E+05  1.4274E+16  2.9537E-11  7.1728E+07
  7.9800E+00  8.0500E+00  3.2474E-27  9.1849E+05  1.3643E+16  2.9537E-11  6.8558E+07
  8.1200E+00  8.1900E+00  3.3966E-27  9.3461E+05  1.3044E+16  2.9537E-11  6.5546E+07
  8.2600E+00  8.3300E+00  3.5517E-27  9.5072E+05  1.2474E+16  2.9537E-11  6.2684E+07
  8.4000E+00  8.4700E+00  3.7129E-27  9.6684E+05  1.1933E+16  2.9538E-11  5.9963E+07
  8.5400E+00  8.6100E+00  3.8804E-27  9.8296E+05  1.1418E+16  2.9538E-11  5.7375E+07
  8.6800E+00  8.7500E+00  4.0545E-27  9.9907E+05  1.0928E+16  2.9538E-11  5.4913E+07
  8.8200E+00  8.8900E+00  4.2353E-27  1.0152E+06  1.0461E+16  2.9538E-11  5.2569E+07
  8.9600E+00  9.0300E+00  4.4230E-27  1.0313E+06  1.0017E+16  2.9538E-11  5.0338E+07
  9.1000E+00  9.1700E+00  4.6180E-27  1.0474E+06  9.5945E+15  2.9539E-11  4.8213E+07
  9.2400E+00  9.3100E+00  4.8204E-27  1.0635E+06  9.1916E+15  2.9539E-11  4.6189E+07
  9.3800E+00  9.4500E+00  5.0306E-27  1.0797E+06  8.8077E+15  2.9539E-11  4.4260E+07
  9.5200E+00  9.5900E+00  5.2487E-27  1.0958E+06  8.4418E+15  2.9540E-11  4.2421E+07
  9.6600E+00  9.7300E+00  5.4751E-27  1.1119E+06  8.0929E+15  2.9540E-11  4.0667E+07
  9.8000E+00  9.8700E+00  5.7099E-27  1.1280E+06  7.7601E+15  2.9540E-11  3.8995E+07
  9.9400E+00  1.0010E+01  5.9536E-27  1.1441E+06  7.4426E+15  2.9541E-11  3.7400E+07
  1.0080E+01  1.0150E+01  6.2063E-27  1.1603E+06  7.1396E+15  2.9541E-11  3.5877E+07
  1.0220E+01  1.0290E+01  6.4684E-27  1.1764E+06  6.8504E+15  2.9541E-11  3.4424E+07
  1.0360E+01  1.0430E+01  6.7402E-27  1.1925E+06  6.5743E+15  2.9542E-11  3.3037E+07
  1.0500E+01  1.0570E+01  7.0219E-27  1.2086E+06  6.3106E+15  2.9542E-11  3.1712E+07
  1.0640E+01  1.0710E+01  7.3140E-27  1.2247E+06  6.0587E+15  2.9543E-11  3.0446E+07
  1.0780E+01  1.0850E+01  7.6166E-27  1.2409E+06  5.8181E+15  2.9543E-11  2.9236E+07
  1.0920E+01  1.0990E+01  7.9303E-27  1.2570E+06  5.5881E+15  2.9544E-11  2.8081E+07
  1.1060E+01  1.1130E+01  8.2552E-27  1.2731E+06  5.3682E+15  2.9544E-11  2.6976E+07
  1.1200E+01  1.1270E+01  8.5918E-27  1.2892E+06  5.1580E+15  2.9545E-11  2.5920E+07
  1.1340E+01  1.1410E+01  8.9405E-27  1.3054E+06  4.9570E+15  2.9546E-11  2.4909E+07
  1.1480E+01  1.1550E+01  9.3015E-27  1.3215E+06  4.7647E+15  2.9546E-11  2.3943E+07
  1.1620E+01  1.1690E+01  9.6753E-27  1.3376E+06  4.5807E+15  2.9547E-11  2.3019E+07
  1.1760E+01  1.1830E+01  1.0062E-26  1.3537E+06  4.4046E+15  2.9548E-11  2.2134E+07
  1.1900E+01  1.1970E+01  1.0463E-26  1.3699E+06  4.2361E+15  2.9549E-11  2.1287E+07
  1.2040E+01  1.2110E+01  1.0877E-26  1.3860E+06  4.0748E+15  2.9549E-11  2.0476E+07
  1.2180E+01  1.2250E+01  1.1306E-26  1.4021E+06  3.9203E+15  2.9550E-11  1.9700E+07
  1.2320E+01  1.2390E+01  1.1750E-26  1.4182E+06  3.7724E+15  2.9551E-11  1.8957E+07
  1.2460E+01  1.2530E+01  1.2209E-26  1.4344E+06  3.6307E+15  2.9552E-11  1.8245E+07
  1.2600E+01  1.2670E+01  1.2684E-26  1.4505E+06  3.4949E+15  2.9553E-11  1.7562E+07
  1.2740E+01  1.2810E+01  1.3175E-26  1.4666E+06  3.3648E+15  2.9554E-11  1.6908E+07
  1.2880E+01  1.2950E+01  1.3682E-26  1.4828E+06  3.2401E+15  2.9555E-11  1.6282E+07
  1.3020E+01  1.3090E+01  1.4207E-26  1.4989E+06  3.1205E+15  2.9556E-11  1.5681E+07
  1.3160E+01  1.3230E+01  1.4750E-26  1.5150E+06  3.0059E+15  2.9558E-11  1.5105E+07
  1.3300E+01  1.3370E+01  1.5310E-26  1.5312E+06  2.8960E+15  2.9559E-11  1.4552E+07
  1.3440E+01  1.3510E+01  1.5889E-26  1.5473E+06  2.7905E+15  2.9560E-11  1.4023E+07
  1.3580E+01  1.3650E+01  1.6488E-26  1.5635E+06  2.6894E+15  2.9562E-11  1.3514E+07
  1.3720E+01  1.3790E+01  1.7106E-26  1.5796E+06  2.5923E+15  2.9563E-11  1.3027E+07
  1.3860E+01  1.3930E+01  1.7745E-26  1.5958E+06  2.4992E+15  2.9565E-11  1.2558E+07
  1.4000E+01  1.4070E+01  1.8404E-26  1.6119E+06  2.4097E+15  2.9566E-11  1.2109E+07
  1.4140E+01  1.4210E+01  1.9085E-26  1.6280E+06  2.3239E+15  2.9568E-11  1.1678E+07
  1.4280E+01  1.4350E+01  1.9788E-26  1.6442E+06  2.2415E+15  2.9570E-11  1.1264E+07
  1.4420E+01  1.4490E+01  2.0513E-26  1.6604E+06  2.1624E+15  2.9572E-11  1.0866E+07
  1.4560E+01  1.4630E+01  2.1262E-26  1.6765E+06  2.0863E+15  2.9574E-11  1.0484E+07
  1.4700E+01  1.4770E+01  2.2035E-26  1.6927E+06  2.0133E+15  2.9576E-11  1.0117E+07
  1.4840E+01  1.4910E+01  2.2832E-26  1.7088E+06  1.9431E+15  2.9578E-11  9.7644E+06
  1.4980E+01  1.5050E+01  2.3655E-26  1.7250E+06  1.8757E+15  2.9580E-11  9.4256E+06
  1.5120E+01  1.5190E+01  2.4503E-26  1.7411E+06  1.8109E+15  2.9582E-11  9.0999E+06
  1.5260E+01  1.5330E+01  2.5378E-26  1.7573E+06  1.7486E+15  2.9585E-11  8.7869E+06
  1.5400E+01  1.5470E+01  2.6281E-26  1.7735E+06  1.6887E+15  2.9587E-11  8.4859E+06
  1.5540E+01  1.5610E+01  2.7211E-26  1.7896E+06  1.6311E+15  2.9590E-11  8.1965E+06
  1.5680E+01  1.5750E+01  2.8170E-26  1.8058E+06  1.5757E+15  2.9593E-11  7.9181E+06
  1.5820E+01  1.5890E+01  2.9159E-26  1.8220E+06  1.5224E+15  2.9596E-11  7.6504E+06
  1.5960E+01  1.6030E+01  3.0178E-26  1.8382E+06  1.4712E+15  2.9599E-11  7.3928E+06
  1.6100E+01  1.6170E+01  3.1228E-26  1.8544E+06  1.4219E+15  2.9602E-11  7.1449E+06
  1.6240E+01  1.6310E+01  3.2310E-26  1.8705E+06  1.3744E+15  2.9605E-11  6.9064E+06
  1.6380E+01  1.6450E+01  3.3425E-26  1.8867E+06  1.3287E+15  2.9609E-11  6.6769E+06
  1.6520E+01  1.6590E+01  3.4573E-26  1.9029E+06  1.2847E+15  2.9612E-11  6.4559E+06
  1.6660E+01  1.6730E+01  3.5756E-26  1.9191E+06  1.2424E+15  2.9616E-11  6.2431E+06
  1.6800E+01  1.6870E+01  3.6974E-26  1.9353E+06  1.2016E+15  2.9620E-11  6.0382E+06
  1.6940E+01  1.7010E+01  3.8228E-26  1.9515E+06  1.1624E+15  2.9624E-11  5.8409E+06
  1.7080E+01  1.7150E+01  3.9520E-26  1.9678E+06  1.1245E+15  2.9628E-11  5.6509E+06
  1.7220E+01  1.7290E+01  4.0849E-26  1.9840E+06  1.0881E+15  2.9633E-11  5.4678E+06
  1.7360E+01  1.7430E+01  4.2218E-26  2.0002E+06  1.0530E+15  2.9637E-11  5.2914E+06
  1.7500E+01  1.7570E+01  4.3626E-26  2.0164E+06  1.0192E+15  2.9642E-11  5.1214E+06
  1.7640E+01  1.7710E+01  4.5075E-26  2.0327E+06  9.8657E+14  2.9647E-11  4.9576E+06
  1.7780E+01  1.7850E+01  4.6566E-26  2.0489E+06  9.5514E+14  2.9652E-11  4.7997E+06
  1.7920E+01  1.7990E+01  4.8100E-26  2.0651E+06  9.2485E+14  2.9658E-11  4.6474E+06
  1.8060E+01  1.8130E+01  4.9679E-26  2.0814E+06  8.9564E+14  2.9663E-11  4.5007E+06
  1.8200E+01  1.8270E+01  5.1302E-26  2.0976E+06  8.6747E+14  2.9669E-11  4.3591E+06
  1.8340E+01  1.8410E+01  5.2971E-26  2.1139E+06  8.4030E+14  2.9675E-11  4.2226E+06
  1.8480E+01  1.8550E+01  5.4688E-26  2.1302E+06  8.1410E+14  2.9682E-11  4.0909E+06
  1.8620E+01  1.8690E+01  5.6453E-26  2.1464E+06  7.8882E+14  2.9688E-11  3.9639E+06
  1.8760E+01  1.8830E+01  5.8268E-26  2.1627E+06  7.6443E+14  2.9695E-11  3.8413E+06
  1.8900E+01  1.8970E+01  6.0134E-26  2.1790E+06  7.4089E+14  2.9702E-11  3.7230E+06
  1.9040E+01  1.9110E+01  6.2052E-26  2.1953E+06  7.1817E+14  2.9710E-11  3.6089E+06
  1.9180E+01  1.9250E+01  6.4023E-26  2.2116E+06  6.9624E+14  2.9717E-11  3.4987E+06
  1.9320E+01  1.9390E+01  6.6048E-26  2.2279E+06  6.7507E+14  2.9725E-11  3.3923E+06
  1.9460E+01  1.9530E+01  6.8130E-26  2.2443E+06  6.5463E+14  2.9734E-11  3.2896E+06
  1.9600E+01  1.9670E+01  7.0268E-26  2.2606E+06  6.3490E+14  2.9743E-11  3.1904E+06
  1.9740E+01  1.9810E+01  7.2465E-26  2.2769E+06  6.1583E+14  2.9752E-11  3.0946E+06
  1.9880E+01  1.9950E+01  7.4722E-26  2.2933E+06  5.9742E+14  2.9761E-11  3.0021E+06
  2.0020E+01  2.0090E+01  7.7040E-26  2.3097E+06  5.7964E+14  2.9771E-11  2.9127E+06
  2.0160E+01  2.0230E+01  7.9421E-26  2.3260E+06  5.6245E+14  2.9781E-11  2.8264E+06
  2.0300E+01  2.0370E+01  8.1866E-26  2.3424E+06  5.4584E+14  2.9791E-11  2.7429E+06
  2.0440E+01  2.0510E+01  8.4376E-26  2.3588E+06  5.2980E+14  2.9802E-11  2.6623E+06
  2.0580E+01  2.0650E+01  8.6954E-26  2.3752E+06  5.1429E+14  2.9813E-11  2.5843E+06
  2.0720E+01  2.0790E+01  8.9600E-26  2.3917E+06  4.9929E+14  2.9825E-11  2.5090E+06
  2.0860E+01  2.0930E+01  9.2317E-26  2.4081E+06  4.8480E+14  2.9837E-11  2.4361E+06
  2.1000E+01  2.1070E+01  9.5106E-26  2.4245E+06  4.7078E+14  2.9850E-11  2.3657E+06
  2.1140E+01  2.1210E+01  9.7968E-26  2.4410E+06  4.5723E+14  2.9863E-11  2.2976E+06
  2.1280E+01  2.1350E+01  1.0091E-25  2.4575E+06  4.4412E+14  2.9877E-11  2.2317E+06
  2.1420E+01  2.1490E+01  1.0392E-25  2.4740E+06  4.3144E+14  2.9891E-11  2.1680E+06
  2.1560E+01  2.1630E+01  1.0701E-25  2.4905E+06  4.1917E+14  2.9905E-11  2.1064E+06
  2.1700E+01  2.1770E+01  1.1019E-25  2.5070E+06  4.0730E+14  2.9920E-11  2.0467E+06
  2.1840E+01  2.1910E+01  1.1344E-25  2.5236E+06  3.9582E+14  2.9936E-11  1.9890E+06
  2.1980E+01  2.2050E+01  1.1678E-25  2.5401E+06  3.8470E+14  2.9952E-11  1.9332E+06
  2.2120E+01  2.2190E+01  1.2021E-25  2.5567E+06  3.7395E+14  2.9969E-11  1.8791E+06
  2.2260E+01  2.2330E+01  1.2373E-25  2.5733E+06  3.6354E+14  2.9986E-11  1.8268E+06
  2.2400E+01  2.2470E+01  1.2733E-25  2.5899E+06  3.5345E+14  3.0005E-11  1.7761E+06
  2.2540E+01  2.2610E+01  1.3103E-25  2.6065E+06  3.4369E+14  3.0023E-11  1.7271E+06
  2.2680E+01  2.2750E+01  1.3482E-25  2.6232E+06  3.3424E+14  3.0043E-11  1.6796E+06
  2.2820E+01  2.2890E+01  1.3871E-25  2.6399E+06  3.2509E+14  3.0063E-11  1.6336E+06
  2.2960E+01  2.3030E+01  1.4270E-25  2.6566E+06  3.1623E+14  3.0083E-11  1.5891E+06
  2.3100E+01  2.3170E+01  1.4678E-25  2.6733E+06  3.0764E+14  3.0105E-11  1.5459E+06
  2.3240E+01  2.3310E+01  1.5098E-25  2.6900E+06  2.9932E+14  3.0127E-11  1.5041E+06
  2.3380E+01  2.3450E+01  1.5527E-25  2.7068E+06  2.9126E+14  3.0150E-11  1.4636E+06
  2.3520E+01  2.3590E+01  1.5968E-25  2.7236E+06  2.8345E+14  3.0174E-11  1.4243E+06
  2.3660E+01  2.3730E+01  1.6419E-25  2.7404E+06  2.7588E+14  3.0199E-11  1.3863E+06
  2.3800E+01  2.3870E+01  1.6882E-25  2.7573E+06  2.6854E+14  3.0224E-11  1.3494E+06
  2.3940E+01  2.4010E+01  1.7357E-25  2.7742E+06  2.6143E+14  3.0251E-11  1.3137E+06
  2.4080E+01  2.4150E+01  1.7843E-25  2.7911E+06  2.5453E+14  3.0278E-11  1.2790E+06
  2.4220E+01  2.4290E+01  1.8342E-25  2.8080E+06  2.4785E+14  3.0306E-11  1.2454E+06
  2.4360E+01  2.4430E+01  1.8852E-25  2.8250E+06  2.4136E+14  3.0336E-11  1.2129E+06
  2.4500E+01  2.4570E+01  1.9376E-25  2.8420E+06  2.3508E+14  3.0366E-11  1.1813E+06
  2.4640E+01  2.4710E+01  1.9912E-25  2.8590E+06  2.2898E+14  3.0397E-11  1.1506E+06
  2.4780E+01  2.4850E+01  2.0462E-25  2.8761E+06  2.2307E+14  3.0430E-11  1.1209E+06
  2.4920E+01  2.4990E+01  2.1025E-25  2.8932E+06  2.1733E+14  3.0463E-11  1.0921E+06
  2.5060E+01  2.5130E+01  2.1602E-25  2.9103E+06  2.1176E+14  3.0498E-11  1.0641E+06
  2.5200E+01  2.5270E+01  2.2194E-25  2.9275E+06  2.0636E+14  3.0533E-11  1.0370E+06
  2.5340E+01  2.5410E+01  2.2800E-25  2.9447E+06  2.0112E+14  3.0570E-11  1.0106E+06
  2.5480E+01  2.5550E+01  2.3421E-25  2.9620E+06  1.9603E+14  3.0609E-11  9.8508E+05
  2.5620E+01  2.5690E+01  2.4057E-25  2.9793E+06  1.9110E+14  3.0648E-11  9.6027E+05
  2.5760E+01  2.5830E+01  2.4708E-25  2.9966E+06  1.8630E+14  3.0689E-11  9.3619E+05
  2.5900E+01  2.5970E+01  2.5376E-25  3.0140E+06  1.8165E+14  3.0731E-11  9.1281E+05
  2.6040E+01  2.6110E+01  2.6060E-25  3.0315E+06  1.7713E+14  3.0775E-11  8.9011E+05
  2.6180E+01  2.6250E+01  2.6761E-25  3.0489E+06  1.7275E+14  3.0820E-11  8.6807E+05
  2.6320E+01  2.6390E+01  2.7479E-25  3.0665E+06  1.6849E+14  3.0866E-11  8.4666E+05
  2.6460E+01  2.6530E+01  2.8214E-25  3.0840E+06  1.6435E+14  3.0914E-11  8.2587E+05
  2.6600E+01  2.6670E+01  2.8968E-25  3.1017E+06  1.6033E+14  3.0964E-11  8.0568E+05
  2.6740E+01  2.6810E+01  2.9740E-25  3.1194E+06  1.5643E+14  3.1015E-11  7.8607E+05
  2.6880E+01  2.6950E+01  3.0531E-25  3.1371E+06  1.5264E+14  3.1068E-11  7.6702E+05
  2.7020E+01  2.7090E+01  3.1341E-25  3.1549E+06  1.4895E+14  3.1123E-11  7.4850E+05
  2.7160E+01  2.7230E+01  3.2171E-25  3.1727E+06  1.4537E+14  3.1179E-11  7.3051E+05
  2.7300E+01  2.7370E+01  3.3021E-25  3.1906E+06  1.4190E+14  3.1238E-11  7.1303E+05
  2.7440E+01  2.7510E+01  3.3892E-25  3.2086E+06  1.3851E+14  3.1298E-11  6.9604E+05
  2.7580E+01  2.7650E+01  3.4785E-25  3.2267E+06  1.3523E+14  3.1360E-11  6.7953E+05
  2.7720E+01  2.7790E+01  3.5699E-25  3.2448E+06  1.3203E+14  3.1424E-11  6.6348E+05
  2.7860E+01  2.7930E+01  3.6636E-25  3.2629E+06  1.2893E+14  3.1490E-11  6.4788E+05
  2.8000E+01  2.8070E+01  3.7596E-25  3.2812E+06  1.2591E+14  3.1559E-11  6.3271E+05
  2.8140E+01  2.8210E+01  3.8580E-25  3.2995E+06  1.2298E+14  3.1630E-11  6.1796E+05
  2.8280E+01  2.8350E+01  3.9587E-25  3.3179E+06  1.2012E+14  3.1703E-11  6.0362E+05
  2.8420E+01  2.8490E+01  4.0620E-25  3.3363E+06  1.1735E+14  3.1778E-11  5.8967E+05
  2.8560E+01  2.8630E+01  4.1678E-25  3.3549E+06  1.1465E+14  3.1856E-11  5.7610E+05
  2.8700E+01  2.8770E+01  4.2763E-25  3.3735E+06  1.1202E+14  3.1936E-11  5.6291E+05
  2.8840E+01  2.8910E+01  4.3874E-25  3.3922E+06  1.0947E+14  3.2019E-11  5.5008E+05
  2.8980E+01  2.9050E+01  4.5013E-25  3.4110E+06  1.0698E+14  3.2104E-11  5.3759E+05
  2.9120E+01  2.9190E+01  4.6180E-25  3.4299E+06  1.0456E+14  3.2193E-11  5.2544E+05
  2.9260E+01  2.9330E+01  4.7376E-25  3.4488E+06  1.0221E+14  3.2284E-11  5.1362E+05
  2.9400E+01  2.9470E+01  4.8603E-25  3.4679E+06  9.9923E+13  3.2378E-11  5.0212E+05
  2.9540E+01  2.9610E+01  4.9860E-25  3.4870E+06  9.7696E+13  3.2475E-11  4.9093E+05
  2.9680E+01  2.9750E+01  5.1149E-25  3.5063E+06  9.5529E+13  3.2575E-11  4.8004E+05
  2.9820E+01  2.9890E+01  5.2470E-25  3.5256E+06  9.3419E+13  3.2679E-11  4.6944E+05
  2.9960E+01  3.0030E+01  5.3824E-25  3.5451E+06  9.1365E+13  3.2785E-11  4.5912E+05
  3.0100E+01  3.0170E+01  5.5213E-25  3.5647E+06  8.9366E+13  3.2896E-11  4.4907E+05
  3.0240E+01  3.0310E+01  5.6638E-25  3.5843E+06  8.7420E+13  3.3009E-11  4.3929E+05
  3.0380E+01  3.0450E+01  5.8099E-25  3.6041E+06  8.5525E+13  3.3127E-11  4.2977E+05
  3.0520E+01  3.0590E+01  5.9597E-25  3.6240E+06  8.3680E+13  3.3248E-11  4.2050E+05
  3.0660E+01  3.0730E+01  6.1133E-25  3.6440E+06  8.1884E+13  3.3373E-11  4.1147E+05
  3.0800E+01  3.0870E+01  6.2710E-25  3.6641E+06  8.0134E+13  3.3502E-11  4.0268E+05
  3.0940E+01  3.1010E+01  6.4327E-25  3.6844E+06  7.8431E+13  3.3636E-11  3.9412E+05
  3.1080E+01  3.1150E+01  6.5986E-25  3.7048E+06  7.6771E+13  3.3773E-11  3.8578E+05
  3.1220E+01  3.1290E+01  6.7689E-25  3.7253E+06  7.5155E+13  3.3915E-11  3.7766E+05
  3.1360E+01  3.1430E+01  6.9437E-25  3.7459E+06  7.3581E+13  3.4062E-11  3.6975E+05
  3.1500E+01  3.1570E+01  7.1230E-25  3.7667E+06  7.2047E+13  3.4214E-11  3.6204E+05
  3.1640E+01  3.1710E+01  7.3071E-25  3.7877E+06  7.0552E+13  3.4370E-11  3.5453E+05
  3.1780E+01  3.1850E+01  7.4961E-25  3.8087E+06  6.9097E+13  3.4531E-11  3.4722E+05
  3.1920E+01  3.1990E+01  7.6902E-25  3.8300E+06  6.7678E+13  3.4698E-11  3.4009E+05
  3.2060E+01  3.2130E+01  7.8894E-25  3.8513E+06  6.6296E+13  3.4870E-11  3.3314E+05
  3.2200E+01  3.2270E+01  8.0941E-25  3.8729E+06  6.4949E+13  3.5048E-11  3.2637E+05
  3.2340E+01  3.2410E+01  8.3043E-25  3.8945E+06  6.3636E+13  3.5231E-11  3.1978E+05
  3.2480E+01  3.2550E+01  8.5202E-25  3.9164E+06  6.2357E+13  3.5421E-11  3.1335E+05
  3.2620E+01  3.2690E+01  8.7421E-25  3.9384E+06  6.1110E+13  3.5617E-11  3.0708E+05
  3.2760E+01  3.2830E+01  8.9701E-25  3.9606E+06  5.9895E+13  3.5819E-11  3.0098E+05
  3.2900E+01  3.2970E+01  9.2045E-25  3.9830E+06  5.8710E+13  3.6027E-11  2.9502E+05
  3.3040E+01  3.3110E+01  9.4453E-25  4.0055E+06  5.7555E+13  3.6243E-11  2.8922E+05
  3.3180E+01  3.3250E+01  9.6930E-25  4.0282E+06  5.6430E+13  3.6466E-11  2.8356E+05
  3.3320E+01  3.3390E+01  9.9477E-25  4.0511E+06  5.5332E+13  3.6696E-11  2.7805E+05
  3.3460E+01  3.3530E+01  1.0210E-24  4.0742E+06  5.4262E+13  3.6934E-11  2.7267E+05
  3.3600E+01  3.3670E+01  1.0479E-24  4.0975E+06  5.3219E+13  3.7180E-11  2.6743E+05
  3.3740E+01  3.3810E+01  1.0756E-24  4.1210E+06  5.2202E+13  3.7434E-11  2.6232E+05
  3.3880E+01  3.3950E+01  1.1041E-24  4.1447E+06  5.1210E+13  3.7696E-11  2.5733E+05
  3.4020E+01  3.4090E+01  1.1335E-24  4.1687E+06  5.0243E+13  3.7967E-11  2.5247E+05
  3.4160E+01  3.4230E+01  1.1637E-24  4.1928E+06  4.9299E+13  3.8248E-11  2.4773E+05
  3.4300E+01  3.4370E+01  1.1948E-24  4.2171E+06  4.8380E+13  3.8538E-11  2.4311E+05
  3.4440E+01  3.4510E+01  1.2268E-24  4.2417E+06  4.7483E+13  3.8837E-11  2.3860E+05
  3.4580E+01  3.4650E+01  1.2598E-24  4.2665E+06  4.6608E+13  3.9147E-11  2.3421E+05
  3.4720E+01  3.4790E+01  1.2938E-24  4.2915E+06  4.5754E+13  3.9467E-11  2.2992E+05
  3.4860E+01  3.4930E+01  1.3289E-24  4.3168E+06  4.4922E+13  3.9799E-11  2.2574E+05
  3.5000E+01  3.5070E+01  1.3650E-24  4.3423E+06  4.4111E+13  4.0141E-11  2.2166E+05
  3.5140E+01  3.5210E+01  1.4022E-24  4.3680E+06  4.3319E+13  4.0496E-11  2.1768E+05
  3.5280E+01  3.5350E+01  1.4406E-24  4.3940E+06  4.2547E+13  4.0863E-11  2.1380E+05
  3.5420E+01  3.5490E+01  1.4801E-24  4.4203E+06  4.1794E+13  4.1242E-11  2.1002E+05
  3.5560E+01  3.5630E+01  1.5210E-24  4.4468E+06  4.1059E+13  4.1634E-11  2.0632E+05
  3.5700E+01  3.5770E+01  1.5631E-24  4.4735E+06  4.0342E+13  4.2041E-11  2.0272E+05
  3.5840E+01  3.5910E+01  1.6066E-24  4.5006E+06  3.9643E+13  4.2461E-11  1.9921E+05
  3.5980E+01  3.6050E+01  1.6514E-24  4.5279E+06  3.8961E+13  4.2896E-11  1.9578E+05
  3.6120E+01  3.6190E+01  1.6978E-24  4.5555E+06  3.8296E+13  4.3347E-11  1.9244E+05
  3.6260E+01  3.6330E+01  1.7456E-24  4.5833E+06  3.7647E+13  4.3813E-11  1.8918E+05
  3.6400E+01  3.6470E+01  1.7951E-24  4.6115E+06  3.7014E+13  4.4297E-11  1.8600E+05
  3.6540E+01  3.6610E+01  1.8461E-24  4.6399E+06  3.6396E+13  4.4797E-11  1.8289E+05
  3.6680E+01  3.6750E+01  1.8989E-24  4.6686E+06  3.5794E+13  4.5315E-11  1.7987E+05
  3.6820E+01  3.6890E+01  1.9535E-24  4.6976E+06  3.5206E+13  4.5852E-11  1.7691E+05
  3.6960E+01  3.7030E+01  2.0099E-24  4.7269E+06  3.4633E+13  4.6408E-11  1.7403E+05
  3.7100E+01  3.7170E+01  2.0683E-24  4.7566E+06  3.4074E+13  4.6985E-11  1.7122E+05
  3.7240E+01  3.7310E+01  2.1286E-24  4.7865E+06  3.3529E+13  4.7582E-11  1.6848E+05
  3.7380E+01  3.7450E+01  2.1911E-24  4.8167E+06  3.2997E+13  4.8201E-11  1.6581E+05
  3.7520E+01  3.7590E+01  2.2558E-24  4.8473E+06  3.2478E+13  4.8843E-11  1.6320E+05
  3.7660E+01  3.7730E+01  2.3227E-24  4.8781E+06  3.1972E+13  4.9509E-11  1.6066E+05
  3.7800E+01  3.7870E+01  2.3920E-24  4.9093E+06  3.1478E+13  5.0199E-11  1.5818E+05
  3.7940E+01  3.8010E+01  2.4638E-24  4.9408E+06  3.0997E+13  5.0915E-11  1.5576E+05
  3.8080E+01  3.8150E+01  2.5382E-24  4.9726E+06  3.0527E+13  5.1658E-11  1.5340E+05
  3.8220E+01  3.8290E+01  2.6152E-24  5.0048E+06  3.0069E+13  5.2428E-11  1.5110E+05
  3.8360E+01  3.8430E+01  2.6951E-24  5.0372E+06  2.9623E+13  5.3228E-11  1.4886E+05
  3.8500E+01  3.8570E+01  2.7779E-24  5.0700E+06  2.9188E+13  5.4058E-11  1.4667E+05
  3.8640E+01  3.8710E+01  2.8638E-24  5.1032E+06  2.8763E+13  5.4919E-11  1.4454E+05
  3.8780E+01  3.8850E+01  2.9529E-24  5.1366E+06  2.8350E+13  5.5813E-11  1.4246E+05
  3.8920E+01  3.8990E+01  3.0454E-24  5.1704E+06  2.7946E+13  5.6741E-11  1.4043E+05
  3.9060E+01  3.9130E+01  3.1413E-24  5.2046E+06  2.7553E+13  5.7705E-11  1.3846E+05
  3.9200E+01  3.9270E+01  3.2408E-24  5.2390E+06  2.7170E+13  5.8706E-11  1.3653E+05
  3.9340E+01  3.9410E+01  3.3442E-24  5.2739E+06  2.6797E+13  5.9745E-11  1.3466E+05
  3.9480E+01  3.9550E+01  3.4515E-24  5.3090E+06  2.6433E+13  6.0826E-11  1.3283E+05
  3.9620E+01  3.9690E+01  3.5630E-24  5.3445E+06  2.6079E+13  6.1948E-11  1.3105E+05
  3.9760E+01  3.9830E+01  3.6787E-24  5.3803E+06  2.5733E+13  6.3114E-11  1.2931E+05
  3.9900E+01  3.9970E+01  3.7990E-24  5.4164E+06  2.5397E+13  6.4326E-11  1.2762E+05
  4.0040E+01  4.0110E+01  3.9241E-24  5.4529E+06  2.5069E+13  6.5587E-11  1.2598E+05
  4.0180E+01  4.0250E+01  4.0540E-24  5.4897E+06  2.4751E+13  6.6897E-11  1.2437E+05
  4.0320E+01  4.0390E+01  4.1891E-24  5.5268E+06  2.4440E+13  6.8259E-11  1.2281E+05
  4.0460E+01  4.0530E+01  4.3296E-24  5.5642E+06  2.4138E+13  6.9675E-11  1.2130E+05
  4.0600E+01  4.0670E+01  4.4756E-24  5.6020E+06  2.3844E+13  7.1149E-11  1.1982E+05
  4.0740E+01  4.0810E+01  4.6275E-24  5.6401E+06  2.3558E+13  7.2681E-11  1.1838E+05
  4.0880E+01  4.0950E+01  4.7855E-24  5.6785E+06  2.3280E+13  7.4275E-11  1.1698E+05
  4.1020E+01  4.1090E+01  4.9499E-24  5.7172E+06  2.3009E+13  7.5934E-11  1.1562E+05
  4.1160E+01  4.1230E+01  5.1209E-24  5.7563E+06  2.2747E+13  7.7661E-11  1.1430E+05
  4.1300E+01  4.1370E+01  5.2989E-24  5.7956E+06  2.2491E+13  7.9458E-11  1.1302E+05
  4.1440E+01  4.1510E+01  5.4841E-24  5.8352E+06  2.2243E+13  8.1328E-11  1.1177E+05
  4.1580E+01  4.1650E+01  5.6768E-24  5.8752E+06  2.2002E+13  8.3274E-11  1.1056E+05
  4.1720E+01  4.1790E+01  5.8774E-24  5.9154E+06  2.1769E+13  8.5301E-11  1.0939E+05
  4.1860E+01  4.1930E+01  6.0861E-24  5.9559E+06  2.1542E+13  8.7410E-11  1.0825E+05
  4.2000E+01  4.2070E+01  6.3030E-24  5.9965E+06  2.1321E+13  8.9597E-11  1.0714E+05
  4.2140E+01  4.2210E+01  6.5266E-24  6.0368E+06  2.1103E+13  9.1825E-11  1.0604E+05
  4.2280E+01  4.2350E+01  6.7486E-24  6.0738E+06  2.0869E+13  9.3896E-11  1.0487E+05
  4.2420E+01  4.2490E+01  6.9349E-24  6.0954E+06  2.0555E+13  9.5033E-11  1.0329E+05
  4.2560E+01  4.2630E+01  6.9927E-24  6.0650E+06  1.9991E+13  9.3189E-11  1.0045E+05
  4.2700E+01  4.2770E+01  6.7541E-24  5.9114E+06  1.8869E+13  8.4938E-11  9.4805E+04
  4.2840E+01  4.2910E+01  6.0430E-24  5.5347E+06  1.6754E+13  6.7452E-11  8.4165E+04
  4.2980E+01  4.3050E+01  4.8621E-24  4.8294E+06  1.3210E+13  4.2765E-11  6.6336E+04
  4.3120E+01  4.3190E+01  3.5476E-24  3.7234E+06  8.3094E+12  1.9613E-11  4.1702E+04
  4.3260E+01  4.3330E+01  2.5704E-24  2.2703E+06  3.8456E+12  6.5746E-12  1.9291E+04
  4.3400E+01  4.3470E+01  2.1075E-24  8.2961E+05  2.1374E+12  3.0009E-12  1.0735E+04
  4.3540E+01  4.3610E+01  2.0049E-24  8.0631E+04  1.9934E+12  2.6643E-12  1.0017E+04
  4.3680E+01  4.3750E+01  2.0000E-24  5.0035E+02  1.9900E+12  2.6534E-12  1.0000E+04
  4.3820E+01  4.3890E+01  2.0000E-24  3.2011E-01  1.9900E+12  2.6533E-12  1.0000E+04
  4.3960E+01  4.4030E+01  2.0000E-24  1.8526E-04  1.9900E+12  2.6533E-12  1.0000E+04
  4.4100E+01  4.4170E+01  2.0000E-24  1.0583E-07  1.9900E+12  2.6533E-12  1.0000E+04
  4.4240E+01  4.4310E+01  2.0000E-24  3.1660E-22  1.9900E+12  2.6533E-12  1.0000E+04
  4.4380E+01  4.4450E+01  2.0000E-24  1.3552E-51  1.9900E+12  2.6533E-12  1.0000E+04
  4.4520E+01  4.4590E+01  2.0000E-24  1.2086-110  1.9900E+12  2.6533E-12  1.0000E+04
  4.4660E+01  4.4730E+01  2.0000E-24  4.5726-229  1.9900E+12  2.6533E-12  1.0000E+04
  4.4800E+01  4.4870E+01  2.0000E-24  0.0000E+00  1.9900E+12  2.6533E-12  1.0000E+04
  4.4940E+01  4.5010E+01  2.0000E-24  0.0000E+00  1.9900E+12  2.6533E-12  1.0000E+04
  4.5080E+01  4.5150E+01  2.0000E-24  0.0000E+00  1.9900E+12  2.6533E-12  1.0000E+04
  4.5220E+01  4.5290E+01  2.0000E-24  0.0000E+00  1.9900E+12  2.6533E-12  1.0000E+04
  4.5360E+01  4.5430E+01  2.0000E-24  0.0000E+00  1.9900E+12  2.6533E-12  1.0000E+04
  4.5500E+01  4.5570E+01  2.0000E-24  0.0000E+00  1.9900E+12  2.6533E-12  1.0000E+04
  4.5640E+01  4.5710E+01  2.0000E-24  0.0000E+00  1.9900E+12  2.6533E-12  1.0000E+04
  4.5780E+01  4.5850E+01  2.0000E-24  0.0000E+00  1.9900E+12  2.6533E-12  1.0000E+04
  4.5920E+01  4.5990E+01  2.0000E-24  0.0000E+00  1.9900E+12  2.6533E-12  1.0000E+04
  4.6060E+01  4.6130E+01  2.0000E-24  0.0000E+00  1.9900E+12  2.6533E-12  1.0000E+04
  4.6200E+01  4.6270E+01  2.0000E-24  0.0000E+00  1.9900E+12  2.6533E-12  1.0000E+04
  4.6340E+01  4.6410E+01  2.0000E-24  0.0000E+00  1.9900E+12  2.6533E-12  1.0000E+04
  4.6480E+01  4.6550E+01  2.0000E-24  0.0000E+00  1.9900E+12  2.6533E-12  1.0000E+04
  4.6620E+01  4.6690E+01  2.0000E-24  0.0000E+00  1.9900E+12  2.6533E-12  1.0000E+04
  4.6760E+01  4.6830E+01  2.0000E-24  0.0000E+00  1.9900E+12  2.6533E-12  1.0000E+04
  4.6900E+01  4.6970E+01  2.0000E-24  0.0000E+00  1.9900E+12  2.6533E-12  1.0000E+04
  4.7040E+01  4.7110E+01  2.0000E-24  0.0000E+00  1.9900E+12  2.6533E-12  1.0000E+04
  4.7180E+01  4.7250E+01  2.0000E-24  0.0000E+00  1.9900E+12  2.6533E-12  1.0000E+04
  4.7320E+01  4.7390E+01  2.0000E-24  0.0000E+00  1.9900E+12  2.6533E-12  1.0000E+04
  4.7460E+01  4.7530E+01  2.0000E-24  0.0000E+00  1.9900E+12  2.6533E-12  1.0000E+04
  4.7600E+01  4.7670E+01  2.0000E-24  0.0000E+00  1.9900E+12  2.6533E-12  1.0000E+04
  4.7740E+01  4.7810E+01  2.0000E-24  0.0000E+00  1.9900E+12  2.6533E-12  1.0000E+04
  4.7880E+01  4.7950E+01  2.0000E-24  0.0000E+00  1.9900E+12  2.6533E-12  1.0000E+04
  4.8020E+01  4.8090E+01  2.0000E-24  0.0000E+00  1.9900E+12  2.6533E-12  1.0000E+04
  4.8160E+01  4.8230E+01  2.0000E-24  0.0000E+00  1.9900E+12  2.6533E-12  1.0000E+04
  4.8300E+01  4.8370E+01  2.0000E-24  0.0000E+00  1.9900E+12  2.6533E-12  1.0000E+04
  4.8440E+01  4.8510E+01  2.0000E-24  0.0000E+00  1.9900E+12  2.6533E-12  1.0000E+04
  4.8580E+01  4.8650E+01  2.0000E-24  0.0000E+00  1.9900E+12  2.6533E-12  1.0000E+04
  4.8720E+01  4.8790E+01  2.0000E-24  0.0000E+00  1.9900E+12  2.6533E-12  1.0000E+04
  4.8860E+01  4.8930E+01  2.0000E-24  0.0000E+00  1.9900E+12  2.6533E-12  1.0000E+04
  4.9000E+01  4.9070E+01  2.0000E-24  0.0000E+00  1.9900E+12  2.6533E-12  1.0000E+04
  4.9140E+01  4.9210E+01  2.0000E-24  0.0000E+00  1.9900E+12  2.6533E-12  1.0000E+04
  4.9280E+01  4.9350E+01  2.0000E-24  0.0000E+00  1.9900E+12  2.6533E-12  1.0000E+04
  4.9420E+01  4.9490E+01  2.0000E-24  0.0000E+00  1.9900E+12  2.6533E-12  1.0000E+04
  4.9560E+01  4.9630E+01  2.0000E-24  0.0000E+00  1.9900E+12  2.6533E-12  1.0000E+04
  4.9700E+01  4.9770E+01  2.0000E-24  0.0000E+00  1.9900E+12  2.6533E-12  1.0000E+04
  4.9840E+01  4.9910E+01  2.0000E-24  0.0000E+00  1.9900E+12  2.6533E-12  1.0000E+04
  4.9980E+01  5.0050E+01  2.0000E-24  0.0000E+00  1.9900E+12  2.6533E-12  1.0000E+04
  5.0120E+01  5.0190E+01  2.0000E-24  0.0000E+00  1.9900E+12  2.6533E-12  1.0000E+04
  5.0260E+01  5.0330E+01  2.0000E-24  0.0000E+00  1.9900E+12  2.6533E-12  1.0000E+04
  5.0400E+01  5.0470E+01  2.0000E-24  0.0000E+00  1.9900E+12  2.6533E-12  1.0000E+04
  5.0540E+01  5.0610E+01  2.0000E-24  0.0000E+00  1.9900E+12  2.6533E-12  1.0000E+04
  5.0680E+01  5.0750E+01  2.0000E-24  0.0000E+00  1.9900E+12  2.6533E-12  1.0000E+04
  5.0820E+01  5.0890E+01  2.0000E-24  0.0000E+00  1.9900E+12  2.6533E-12  1.0000E+04
  5.0960E+01  5.1030E+01  2.0000E-24  0.0000E+00  1.9900E+12  2.6533E-12  1.0000E+04
  5.1100E+01  5.1170E+01  2.0000E-24  0.0000E+00  1.9900E+12  2.6533E-12  1.0000E+04
  5.1240E+01  5.1310E+01  2.0000E-24  0.0000E+00  1.9900E+12  2.6533E-12  1.0000E+04
  5.1380E+01  5.1450E+01  2.0000E-24  0.0000E+00  1.9900E+12  2.6533E-12  1.0000E+04
  5.1520E+01  5.1590E+01  2.0000E-24  0.0000E+00  1.9900E+12  2.6533E-12  1.0000E+04
  5.1660E+01  5.1730E+01  2.0000E-24  0.0000E+00  1.9900E+12  2.6533E-12  1.0000E+04
  5.1800E+01  5.1870E+01  2.0000E-24  0.0000E+00  1.9900E+12  2.6533E-12  1.0000E+04
  5.1940E+01  5.2010E+01  2.0000E-24  0.0000E+00  1.9900E+12  2.6533E-12  1.0000E+04
  5.2080E+01  5.2150E+01  2.0000E-24  0.0000E+00  1.9900E+12  2.6533E-12  1.0000E+04
  5.2220E+01  5.2290E+01  2.0000E-24  0.0000E+00  1.9900E+12  2.6533E-12  1.0000E+04
  5.2360E+01  5.2430E+01  2.0000E-24  0.0000E+00  1.9900E+12  2.6533E-12  1.0000E+04
  5.2500E+01  5.2570E+01  2.0000E-24  0.0000E+00  1.9900E+12  2.6533E-12  1.0000E+04
  5.2640E+01  5.2710E+01  2.0000E-24  0.0000E+00  1.9900E+12  2.6533E-12  1.0000E+04
  5.2780E+01  5.2850E+01  2.0000E-24  0.0000E+00  1.9900E+12  2.6533E-12  1.0000E+04
  5.2920E+01  5.2990E+01  2.0000E-24  0.0000E+00  1.9900E+12  2.6533E-12  1.0000E+04
  5.3060E+01  5.3130E+01  2.0000E-24  0.0000E+00  1.9900E+12  2.6533E-12  1.0000E+04
  5.3200E+01  5.3270E+01  2.0000E-24  0.0000E+00  1.9900E+12  2.6533E-12  1.0000E+04
  5.3340E+01  5.3410E+01  2.0000E-24  0.0000E+00  1.9900E+12  2.6533E-12  1.0000E+04
  5.3480E+01  5.3550E+01  2.0000E-24  0.0000E+00  1.9900E+12  2.6533E-12  1.0000E+04
  5.3620E+01  5.3690E+01  2.0000E-24  0.0000E+00  1.9900E+12  2.6533E-12  1.0000E+04
  5.3760E+01  5.3830E+01  2.0000E-24  0.0000E+00  1.9900E+12  2.6533E-12  1.0000E+04
  5.3900E+01  5.3970E+01  2.0000E-24  0.0000E+00  1.9900E+12  2.6533E-12  1.0000E+04
  5.4040E+01  5.4110E+01  2.0000E-24  0.0000E+00  1.9900E+12  2.6533E-12  1.0000E+04
  5.4180E+01  5.4250E+01  2.0000E-24  0.0000E+00  1.9900E+12  2.6533E-12  1.0000E+04
  5.4320E+01  5.4390E+01  2.0000E-24  0.0000E+00  1.9900E+12  2.6533E-12  1.0000E+04
  5.4460E+01  5.4530E+01  2.0000E-24  0.0000E+00  1.9900E+12  2.6533E-12  1.0000E+04
  5.4600E+01  5.4670E+01  2.0000E-24  0.0000E+00  1.9900E+12  2.6533E-12  1.0000E+04
  5.4740E+01  5.4810E+01  2.0000E-24  0.0000E+00  1.9900E+12  2.6533E-12  1.0000E+04
  5.4880E+01  5.4950E+01  2.0000E-24  0.0000E+00  1.9900E+12  2.6533E-12  1.0000E+04
  5.5020E+01  5.5090E+01  2.0000E-24  0.0000E+00  1.9900E+12  2.6533E-12  1.0000E+04
  5.5160E+01  5.5230E+01  2.0000E-24  0.0000E+00  1.9900E+12  2.6533E-12  1.0000E+04
  5.5300E+01  5.5370E+01  2.0000E-24  0.0000E+00  1.9900E+12  2.6533E-12  1.0000E+04
  5.5440E+01  5.5510E+01  2.0000E-24  0.0000E+00  1.9900E+12  2.6533E-12  1.0000E+04
  5.5580E+01  5.5650E+01  2.0000E-24  0.0000E+00  1.9900E+12  2.6533E-12  1.0000E+04
  5.5720E+01  5.5790E+01  2.0000E-24  0.0000E+00  1.9900E+12  2.6533E-12  1.0000E+04
  5.5860E+01  5.5930E+01  2.0000E-24  0.0000E+00  1.9900E+12  2.6533E-12  1.0000E+04
  5.6000E+01  5.6070E+01  2.0000E-24  0.0000E+00  1.9900E+12  2.6533E-12  1.0000E+04
  5.6140E+01  5.6210E+01  2.0000E-24  0.0000E+00  1.9900E+12  2.6533E-12  1.0000E+04
  5.6280E+01  5.6350E+01  2.0000E-24  0.0000E+00  1.9900E+12  2.6533E-12  1.0000E+04
  5.6420E+01  5.6490E+01  2.0000E-24  0.0000E+00  1.9900E+12  2.6533E-12  1.0000E+04
  5.6560E+01  5.6630E+01  2.0000E-24  0.0000E+00  1.9900E+12  2.6533E-12  1.0000E+04
  5.6700E+01  5.6770E+01  2.0000E-24  0.0000E+00  1.9900E+12  2.6533E-12  1.0000E+04
  5.6840E+01  5.6910E+01  2.0000E-24  0.0000E+00  1.9900E+12  2.6533E-12  1.0000E+04
  5.6980E+01  5.7050E+01  2.0000E-24  0.0000E+00  1.9900E+12  2.6533E-12  1.0000E+04
  5.7120E+01  5.7190E+01  2.0000E-24  0.0000E+00  1.9900E+12  2.6533E-12  1.0000E+04
  5.7260E+01  5.7330E+01  2.0000E-24  0.0000E+00  1.9900E+12  2.6533E-12  1.0000E+04
  5.7400E+01  5.7470E+01  2.0000E-24  0.0000E+00  1.9900E+12  2.6533E-12  1.0000E+04
  5.7540E+01  5.7610E+01  2.0000E-24  0.0000E+00  1.9900E+12  2.6533E-12  1.0000E+04
  5.7680E+01  5.7750E+01  2.0000E-24  0.0000E+00  1.9900E+12  2.6533E-12  1.0000E+04
  5.7820E+01  5.7890E+01  2.0000E-24  0.0000E+00  1.9900E+12  2.6533E-12  1.0000E+04
  5.7960E+01  5.8030E+01  2.0000E-24  0.0000E+00  1.9900E+12  2.6533E-12  1.0000E+04
  5.8100E+01  5.8170E+01  2.0000E-24  0.0000E+00  1.9900E+12  2.6533E-12  1.0000E+04
  5.8240E+01  5.8310E+01  2.0000E-24  0.0000E+00  1.9900E+12  2.6533E-12  1.0000E+04
  5.8380E+01  5.8450E+01  2.0000E-24  0.0000E+00  1.9900E+12  2.6533E-12  1.0000E+04
  5.8520E+01  5.8590E+01  2.0000E-24  0.0000E+00  1.9900E+12  2.6533E-12  1.0000E+04
  5.8660E+01  5.8730E+01  2.0000E-24  0.0000E+00  1.9900E+12  2.6533E-12  1.0000E+04
  5.8800E+01  5.8870E+01  2.0000E-24  0.0000E+00  1.9900E+12  2.6533E-12  1.0000E+04
  5.8940E+01  5.9010E+01  2.0000E-24  0.0000E+00  1.9900E+12  2.6533E-12  1.0000E+04
  5.9080E+01  5.9150E+01  2.0000E-24  0.0000E+00  1.9900E+12  2.6533E-12  1.0000E+04
  5.9220E+01  5.9290E+01  2.0000E-24  0.0000E+00  1.9900E+12  2.6533E-12  1.0000E+04
  5.9360E+01  5.9430E+01  2.0000E-24  0.0000E+00  1.9900E+12  2.6533E-12  1.0000E+04
  5.9500E+01  5.9570E+01  2.0000E-24  0.0000E+00  1.9900E+12  2.6533E-12  1.0000E+04
  5.9640E+01  5.9710E+01  2.0000E-24  0.0000E+00  1.9900E+12  2.6533E-12  1.0000E+04
  5.9780E+01  5.9850E+01  2.0000E-24  0.0000E+00  1.9900E+12  2.6533E-12  1.0000E+04
  5.9920E+01  5.9990E+01  2.0000E-24  0.0000E+00  1.9900E+12  2.6533E-12  1.0000E+04
  6.0060E+01  6.0130E+01  2.0000E-24  0.0000E+00  1.9900E+12  2.6533E-12  1.0000E+04
  6.0200E+01  6.0270E+01  2.0000E-24  0.0000E+00  1.9900E+12  2.6533E-12  1.0000E+04
  6.0340E+01  6.0410E+01  2.0000E-24  0.0000E+00  1.9900E+12  2.6533E-12  1.0000E+04
  6.0480E+01  6.0550E+01  2.0000E-24  0.0000E+00  1.9900E+12  2.6533E-12  1.0000E+04
  6.0620E+01  6.0690E+01  2.0000E-24  0.0000E+00  1.9900E+12  2.6533E-12  1.0000E+04
  6.0760E+01  6.0830E+01  2.0000E-24  0.0000E+00  1.9900E+12  2.6533E-12  1.0000E+04
  6.0900E+01  6.0970E+01  2.0000E-24  0.0000E+00  1.9900E+12  2.6533E-12  1.0000E+04
  6.1040E+01  6.1110E+01  2.0000E-24  0.0000E+00  1.9900E+12  2.6533E-12  1.0000E+04
  6.1180E+01  6.1250E+01  2.0000E-24  0.0000E+00  1.9900E+12  2.6533E-12  1.0000E+04
  6.1320E+01  6.1390E+01  2.0000E-24  0.0000E+00  1.9900E+12  2.6533E-12  1.0000E+04
  6.1460E+01  6.1530E+01  2.0000E-24  0.0000E+00  1.9900E+12  2.6533E-12  1.0000E+04
  6.1600E+01  6.1670E+01  2.0000E-24  0.0000E+00  1.9900E+12  2.6533E-12  1.0000E+04
  6.1740E+01  6.1810E+01  2.0000E-24  0.0000E+00  1.9900E+12  2.6533E-12  1.0000E+04
  6.1880E+01  6.1950E+01  2.0000E-24  0.0000E+00  1.9900E+12  2.6533E-12  1.0000E+04
  6.2020E+01  6.2090E+01  2.0000E-24  0.0000E+00  1.9900E+12  2.6533E-12  1.0000E+04
  6.2160E+01  6.2230E+01  2.0000E-24  0.0000E+00  1.9900E+12  2.6533E-12  1.0000E+04
  6.2300E+01  6.2370E+01  2.0000E-24  0.0000E+00  1.9900E+12  2.6533E-12  1.0000E+04
  6.2440E+01  6.2510E+01  2.0000E-24  0.0000E+00  1.9900E+12  2.6533E-12  1.0000E+04
  6.2580E+01  6.2650E+01  2.0000E-24  0.0000E+00  1.9900E+12  2.6533E-12  1.0000E+04
  6.2720E+01  6.2790E+01  2.0000E-24  0.0000E+00  1.9900E+12  2.6533E-12  1.0000E+04
  6.2860E+01  6.2930E+01  2.0000E-24  0.0000E+00  1.9900E+12  2.6533E-12  1.0000E+04
  6.3000E+01  6.3070E+01  2.0000E-24  0.0000E+00  1.9900E+12  2.6533E-12  1.0000E+04
  6.3140E+01  6.3210E+01  2.0000E-24  0.0000E+00  1.9900E+12  2.6533E-12  1.0000E+04
  6.3280E+01  6.3350E+01  2.0000E-24  0.0000E+00  1.9900E+12  2.6533E-12  1.0000E+04
  6.3420E+01  6.3490E+01  2.0000E-24  0.0000E+00  1.9900E+12  2.6533E-12  1.0000E+04
  6.3560E+01  6.3630E+01  2.0000E-24  0.0000E+00  1.9900E+12  2.6533E-12  1.0000E+04
  6.3700E+01  6.3770E+01  2.0000E-24  0.0000E+00  1.9900E+12  2.6533E-12  1.0000E+04
  6.3840E+01  6.3910E+01  2.0000E-24  0.0000E+00  1.9900E+12  2.6533E-12  1.0000E+04
  6.3980E+01  6.4050E+01  2.0000E-24  0.0000E+00  1.9900E+12  2.6533E-12  1.0000E+04
  6.4120E+01  6.4190E+01  2.0000E-24  0.0000E+00  1.9900E+12  2.6533E-12  1.0000E+04
  6.4260E+01  6.4330E+01  2.0000E-24  0.0000E+00  1.9900E+12  2.6533E-12  1.0000E+04
  6.4400E+01  6.4470E+01  2.0000E-24  0.0000E+00  1.9900E+12  2.6533E-12  1.0000E+04
  6.4540E+01  6.4610E+01  2.0000E-24  0.0000E+00  1.9900E+12  2.6533E-12  1.0000E+04
  6.4680E+01  6.4750E+01  2.0000E-24  0.0000E+00  1.9900E+12  2.6533E-12  1.0000E+04
  6.4820E+01  6.4890E+01  2.0000E-24  0.0000E+00  1.9900E+12  2.6533E-12  1.0000E+04
  6.4960E+01  6.5030E+01  2.0000E-24  0.0000E+00  1.9900E+12  2.6533E-12  1.0000E+04
  6.5100E+01  6.5170E+01  2.0000E-24  0.0000E+00  1.9900E+12  2.6533E-12  1.0000E+04
  6.5240E+01  6.5310E+01  2.0000E-24  0.0000E+00  1.9900E+12  2.6533E-12  1.0000E+04
  6.5380E+01  6.5450E+01  2.0000E-24  0.0000E+00  1.9900E+12  2.6533E-12  1.0000E+04
  6.5520E+01  6.5590E+01  2.0000E-24  0.0000E+00  1.9900E+12  2.6533E-12  1.0000E+04
  6.5660E+01  6.5730E+01  2.0000E-24  0.0000E+00  1.9900E+12  2.6533E-12  1.0000E+04
  6.5800E+01  6.5870E+01  2.0000E-24  0.0000E+00  1.9900E+12  2.6533E-12  1.0000E+04
  6.5940E+01  6.6010E+01  2.0000E-24  0.0000E+00  1.9900E+12  2.6533E-12  1.0000E+04
  6.6080E+01  6.6150E+01  2.0000E-24  0.0000E+00  1.9900E+12  2.6533E-12  1.0000E+04
  6.6220E+01  6.6290E+01  2.0000E-24  0.0000E+00  1.9900E+12  2.6533E-12  1.0000E+04
  6.6360E+01  6.6430E+01  2.0000E-24  0.0000E+00  1.9900E+12  2.6533E-12  1.0000E+04
  6.6500E+01  6.6570E+01  2.0000E-24  0.0000E+00  1.9900E+12  2.6533E-12  1.0000E+04
  6.6640E+01  6.6710E+01  2.0000E-24  0.0000E+00  1.9900E+12  2.6533E-12  1.0000E+04
  6.6780E+01  6.6850E+01  2.0000E-24  0.0000E+00  1.9900E+12  2.6533E-12  1.0000E+04
  6.6920E+01  6.6990E+01  2.0000E-24  0.0000E+00  1.9900E+12  2.6533E-12  1.0000E+04
  6.7060E+01  6.7130E+01  2.0000E-24  0.0000E+00  1.9900E+12  2.6533E-12  1.0000E+04
  6.7200E+01  6.7270E+01  2.0000E-24  0.0000E+00  1.9900E+12  2.6533E-12  1.0000E+04
  6.7340E+01  6.7410E+01  2.0000E-24  0.0000E+00  1.9900E+12  2.6533E-12  1.0000E+04
  6.7480E+01  6.7550E+01  2.0000E-24  0.0000E+00  1.9900E+12  2.6533E-12  1.0000E+04
  6.7620E+01  6.7690E+01  2.0000E-24  0.0000E+00  1.9900E+12  2.6533E-12  1.0000E+04
  6.7760E+01  6.7830E+01  2.0000E-24  0.0000E+00  1.9900E+12  2.6533E-12  1.0000E+04
  6.7900E+01  6.7970E+01  2.0000E-24  0.0000E+00  1.9900E+12  2.6533E-12  1.0000E+04
  6.8040E+01  6.8110E+01  2.0000E-24  0.0000E+00  1.9900E+12  2.6533E-12  1.0000E+04
  6.8180E+01  6.8250E+01  2.0000E-24  0.0000E+00  1.9900E+12  2.6533E-12  1.0000E+04
  6.8320E+01  6.8390E+01  2.0000E-24  0.0000E+00  1.9900E+12  2.6533E-12  1.0000E+04
  6.8460E+01  6.8530E+01  2.0000E-24  0.0000E+00  1.9900E+12  2.6533E-12  1.0000E+04
  6.8600E+01  6.8670E+01  2.0000E-24  0.0000E+00  1.9900E+12  2.6533E-12  1.0000E+04
  6.8740E+01  6.8810E+01  2.0000E-24  0.0000E+00  1.9900E+12  2.6533E-12  1.0000E+04
  6.8880E+01  6.8950E+01  2.0000E-24  0.0000E+00  1.9900E+12  2.6533E-12  1.0000E+04
  6.9020E+01  6.9090E+01  2.0000E-24  0.0000E+00  1.9900E+12  2.6533E-12  1.0000E+04
  6.9160E+01  6.9230E+01  2.0000E-24  0.0000E+00  1.9900E+12  2.6533E-12  1.0000E+04
  6.9300E+01  6.9370E+01  2.0000E-24  0.0000E+00  1.9900E+12  2.6533E-12  1.0000E+04
  6.9440E+01  6.9510E+01  2.0000E-24  0.0000E+00  1.9900E+12  2.6533E-12  1.0000E+04
  6.9580E+01  6.9650E+01  2.0000E-24  0.0000E+00  1.9900E+12  2.6533E-12  1.0000E+04
  6.9720E+01  6.9790E+01  2.0000E-24  0.0000E+00  1.9900E+12  2.6533E-12  1.0000E+04
  6.9860E+01  6.9930E+01  2.0000E-24  0.0000E+00  1.9900E+12  2.6533E-12  1.0000E+04
