 -1.4000E-01 -7.0000E-02  5.0984E-05  3.4002E+10  4.6228E-10 -2.8973E+05
  0.0000E+00  7.0000E-02  5.0984E-05  3.4002E+10  4.6228E-10  0.0000E+00
  1.4000E-01  2.1000E-01  1.2406E-04  1.3967E+10  4.6204E-10  2.8973E+05
  2.8000E-01  3.5000E-01  1.9213E-04  9.0135E+09  4.6180E-10  3.2296E+05
  4.2000E-01  4.9000E-01  2.5861E-04  6.6984E+09  4.6194E-10  4.4572E+05
  5.6000E-01  6.3000E-01  3.2866E-04  5.2709E+09  4.6195E-10  7.2994E+05
  7.0000E-01  7.7000E-01  4.0408E-04  4.2867E+09  4.6191E-10  7.9316E+05
  8.4000E-01  9.1000E-01  4.8581E-04  3.5657E+09  4.6193E-10  1.0009E+06
  9.8000E-01  1.0500E+00  5.7444E-04  3.0155E+09  4.6193E-10  1.1502E+06
  1.1200E+00  1.1900E+00  6.7053E-04  2.5834E+09  4.6193E-10  1.3178E+06
  1.2600E+00  1.3300E+00  7.7463E-04  2.2362E+09  4.6193E-10  1.4810E+06
  1.4000E+00  1.4700E+00  8.8733E-04  1.9522E+09  4.6193E-10  1.6454E+06
  1.5400E+00  1.6100E+00  1.0092E-03  1.7164E+09  4.6193E-10  1.8096E+06
  1.6800E+00  1.7500E+00  1.1410E-03  1.5182E+09  4.6194E-10  1.9739E+06
  1.8200E+00  1.8900E+00  1.2834E-03  1.3498E+09  4.6194E-10  2.1382E+06
  1.9600E+00  2.0300E+00  1.4370E-03  1.2055E+09  4.6194E-10  2.3025E+06
  2.1000E+00  2.1700E+00  1.6028E-03  1.0808E+09  4.6195E-10  2.4669E+06
  2.2400E+00  2.3100E+00  1.7816E-03  9.7235E+08  4.6195E-10  2.6313E+06
  2.3800E+00  2.4500E+00  1.9742E-03  8.7747E+08  4.6196E-10  2.7956E+06
  2.5200E+00  2.5900E+00  2.1818E-03  7.9401E+08  4.6196E-10  2.9601E+06
  2.6600E+00  2.7300E+00  2.4053E-03  7.2025E+08  4.6197E-10  3.1245E+06
  2.8000E+00  2.8700E+00  2.6458E-03  6.5479E+08  4.6198E-10  3.2889E+06
  2.9400E+00  3.0100E+00  2.9045E-03  5.9648E+08  4.6199E-10  3.4533E+06
  3.0800E+00  3.1500E+00  3.1827E-03  5.4435E+08  4.6200E-10  3.6178E+06
  3.2200E+00  3.2900E+00  3.4817E-03  4.9761E+08  4.6201E-10  3.7822E+06
  3.3600E+00  3.4300E+00  3.8030E-03  4.5559E+08  4.6203E-10  3.9467E+06
  3.5000E+00  3.5700E+00  4.1480E-03  4.1771E+08  4.6205E-10  4.1112E+06
  3.6400E+00  3.7100E+00  4.5184E-03  3.8349E+08  4.6207E-10  4.2757E+06
  3.7800E+00  3.8500E+00  4.9158E-03  3.5250E+08  4.6209E-10  4.4402E+06
  3.9200E+00  3.9900E+00  5.3421E-03  3.2439E+08  4.6211E-10  4.6047E+06
  4.0600E+00  4.1300E+00  5.7991E-03  2.9884E+08  4.6214E-10  4.7693E+06
  4.2000E+00  4.2700E+00  6.2889E-03  2.7559E+08  4.6217E-10  4.9338E+06
  4.3400E+00  4.4100E+00  6.8135E-03  2.5439E+08  4.6221E-10  5.0984E+06
  4.4800E+00  4.5500E+00  7.3753E-03  2.3503E+08  4.6225E-10  5.2630E+06
  4.6200E+00  4.6900E+00  7.9764E-03  2.1734E+08  4.6229E-10  5.4277E+06
  4.7600E+00  4.8300E+00  8.6195E-03  2.0115E+08  4.6234E-10  5.5923E+06
  4.9000E+00  4.9700E+00  9.3071E-03  1.8631E+08  4.6239E-10  5.7571E+06
  5.0400E+00  5.1100E+00  1.0042E-02  1.7269E+08  4.6246E-10  5.9218E+06
  5.1800E+00  5.2500E+00  1.0827E-02  1.6019E+08  4.6252E-10  6.0866E+06
  5.3200E+00  5.3900E+00  1.1666E-02  1.4871E+08  4.6260E-10  6.2514E+06
  5.4600E+00  5.5300E+00  1.2560E-02  1.3814E+08  4.6268E-10  6.4163E+06
  5.6000E+00  5.6700E+00  1.3515E-02  1.2840E+08  4.6277E-10  6.5813E+06
  5.7400E+00  5.8100E+00  1.4533E-02  1.1944E+08  4.6287E-10  6.7463E+06
  5.8800E+00  5.9500E+00  1.5618E-02  1.1116E+08  4.6298E-10  6.9114E+06
  6.0200E+00  6.0900E+00  1.6774E-02  1.0353E+08  4.6310E-10  7.0766E+06
  6.1600E+00  6.2300E+00  1.8005E-02  9.6478E+07  4.6323E-10  7.2419E+06
  6.3000E+00  6.3700E+00  1.9316E-02  8.9959E+07  4.6337E-10  7.4072E+06
  6.4400E+00  6.5100E+00  2.0711E-02  8.3930E+07  4.6353E-10  7.5727E+06
  6.5800E+00  6.6500E+00  2.2194E-02  7.8350E+07  4.6371E-10  7.7383E+06
  6.7200E+00  6.7900E+00  2.3771E-02  7.3181E+07  4.6390E-10  7.9040E+06
  6.8600E+00  6.9300E+00  2.5447E-02  6.8391E+07  4.6410E-10  8.0698E+06
  7.0000E+00  7.0700E+00  2.7228E-02  6.3950E+07  4.6433E-10  8.2358E+06
  7.1400E+00  7.2100E+00  2.9119E-02  5.9828E+07  4.6458E-10  8.4020E+06
  7.2800E+00  7.3500E+00  3.1127E-02  5.6002E+07  4.6485E-10  8.5683E+06
  7.4200E+00  7.4900E+00  3.3258E-02  5.2448E+07  4.6514E-10  8.7349E+06
  7.5600E+00  7.6300E+00  3.5518E-02  4.9144E+07  4.6546E-10  8.9016E+06
  7.7000E+00  7.7700E+00  3.7914E-02  4.6072E+07  4.6581E-10  9.0686E+06
  7.8400E+00  7.9100E+00  4.0455E-02  4.3214E+07  4.6619E-10  9.2359E+06
  7.9800E+00  8.0500E+00  4.3148E-02  4.0553E+07  4.6660E-10  9.4034E+06
  8.1200E+00  8.1900E+00  4.6000E-02  3.8074E+07  4.6705E-10  9.5712E+06
  8.2600E+00  8.3300E+00  4.9021E-02  3.5765E+07  4.6753E-10  9.7394E+06
  8.4000E+00  8.4700E+00  5.2220E-02  3.3612E+07  4.6806E-10  9.9079E+06
  8.5400E+00  8.6100E+00  5.5607E-02  3.1603E+07  4.6863E-10  1.0077E+07
  8.6800E+00  8.7500E+00  5.9190E-02  2.9729E+07  4.6924E-10  1.0246E+07
  8.8200E+00  8.8900E+00  6.2982E-02  2.7979E+07  4.6991E-10  1.0416E+07
  8.9600E+00  9.0300E+00  6.6993E-02  2.6344E+07  4.7063E-10  1.0586E+07
  9.1000E+00  9.1700E+00  7.1235E-02  2.4816E+07  4.7141E-10  1.0757E+07
  9.2400E+00  9.3100E+00  7.5720E-02  2.3388E+07  4.7225E-10  1.0928E+07
  9.3800E+00  9.4500E+00  8.0462E-02  2.2052E+07  4.7316E-10  1.1100E+07
  9.5200E+00  9.5900E+00  8.5475E-02  2.0802E+07  4.7414E-10  1.1273E+07
  9.6600E+00  9.7300E+00  9.0773E-02  1.9631E+07  4.7520E-10  1.1446E+07
  9.8000E+00  9.8700E+00  9.6373E-02  1.8535E+07  4.7635E-10  1.1621E+07
  9.9400E+00  1.0010E+01  1.0229E-01  1.7508E+07  4.7758E-10  1.1795E+07
  1.0080E+01  1.0150E+01  1.0854E-01  1.6545E+07  4.7891E-10  1.1971E+07
  1.0220E+01  1.0290E+01  1.1515E-01  1.5642E+07  4.8034E-10  1.2148E+07
  1.0360E+01  1.0430E+01  1.2214E-01  1.4795E+07  4.8188E-10  1.2326E+07
  1.0500E+01  1.0570E+01  1.2952E-01  1.4000E+07  4.8354E-10  1.2505E+07
  1.0640E+01  1.0710E+01  1.3732E-01  1.3254E+07  4.8533E-10  1.2685E+07
  1.0780E+01  1.0850E+01  1.4556E-01  1.2553E+07  4.8725E-10  1.2867E+07
  1.0920E+01  1.0990E+01  1.5428E-01  1.1894E+07  4.8933E-10  1.3049E+07
  1.1060E+01  1.1130E+01  1.6350E-01  1.1275E+07  4.9155E-10  1.3234E+07
  1.1200E+01  1.1270E+01  1.7324E-01  1.0692E+07  4.9395E-10  1.3420E+07
  1.1340E+01  1.1410E+01  1.8355E-01  1.0144E+07  4.9654E-10  1.3607E+07
  1.1480E+01  1.1550E+01  1.9447E-01  9.6285E+06  4.9931E-10  1.3797E+07
  1.1620E+01  1.1690E+01  2.0602E-01  9.1430E+06  5.0230E-10  1.3988E+07
  1.1760E+01  1.1830E+01  2.1825E-01  8.6858E+06  5.0552E-10  1.4181E+07
  1.1900E+01  1.1970E+01  2.3121E-01  8.2550E+06  5.0898E-10  1.4377E+07
  1.2040E+01  1.2110E+01  2.4495E-01  7.8490E+06  5.1270E-10  1.4575E+07
  1.2180E+01  1.2250E+01  2.5952E-01  7.4662E+06  5.1670E-10  1.4775E+07
  1.2320E+01  1.2390E+01  2.7498E-01  7.1052E+06  5.2102E-10  1.4978E+07
  1.2460E+01  1.2530E+01  2.9140E-01  6.7646E+06  5.2566E-10  1.5184E+07
  1.2600E+01  1.2670E+01  3.0885E-01  6.4431E+06  5.3066E-10  1.5393E+07
  1.2740E+01  1.2810E+01  3.2741E-01  6.1396E+06  5.3605E-10  1.5605E+07
  1.2880E+01  1.2950E+01  3.4717E-01  5.8530E+06  5.4186E-10  1.5821E+07
  1.3020E+01  1.3090E+01  3.6821E-01  5.5822E+06  5.4812E-10  1.6040E+07
  1.3160E+01  1.3230E+01  3.9066E-01  5.3263E+06  5.5487E-10  1.6263E+07
  1.3300E+01  1.3370E+01  4.1462E-01  5.0844E+06  5.6216E-10  1.6491E+07
  1.3440E+01  1.3510E+01  4.4023E-01  4.8556E+06  5.7002E-10  1.6722E+07
  1.3580E+01  1.3650E+01  4.6763E-01  4.6393E+06  5.7853E-10  1.6958E+07
  1.3720E+01  1.3790E+01  4.9700E-01  4.4345E+06  5.8772E-10  1.7199E+07
  1.3860E+01  1.3930E+01  5.2850E-01  4.2408E+06  5.9767E-10  1.7445E+07
  1.4000E+01  1.4070E+01  5.6234E-01  4.0574E+06  6.0844E-10  1.7697E+07
  1.4140E+01  1.4210E+01  5.9877E-01  3.8836E+06  6.2011E-10  1.7954E+07
  1.4280E+01  1.4350E+01  6.3803E-01  3.7191E+06  6.3277E-10  1.8217E+07
  1.4420E+01  1.4490E+01  6.8042E-01  3.5631E+06  6.4651E-10  1.8487E+07
  1.4560E+01  1.4630E+01  7.2627E-01  3.4153E+06  6.6145E-10  1.8763E+07
  1.4700E+01  1.4770E+01  7.7595E-01  3.2752E+06  6.7770E-10  1.9046E+07
  1.4840E+01  1.4910E+01  8.2991E-01  3.1422E+06  6.9540E-10  1.9336E+07
  1.4980E+01  1.5050E+01  8.8861E-01  3.0161E+06  7.1470E-10  1.9633E+07
  1.5120E+01  1.5190E+01  9.5264E-01  2.8963E+06  7.3577E-10  1.9938E+07
  1.5260E+01  1.5330E+01  1.0226E+00  2.7826E+06  7.5881E-10  2.0251E+07
  1.5400E+01  1.5470E+01  1.0993E+00  2.6746E+06  7.8404E-10  2.0573E+07
  1.5540E+01  1.5610E+01  1.1835E+00  2.5719E+06  8.1169E-10  2.0902E+07
  1.5680E+01  1.5750E+01  1.2762E+00  2.4743E+06  8.4206E-10  2.1240E+07
  1.5820E+01  1.5890E+01  1.3786E+00  2.3814E+06  8.7546E-10  2.1587E+07
  1.5960E+01  1.6030E+01  1.4920E+00  2.2929E+06  9.1226E-10  2.1943E+07
  1.6100E+01  1.6170E+01  1.6179E+00  2.2086E+06  9.5287E-10  2.2307E+07
  1.6240E+01  1.6310E+01  1.7581E+00  2.1283E+06  9.9777E-10  2.2680E+07
  1.6380E+01  1.6450E+01  1.9147E+00  2.0516E+06  1.0475E-09  2.3062E+07
  1.6520E+01  1.6590E+01  2.0903E+00  1.9784E+06  1.1027E-09  2.3452E+07
  1.6660E+01  1.6730E+01  2.2876E+00  1.9084E+06  1.1641E-09  2.3849E+07
  1.6800E+01  1.6870E+01  2.5094E+00  1.8410E+06  1.2319E-09  2.4253E+07
  1.6940E+01  1.7010E+01  2.7545E+00  1.7740E+06  1.3030E-09  2.4646E+07
  1.7080E+01  1.7150E+01  3.0024E+00  1.6986E+06  1.3600E-09  2.4950E+07
  1.7220E+01  1.7290E+01  3.1855E+00  1.5940E+06  1.3540E-09  2.4925E+07
  1.7360E+01  1.7430E+01  3.1815E+00  1.4297E+06  1.2130E-09  2.4181E+07
  1.7500E+01  1.7570E+01  2.8721E+00  1.1723E+06  8.9789E-10  2.2288E+07
  1.7640E+01  1.7710E+01  2.2778E+00  8.0025E+05  4.8608E-10  1.8867E+07
  1.7780E+01  1.7850E+01  1.6323E+00  3.6463E+05  1.5871E-10  1.3760E+07
  1.7920E+01  1.7990E+01  1.1984E+00  7.5385E+04  2.4091E-11  7.4987E+06
  1.8060E+01  1.8130E+01  1.0266E+00  1.1538E+04  3.1586E-12  2.0675E+06
  1.8200E+01  1.8270E+01  1.0006E+00  1.0000E+04  2.6682E-12  9.7153E+04
  1.8340E+01  1.8410E+01  1.0000E+00  1.0000E+04  2.6667E-12  1.0461E+02
  1.8480E+01  1.8550E+01  1.0000E+00  1.0000E+04  2.6667E-12  1.2017E-03
  1.8620E+01  1.8690E+01  1.0000E+00  1.0000E+04  2.6667E-12  1.0923E-08
  1.8760E+01  1.8830E+01  1.0000E+00  1.0000E+04  2.6667E-12  5.7417E-25
  1.8900E+01  1.8970E+01  1.0000E+00  1.0000E+04  2.6667E-12  6.6184E-58
  1.9040E+01  1.9110E+01  1.0000E+00  1.0000E+04  2.6667E-12  3.9347-124
  1.9180E+01  1.9250E+01  1.0000E+00  1.0000E+04  2.6667E-12  5.6374-257
  1.9320E+01  1.9390E+01  1.0000E+00  1.0000E+04  2.6667E-12  0.0000E+00
  1.9460E+01  1.9530E+01  1.0000E+00  1.0000E+04  2.6667E-12  0.0000E+00
  1.9600E+01  1.9670E+01  1.0000E+00  1.0000E+04  2.6667E-12  0.0000E+00
  1.9740E+01  1.9810E+01  1.0000E+00  1.0000E+04  2.6667E-12  0.0000E+00
  1.9880E+01  1.9950E+01  1.0000E+00  1.0000E+04  2.6667E-12  0.0000E+00
  2.0020E+01  2.0090E+01  1.0000E+00  1.0000E+04  2.6667E-12  0.0000E+00
  2.0160E+01  2.0230E+01  1.0000E+00  1.0000E+04  2.6667E-12  0.0000E+00
  2.0300E+01  2.0370E+01  1.0000E+00  1.0000E+04  2.6667E-12  0.0000E+00
  2.0440E+01  2.0510E+01  1.0000E+00  1.0000E+04  2.6667E-12  0.0000E+00
  2.0580E+01  2.0650E+01  1.0000E+00  1.0000E+04  2.6667E-12  0.0000E+00
  2.0720E+01  2.0790E+01  1.0000E+00  1.0000E+04  2.6667E-12  0.0000E+00
  2.0860E+01  2.0930E+01  1.0000E+00  1.0000E+04  2.6667E-12  0.0000E+00
  2.1000E+01  2.1070E+01  1.0000E+00  1.0000E+04  2.6667E-12  0.0000E+00
  2.1140E+01  2.1210E+01  1.0000E+00  1.0000E+04  2.6667E-12  0.0000E+00
  2.1280E+01  2.1350E+01  1.0000E+00  1.0000E+04  2.6667E-12  0.0000E+00
  2.1420E+01  2.1490E+01  1.0000E+00  1.0000E+04  2.6667E-12  0.0000E+00
  2.1560E+01  2.1630E+01  1.0000E+00  1.0000E+04  2.6667E-12  0.0000E+00
  2.1700E+01  2.1770E+01  1.0000E+00  1.0000E+04  2.6667E-12  0.0000E+00
  2.1840E+01  2.1910E+01  1.0000E+00  1.0000E+04  2.6667E-12  0.0000E+00
  2.1980E+01  2.2050E+01  1.0000E+00  1.0000E+04  2.6667E-12  0.0000E+00
  2.2120E+01  2.2190E+01  1.0000E+00  1.0000E+04  2.6667E-12  0.0000E+00
  2.2260E+01  2.2330E+01  1.0000E+00  1.0000E+04  2.6667E-12  0.0000E+00
  2.2400E+01  2.2470E+01  1.0000E+00  1.0000E+04  2.6667E-12  0.0000E+00
  2.2540E+01  2.2610E+01  1.0000E+00  1.0000E+04  2.6667E-12  0.0000E+00
  2.2680E+01  2.2750E+01  1.0000E+00  1.0000E+04  2.6667E-12  0.0000E+00
  2.2820E+01  2.2890E+01  1.0000E+00  1.0000E+04  2.6667E-12  0.0000E+00
  2.2960E+01  2.3030E+01  1.0000E+00  1.0000E+04  2.6667E-12  0.0000E+00
  2.3100E+01  2.3170E+01  1.0000E+00  1.0000E+04  2.6667E-12  0.0000E+00
  2.3240E+01  2.3310E+01  1.0000E+00  1.0000E+04  2.6667E-12  0.0000E+00
  2.3380E+01  2.3450E+01  1.0000E+00  1.0000E+04  2.6667E-12  0.0000E+00
  2.3520E+01  2.3590E+01  1.0000E+00  1.0000E+04  2.6667E-12  0.0000E+00
  2.3660E+01  2.3730E+01  1.0000E+00  1.0000E+04  2.6667E-12  0.0000E+00
  2.3800E+01  2.3870E+01  1.0000E+00  1.0000E+04  2.6667E-12  0.0000E+00
  2.3940E+01  2.4010E+01  1.0000E+00  1.0000E+04  2.6667E-12  0.0000E+00
  2.4080E+01  2.4150E+01  1.0000E+00  1.0000E+04  2.6667E-12  0.0000E+00
  2.4220E+01  2.4290E+01  1.0000E+00  1.0000E+04  2.6667E-12  0.0000E+00
  2.4360E+01  2.4430E+01  1.0000E+00  1.0000E+04  2.6667E-12  0.0000E+00
  2.4500E+01  2.4570E+01  1.0000E+00  1.0000E+04  2.6667E-12  0.0000E+00
  2.4640E+01  2.4710E+01  1.0000E+00  1.0000E+04  2.6667E-12  0.0000E+00
  2.4780E+01  2.4850E+01  1.0000E+00  1.0000E+04  2.6667E-12  0.0000E+00
  2.4920E+01  2.4990E+01  1.0000E+00  1.0000E+04  2.6667E-12  0.0000E+00
  2.5060E+01  2.5130E+01  1.0000E+00  1.0000E+04  2.6667E-12  0.0000E+00
  2.5200E+01  2.5270E+01  1.0000E+00  1.0000E+04  2.6667E-12  0.0000E+00
  2.5340E+01  2.5410E+01  1.0000E+00  1.0000E+04  2.6667E-12  0.0000E+00
  2.5480E+01  2.5550E+01  1.0000E+00  1.0000E+04  2.6667E-12  0.0000E+00
  2.5620E+01  2.5690E+01  1.0000E+00  1.0000E+04  2.6667E-12  0.0000E+00
  2.5760E+01  2.5830E+01  1.0000E+00  1.0000E+04  2.6667E-12  0.0000E+00
  2.5900E+01  2.5970E+01  1.0000E+00  1.0000E+04  2.6667E-12  0.0000E+00
  2.6040E+01  2.6110E+01  1.0000E+00  1.0000E+04  2.6667E-12  0.0000E+00
  2.6180E+01  2.6250E+01  1.0000E+00  1.0000E+04  2.6667E-12  0.0000E+00
  2.6320E+01  2.6390E+01  1.0000E+00  1.0000E+04  2.6667E-12  0.0000E+00
  2.6460E+01  2.6530E+01  1.0000E+00  1.0000E+04  2.6667E-12  0.0000E+00
  2.6600E+01  2.6670E+01  1.0000E+00  1.0000E+04  2.6667E-12  0.0000E+00
  2.6740E+01  2.6810E+01  1.0000E+00  1.0000E+04  2.6667E-12  0.0000E+00
  2.6880E+01  2.6950E+01  1.0000E+00  1.0000E+04  2.6667E-12  0.0000E+00
  2.7020E+01  2.7090E+01  1.0000E+00  1.0000E+04  2.6667E-12  0.0000E+00
  2.7160E+01  2.7230E+01  1.0000E+00  1.0000E+04  2.6667E-12  0.0000E+00
  2.7300E+01  2.7370E+01  1.0000E+00  1.0000E+04  2.6667E-12  0.0000E+00
  2.7440E+01  2.7510E+01  1.0000E+00  1.0000E+04  2.6667E-12  0.0000E+00
  2.7580E+01  2.7650E+01  1.0000E+00  1.0000E+04  2.6667E-12  0.0000E+00
  2.7720E+01  2.7790E+01  1.0000E+00  1.0000E+04  2.6667E-12  0.0000E+00
  2.7860E+01  2.7930E+01  1.0000E+00  1.0000E+04  2.6667E-12  0.0000E+00
  2.8000E+01  2.8070E+01  1.0000E+00  1.0000E+04  2.6667E-12  0.0000E+00
  2.8140E+01  2.8210E+01  1.0000E+00  1.0000E+04  2.6667E-12  0.0000E+00
  2.8280E+01  2.8350E+01  1.0000E+00  1.0000E+04  2.6667E-12  0.0000E+00
  2.8420E+01  2.8490E+01  1.0000E+00  1.0000E+04  2.6667E-12  0.0000E+00
  2.8560E+01  2.8630E+01  1.0000E+00  1.0000E+04  2.6667E-12  0.0000E+00
  2.8700E+01  2.8770E+01  1.0000E+00  1.0000E+04  2.6667E-12  0.0000E+00
  2.8840E+01  2.8910E+01  1.0000E+00  1.0000E+04  2.6667E-12  0.0000E+00
  2.8980E+01  2.9050E+01  1.0000E+00  1.0000E+04  2.6667E-12  0.0000E+00
  2.9120E+01  2.9190E+01  1.0000E+00  1.0000E+04  2.6667E-12  0.0000E+00
  2.9260E+01  2.9330E+01  1.0000E+00  1.0000E+04  2.6667E-12  0.0000E+00
  2.9400E+01  2.9470E+01  1.0000E+00  1.0000E+04  2.6667E-12  0.0000E+00
  2.9540E+01  2.9610E+01  1.0000E+00  1.0000E+04  2.6667E-12  0.0000E+00
  2.9680E+01  2.9750E+01  1.0000E+00  1.0000E+04  2.6667E-12  0.0000E+00
  2.9820E+01  2.9890E+01  1.0000E+00  1.0000E+04  2.6667E-12  0.0000E+00
  2.9960E+01  3.0030E+01  1.0000E+00  1.0000E+04  2.6667E-12  0.0000E+00
  3.0100E+01  3.0170E+01  1.0000E+00  1.0000E+04  2.6667E-12  0.0000E+00
  3.0240E+01  3.0310E+01  1.0000E+00  1.0000E+04  2.6667E-12  0.0000E+00
  3.0380E+01  3.0450E+01  1.0000E+00  1.0000E+04  2.6667E-12  0.0000E+00
  3.0520E+01  3.0590E+01  1.0000E+00  1.0000E+04  2.6667E-12  0.0000E+00
  3.0660E+01  3.0730E+01  1.0000E+00  1.0000E+04  2.6667E-12  0.0000E+00
  3.0800E+01  3.0870E+01  1.0000E+00  1.0000E+04  2.6667E-12  0.0000E+00
  3.0940E+01  3.1010E+01  1.0000E+00  1.0000E+04  2.6667E-12  0.0000E+00
  3.1080E+01  3.1150E+01  1.0000E+00  1.0000E+04  2.6667E-12  0.0000E+00
  3.1220E+01  3.1290E+01  1.0000E+00  1.0000E+04  2.6667E-12  0.0000E+00
  3.1360E+01  3.1430E+01  1.0000E+00  1.0000E+04  2.6667E-12  0.0000E+00
  3.1500E+01  3.1570E+01  1.0000E+00  1.0000E+04  2.6667E-12  0.0000E+00
  3.1640E+01  3.1710E+01  1.0000E+00  1.0000E+04  2.6667E-12  0.0000E+00
  3.1780E+01  3.1850E+01  1.0000E+00  1.0000E+04  2.6667E-12  0.0000E+00
  3.1920E+01  3.1990E+01  1.0000E+00  1.0000E+04  2.6667E-12  0.0000E+00
  3.2060E+01  3.2130E+01  1.0000E+00  1.0000E+04  2.6667E-12  0.0000E+00
  3.2200E+01  3.2270E+01  1.0000E+00  1.0000E+04  2.6667E-12  0.0000E+00
  3.2340E+01  3.2410E+01  1.0000E+00  1.0000E+04  2.6667E-12  0.0000E+00
  3.2480E+01  3.2550E+01  1.0000E+00  1.0000E+04  2.6667E-12  0.0000E+00
  3.2620E+01  3.2690E+01  1.0000E+00  1.0000E+04  2.6667E-12  0.0000E+00
  3.2760E+01  3.2830E+01  1.0000E+00  1.0000E+04  2.6667E-12  0.0000E+00
  3.2900E+01  3.2970E+01  1.0000E+00  1.0000E+04  2.6667E-12  0.0000E+00
  3.3040E+01  3.3110E+01  1.0000E+00  1.0000E+04  2.6667E-12  0.0000E+00
  3.3180E+01  3.3250E+01  1.0000E+00  1.0000E+04  2.6667E-12  0.0000E+00
  3.3320E+01  3.3390E+01  1.0000E+00  1.0000E+04  2.6667E-12  0.0000E+00
  3.3460E+01  3.3530E+01  1.0000E+00  1.0000E+04  2.6667E-12  0.0000E+00
  3.3600E+01  3.3670E+01  1.0000E+00  1.0000E+04  2.6667E-12  0.0000E+00
  3.3740E+01  3.3810E+01  1.0000E+00  1.0000E+04  2.6667E-12  0.0000E+00
  3.3880E+01  3.3950E+01  1.0000E+00  1.0000E+04  2.6667E-12  0.0000E+00
  3.4020E+01  3.4090E+01  1.0000E+00  1.0000E+04  2.6667E-12  0.0000E+00
  3.4160E+01  3.4230E+01  1.0000E+00  1.0000E+04  2.6667E-12  0.0000E+00
  3.4300E+01  3.4370E+01  1.0000E+00  1.0000E+04  2.6667E-12  0.0000E+00
  3.4440E+01  3.4510E+01  1.0000E+00  1.0000E+04  2.6667E-12  0.0000E+00
  3.4580E+01  3.4650E+01  1.0000E+00  1.0000E+04  2.6667E-12  0.0000E+00
  3.4720E+01  3.4790E+01  1.0000E+00  1.0000E+04  2.6667E-12  0.0000E+00
  3.4860E+01  3.4930E+01  1.0000E+00  1.0000E+04  2.6667E-12  0.0000E+00
  3.5000E+01  3.5070E+01  1.0000E+00  1.0000E+04  2.6667E-12  0.0000E+00
  3.5140E+01  3.5210E+01  1.0000E+00  1.0000E+04  2.6667E-12  0.0000E+00
  3.5280E+01  3.5350E+01  1.0000E+00  1.0000E+04  2.6667E-12  0.0000E+00
  3.5420E+01  3.5490E+01  1.0000E+00  1.0000E+04  2.6667E-12  0.0000E+00
  3.5560E+01  3.5630E+01  1.0000E+00  1.0000E+04  2.6667E-12  0.0000E+00
  3.5700E+01  3.5770E+01  1.0000E+00  1.0000E+04  2.6667E-12  0.0000E+00
  3.5840E+01  3.5910E+01  1.0000E+00  1.0000E+04  2.6667E-12  0.0000E+00
  3.5980E+01  3.6050E+01  1.0000E+00  1.0000E+04  2.6667E-12  0.0000E+00
  3.6120E+01  3.6190E+01  1.0000E+00  1.0000E+04  2.6667E-12  0.0000E+00
  3.6260E+01  3.6330E+01  1.0000E+00  1.0000E+04  2.6667E-12  0.0000E+00
  3.6400E+01  3.6470E+01  1.0000E+00  1.0000E+04  2.6667E-12  0.0000E+00
  3.6540E+01  3.6610E+01  1.0000E+00  1.0000E+04  2.6667E-12  0.0000E+00
  3.6680E+01  3.6750E+01  1.0000E+00  1.0000E+04  2.6667E-12  0.0000E+00
  3.6820E+01  3.6890E+01  1.0000E+00  1.0000E+04  2.6667E-12  0.0000E+00
  3.6960E+01  3.7030E+01  1.0000E+00  1.0000E+04  2.6667E-12  0.0000E+00
  3.7100E+01  3.7170E+01  1.0000E+00  1.0000E+04  2.6667E-12  0.0000E+00
  3.7240E+01  3.7310E+01  1.0000E+00  1.0000E+04  2.6667E-12  0.0000E+00
  3.7380E+01  3.7450E+01  1.0000E+00  1.0000E+04  2.6667E-12  0.0000E+00
  3.7520E+01  3.7590E+01  1.0000E+00  1.0000E+04  2.6667E-12  0.0000E+00
  3.7660E+01  3.7730E+01  1.0000E+00  1.0000E+04  2.6667E-12  0.0000E+00
  3.7800E+01  3.7870E+01  1.0000E+00  1.0000E+04  2.6667E-12  0.0000E+00
  3.7940E+01  3.8010E+01  1.0000E+00  1.0000E+04  2.6667E-12  0.0000E+00
  3.8080E+01  3.8150E+01  1.0000E+00  1.0000E+04  2.6667E-12  0.0000E+00
  3.8220E+01  3.8290E+01  1.0000E+00  1.0000E+04  2.6667E-12  0.0000E+00
  3.8360E+01  3.8430E+01  1.0000E+00  1.0000E+04  2.6667E-12  0.0000E+00
  3.8500E+01  3.8570E+01  1.0000E+00  1.0000E+04  2.6667E-12  0.0000E+00
  3.8640E+01  3.8710E+01  1.0000E+00  1.0000E+04  2.6667E-12  0.0000E+00
  3.8780E+01  3.8850E+01  1.0000E+00  1.0000E+04  2.6667E-12  0.0000E+00
  3.8920E+01  3.8990E+01  1.0000E+00  1.0000E+04  2.6667E-12  0.0000E+00
  3.9060E+01  3.9130E+01  1.0000E+00  1.0000E+04  2.6667E-12  0.0000E+00
  3.9200E+01  3.9270E+01  1.0000E+00  1.0000E+04  2.6667E-12  0.0000E+00
  3.9340E+01  3.9410E+01  1.0000E+00  1.0000E+04  2.6667E-12  0.0000E+00
  3.9480E+01  3.9550E+01  1.0000E+00  1.0000E+04  2.6667E-12  0.0000E+00
  3.9620E+01  3.9690E+01  1.0000E+00  1.0000E+04  2.6667E-12  0.0000E+00
  3.9760E+01  3.9830E+01  1.0000E+00  1.0000E+04  2.6667E-12  0.0000E+00
  3.9900E+01  3.9970E+01  1.0000E+00  1.0000E+04  2.6667E-12  0.0000E+00
  4.0040E+01  4.0110E+01  1.0000E+00  1.0000E+04  2.6667E-12  0.0000E+00
  4.0180E+01  4.0250E+01  1.0000E+00  1.0000E+04  2.6667E-12  0.0000E+00
  4.0320E+01  4.0390E+01  1.0000E+00  1.0000E+04  2.6667E-12  0.0000E+00
  4.0460E+01  4.0530E+01  1.0000E+00  1.0000E+04  2.6667E-12  0.0000E+00
  4.0600E+01  4.0670E+01  1.0000E+00  1.0000E+04  2.6667E-12  0.0000E+00
  4.0740E+01  4.0810E+01  1.0000E+00  1.0000E+04  2.6667E-12  0.0000E+00
  4.0880E+01  4.0950E+01  1.0000E+00  1.0000E+04  2.6667E-12  0.0000E+00
  4.1020E+01  4.1090E+01  1.0000E+00  1.0000E+04  2.6667E-12  0.0000E+00
  4.1160E+01  4.1230E+01  1.0000E+00  1.0000E+04  2.6667E-12  0.0000E+00
  4.1300E+01  4.1370E+01  1.0000E+00  1.0000E+04  2.6667E-12  0.0000E+00
  4.1440E+01  4.1510E+01  1.0000E+00  1.0000E+04  2.6667E-12  0.0000E+00
  4.1580E+01  4.1650E+01  1.0000E+00  1.0000E+04  2.6667E-12  0.0000E+00
  4.1720E+01  4.1790E+01  1.0000E+00  1.0000E+04  2.6667E-12  0.0000E+00
  4.1860E+01  4.1930E+01  1.0000E+00  1.0000E+04  2.6667E-12  0.0000E+00
  4.2000E+01  4.2070E+01  1.0000E+00  1.0000E+04  2.6667E-12  0.0000E+00
  4.2140E+01  4.2210E+01  1.0000E+00  1.0000E+04  2.6667E-12  0.0000E+00
  4.2280E+01  4.2350E+01  1.0000E+00  1.0000E+04  2.6667E-12  0.0000E+00
  4.2420E+01  4.2490E+01  1.0000E+00  1.0000E+04  2.6667E-12  0.0000E+00
  4.2560E+01  4.2630E+01  1.0000E+00  1.0000E+04  2.6667E-12  0.0000E+00
  4.2700E+01  4.2770E+01  1.0000E+00  1.0000E+04  2.6667E-12  0.0000E+00
  4.2840E+01  4.2910E+01  1.0000E+00  1.0000E+04  2.6667E-12  0.0000E+00
  4.2980E+01  4.3050E+01  1.0000E+00  1.0000E+04  2.6667E-12  0.0000E+00
  4.3120E+01  4.3190E+01  1.0000E+00  1.0000E+04  2.6667E-12  0.0000E+00
  4.3260E+01  4.3330E+01  1.0000E+00  1.0000E+04  2.6667E-12  0.0000E+00
  4.3400E+01  4.3470E+01  1.0000E+00  1.0000E+04  2.6667E-12  0.0000E+00
  4.3540E+01  4.3610E+01  1.0000E+00  1.0000E+04  2.6667E-12  0.0000E+00
  4.3680E+01  4.3750E+01  1.0000E+00  1.0000E+04  2.6667E-12  0.0000E+00
  4.3820E+01  4.3890E+01  1.0000E+00  1.0000E+04  2.6667E-12  0.0000E+00
  4.3960E+01  4.4030E+01  1.0000E+00  1.0000E+04  2.6667E-12  0.0000E+00
  4.4100E+01  4.4170E+01  1.0000E+00  1.0000E+04  2.6667E-12  0.0000E+00
  4.4240E+01  4.4310E+01  1.0000E+00  1.0000E+04  2.6667E-12  0.0000E+00
  4.4380E+01  4.4450E+01  1.0000E+00  1.0000E+04  2.6667E-12  0.0000E+00
  4.4520E+01  4.4590E+01  1.0000E+00  1.0000E+04  2.6667E-12  0.0000E+00
  4.4660E+01  4.4730E+01  1.0000E+00  1.0000E+04  2.6667E-12  0.0000E+00
  4.4800E+01  4.4870E+01  1.0000E+00  1.0000E+04  2.6667E-12  0.0000E+00
  4.4940E+01  4.5010E+01  1.0000E+00  1.0000E+04  2.6667E-12  0.0000E+00
  4.5080E+01  4.5150E+01  1.0000E+00  1.0000E+04  2.6667E-12  0.0000E+00
  4.5220E+01  4.5290E+01  1.0000E+00  1.0000E+04  2.6667E-12  0.0000E+00
  4.5360E+01  4.5430E+01  1.0000E+00  1.0000E+04  2.6667E-12  0.0000E+00
  4.5500E+01  4.5570E+01  1.0000E+00  1.0000E+04  2.6667E-12  0.0000E+00
  4.5640E+01  4.5710E+01  1.0000E+00  1.0000E+04  2.6667E-12  0.0000E+00
  4.5780E+01  4.5850E+01  1.0000E+00  1.0000E+04  2.6667E-12  0.0000E+00
  4.5920E+01  4.5990E+01  1.0000E+00  1.0000E+04  2.6667E-12  0.0000E+00
  4.6060E+01  4.6130E+01  1.0000E+00  1.0000E+04  2.6667E-12  0.0000E+00
  4.6200E+01  4.6270E+01  1.0000E+00  1.0000E+04  2.6667E-12  0.0000E+00
  4.6340E+01  4.6410E+01  1.0000E+00  1.0000E+04  2.6667E-12  0.0000E+00
  4.6480E+01  4.6550E+01  1.0000E+00  1.0000E+04  2.6667E-12  0.0000E+00
  4.6620E+01  4.6690E+01  1.0000E+00  1.0000E+04  2.6667E-12  0.0000E+00
  4.6760E+01  4.6830E+01  1.0000E+00  1.0000E+04  2.6667E-12  0.0000E+00
  4.6900E+01  4.6970E+01  1.0000E+00  1.0000E+04  2.6667E-12  0.0000E+00
  4.7040E+01  4.7110E+01  1.0000E+00  1.0000E+04  2.6667E-12  0.0000E+00
  4.7180E+01  4.7250E+01  1.0000E+00  1.0000E+04  2.6667E-12  0.0000E+00
  4.7320E+01  4.7390E+01  1.0000E+00  1.0000E+04  2.6667E-12  0.0000E+00
  4.7460E+01  4.7530E+01  1.0000E+00  1.0000E+04  2.6667E-12  0.0000E+00
  4.7600E+01  4.7670E+01  1.0000E+00  1.0000E+04  2.6667E-12  0.0000E+00
  4.7740E+01  4.7810E+01  1.0000E+00  1.0000E+04  2.6667E-12  0.0000E+00
  4.7880E+01  4.7950E+01  1.0000E+00  1.0000E+04  2.6667E-12  0.0000E+00
  4.8020E+01  4.8090E+01  1.0000E+00  1.0000E+04  2.6667E-12  0.0000E+00
  4.8160E+01  4.8230E+01  1.0000E+00  1.0000E+04  2.6667E-12  0.0000E+00
  4.8300E+01  4.8370E+01  1.0000E+00  1.0000E+04  2.6667E-12  0.0000E+00
  4.8440E+01  4.8510E+01  1.0000E+00  1.0000E+04  2.6667E-12  0.0000E+00
  4.8580E+01  4.8650E+01  1.0000E+00  1.0000E+04  2.6667E-12  0.0000E+00
  4.8720E+01  4.8790E+01  1.0000E+00  1.0000E+04  2.6667E-12  0.0000E+00
  4.8860E+01  4.8930E+01  1.0000E+00  1.0000E+04  2.6667E-12  0.0000E+00
  4.9000E+01  4.9070E+01  1.0000E+00  1.0000E+04  2.6667E-12  0.0000E+00
  4.9140E+01  4.9210E+01  1.0000E+00  1.0000E+04  2.6667E-12  0.0000E+00
  4.9280E+01  4.9350E+01  1.0000E+00  1.0000E+04  2.6667E-12  0.0000E+00
  4.9420E+01  4.9490E+01  1.0000E+00  1.0000E+04  2.6667E-12  0.0000E+00
  4.9560E+01  4.9630E+01  1.0000E+00  1.0000E+04  2.6667E-12  0.0000E+00
  4.9700E+01  4.9770E+01  1.0000E+00  1.0000E+04  2.6667E-12  0.0000E+00
  4.9840E+01  4.9910E+01  1.0000E+00  1.0000E+04  2.6667E-12  0.0000E+00
  4.9980E+01  5.0050E+01  1.0000E+00  1.0000E+04  2.6667E-12  0.0000E+00
  5.0120E+01  5.0190E+01  1.0000E+00  1.0000E+04  2.6667E-12  0.0000E+00
  5.0260E+01  5.0330E+01  1.0000E+00  1.0000E+04  2.6667E-12  0.0000E+00
  5.0400E+01  5.0470E+01  1.0000E+00  1.0000E+04  2.6667E-12  0.0000E+00
  5.0540E+01  5.0610E+01  1.0000E+00  1.0000E+04  2.6667E-12  0.0000E+00
  5.0680E+01  5.0750E+01  1.0000E+00  1.0000E+04  2.6667E-12  0.0000E+00
  5.0820E+01  5.0890E+01  1.0000E+00  1.0000E+04  2.6667E-12  0.0000E+00
  5.0960E+01  5.1030E+01  1.0000E+00  1.0000E+04  2.6667E-12  0.0000E+00
  5.1100E+01  5.1170E+01  1.0000E+00  1.0000E+04  2.6667E-12  0.0000E+00
  5.1240E+01  5.1310E+01  1.0000E+00  1.0000E+04  2.6667E-12  0.0000E+00
  5.1380E+01  5.1450E+01  1.0000E+00  1.0000E+04  2.6667E-12  0.0000E+00
  5.1520E+01  5.1590E+01  1.0000E+00  1.0000E+04  2.6667E-12  0.0000E+00
  5.1660E+01  5.1730E+01  1.0000E+00  1.0000E+04  2.6667E-12  0.0000E+00
  5.1800E+01  5.1870E+01  1.0000E+00  1.0000E+04  2.6667E-12  0.0000E+00
  5.1940E+01  5.2010E+01  1.0000E+00  1.0000E+04  2.6667E-12  0.0000E+00
  5.2080E+01  5.2150E+01  1.0000E+00  1.0000E+04  2.6667E-12  0.0000E+00
  5.2220E+01  5.2290E+01  1.0000E+00  1.0000E+04  2.6667E-12  0.0000E+00
  5.2360E+01  5.2430E+01  1.0000E+00  1.0000E+04  2.6667E-12  0.0000E+00
  5.2500E+01  5.2570E+01  1.0000E+00  1.0000E+04  2.6667E-12  0.0000E+00
  5.2640E+01  5.2710E+01  1.0000E+00  1.0000E+04  2.6667E-12  0.0000E+00
  5.2780E+01  5.2850E+01  1.0000E+00  1.0000E+04  2.6667E-12  0.0000E+00
  5.2920E+01  5.2990E+01  1.0000E+00  1.0000E+04  2.6667E-12  0.0000E+00
  5.3060E+01  5.3130E+01  1.0000E+00  1.0000E+04  2.6667E-12  0.0000E+00
  5.3200E+01  5.3270E+01  1.0000E+00  1.0000E+04  2.6667E-12  0.0000E+00
  5.3340E+01  5.3410E+01  1.0000E+00  1.0000E+04  2.6667E-12  0.0000E+00
  5.3480E+01  5.3550E+01  1.0000E+00  1.0000E+04  2.6667E-12  0.0000E+00
  5.3620E+01  5.3690E+01  1.0000E+00  1.0000E+04  2.6667E-12  0.0000E+00
  5.3760E+01  5.3830E+01  1.0000E+00  1.0000E+04  2.6667E-12  0.0000E+00
  5.3900E+01  5.3970E+01  1.0000E+00  1.0000E+04  2.6667E-12  0.0000E+00
  5.4040E+01  5.4110E+01  1.0000E+00  1.0000E+04  2.6667E-12  0.0000E+00
  5.4180E+01  5.4250E+01  1.0000E+00  1.0000E+04  2.6667E-12  0.0000E+00
  5.4320E+01  5.4390E+01  1.0000E+00  1.0000E+04  2.6667E-12  0.0000E+00
  5.4460E+01  5.4530E+01  1.0000E+00  1.0000E+04  2.6667E-12  0.0000E+00
  5.4600E+01  5.4670E+01  1.0000E+00  1.0000E+04  2.6667E-12  0.0000E+00
  5.4740E+01  5.4810E+01  1.0000E+00  1.0000E+04  2.6667E-12  0.0000E+00
  5.4880E+01  5.4950E+01  1.0000E+00  1.0000E+04  2.6667E-12  0.0000E+00
  5.5020E+01  5.5090E+01  1.0000E+00  1.0000E+04  2.6667E-12  0.0000E+00
  5.5160E+01  5.5230E+01  1.0000E+00  1.0000E+04  2.6667E-12  0.0000E+00
  5.5300E+01  5.5370E+01  1.0000E+00  1.0000E+04  2.6667E-12  0.0000E+00
  5.5440E+01  5.5510E+01  1.0000E+00  1.0000E+04  2.6667E-12  0.0000E+00
  5.5580E+01  5.5650E+01  1.0000E+00  1.0000E+04  2.6667E-12  0.0000E+00
  5.5720E+01  5.5790E+01  1.0000E+00  1.0000E+04  2.6667E-12  0.0000E+00
  5.5860E+01  5.5930E+01  1.0000E+00  1.0000E+04  2.6667E-12  0.0000E+00
  5.6000E+01  5.6070E+01  1.0000E+00  1.0000E+04  2.6667E-12  0.0000E+00
  5.6140E+01  5.6210E+01  1.0000E+00  1.0000E+04  2.6667E-12  0.0000E+00
  5.6280E+01  5.6350E+01  1.0000E+00  1.0000E+04  2.6667E-12  0.0000E+00
  5.6420E+01  5.6490E+01  1.0000E+00  1.0000E+04  2.6667E-12  0.0000E+00
  5.6560E+01  5.6630E+01  1.0000E+00  1.0000E+04  2.6667E-12  0.0000E+00
  5.6700E+01  5.6770E+01  1.0000E+00  1.0000E+04  2.6667E-12  0.0000E+00
  5.6840E+01  5.6910E+01  1.0000E+00  1.0000E+04  2.6667E-12  0.0000E+00
  5.6980E+01  5.7050E+01  1.0000E+00  1.0000E+04  2.6667E-12  0.0000E+00
  5.7120E+01  5.7190E+01  1.0000E+00  1.0000E+04  2.6667E-12  0.0000E+00
  5.7260E+01  5.7330E+01  1.0000E+00  1.0000E+04  2.6667E-12  0.0000E+00
  5.7400E+01  5.7470E+01  1.0000E+00  1.0000E+04  2.6667E-12  0.0000E+00
  5.7540E+01  5.7610E+01  1.0000E+00  1.0000E+04  2.6667E-12  0.0000E+00
  5.7680E+01  5.7750E+01  1.0000E+00  1.0000E+04  2.6667E-12  0.0000E+00
  5.7820E+01  5.7890E+01  1.0000E+00  1.0000E+04  2.6667E-12  0.0000E+00
  5.7960E+01  5.8030E+01  1.0000E+00  1.0000E+04  2.6667E-12  0.0000E+00
  5.8100E+01  5.8170E+01  1.0000E+00  1.0000E+04  2.6667E-12  0.0000E+00
  5.8240E+01  5.8310E+01  1.0000E+00  1.0000E+04  2.6667E-12  0.0000E+00
  5.8380E+01  5.8450E+01  1.0000E+00  1.0000E+04  2.6667E-12  0.0000E+00
  5.8520E+01  5.8590E+01  1.0000E+00  1.0000E+04  2.6667E-12  0.0000E+00
  5.8660E+01  5.8730E+01  1.0000E+00  1.0000E+04  2.6667E-12  0.0000E+00
  5.8800E+01  5.8870E+01  1.0000E+00  1.0000E+04  2.6667E-12  0.0000E+00
  5.8940E+01  5.9010E+01  1.0000E+00  1.0000E+04  2.6667E-12  0.0000E+00
  5.9080E+01  5.9150E+01  1.0000E+00  1.0000E+04  2.6667E-12  0.0000E+00
  5.9220E+01  5.9290E+01  1.0000E+00  1.0000E+04  2.6667E-12  0.0000E+00
  5.9360E+01  5.9430E+01  1.0000E+00  1.0000E+04  2.6667E-12  0.0000E+00
  5.9500E+01  5.9570E+01  1.0000E+00  1.0000E+04  2.6667E-12  0.0000E+00
  5.9640E+01  5.9710E+01  1.0000E+00  1.0000E+04  2.6667E-12  0.0000E+00
  5.9780E+01  5.9850E+01  1.0000E+00  1.0000E+04  2.6667E-12  0.0000E+00
  5.9920E+01  5.9990E+01  1.0000E+00  1.0000E+04  2.6667E-12  0.0000E+00
  6.0060E+01  6.0130E+01  1.0000E+00  1.0000E+04  2.6667E-12  0.0000E+00
  6.0200E+01  6.0270E+01  1.0000E+00  1.0000E+04  2.6667E-12  0.0000E+00
  6.0340E+01  6.0410E+01  1.0000E+00  1.0000E+04  2.6667E-12  0.0000E+00
  6.0480E+01  6.0550E+01  1.0000E+00  1.0000E+04  2.6667E-12  0.0000E+00
  6.0620E+01  6.0690E+01  1.0000E+00  1.0000E+04  2.6667E-12  0.0000E+00
  6.0760E+01  6.0830E+01  1.0000E+00  1.0000E+04  2.6667E-12  0.0000E+00
  6.0900E+01  6.0970E+01  1.0000E+00  1.0000E+04  2.6667E-12  0.0000E+00
  6.1040E+01  6.1110E+01  1.0000E+00  1.0000E+04  2.6667E-12  0.0000E+00
  6.1180E+01  6.1250E+01  1.0000E+00  1.0000E+04  2.6667E-12  0.0000E+00
  6.1320E+01  6.1390E+01  1.0000E+00  1.0000E+04  2.6667E-12  0.0000E+00
  6.1460E+01  6.1530E+01  1.0000E+00  1.0000E+04  2.6667E-12  0.0000E+00
  6.1600E+01  6.1670E+01  1.0000E+00  1.0000E+04  2.6667E-12  0.0000E+00
  6.1740E+01  6.1810E+01  1.0000E+00  1.0000E+04  2.6667E-12  0.0000E+00
  6.1880E+01  6.1950E+01  1.0000E+00  1.0000E+04  2.6667E-12  0.0000E+00
  6.2020E+01  6.2090E+01  1.0000E+00  1.0000E+04  2.6667E-12  0.0000E+00
  6.2160E+01  6.2230E+01  1.0000E+00  1.0000E+04  2.6667E-12  0.0000E+00
  6.2300E+01  6.2370E+01  1.0000E+00  1.0000E+04  2.6667E-12  0.0000E+00
  6.2440E+01  6.2510E+01  1.0000E+00  1.0000E+04  2.6667E-12  0.0000E+00
  6.2580E+01  6.2650E+01  1.0000E+00  1.0000E+04  2.6667E-12  0.0000E+00
  6.2720E+01  6.2790E+01  1.0000E+00  1.0000E+04  2.6667E-12  0.0000E+00
  6.2860E+01  6.2930E+01  1.0000E+00  1.0000E+04  2.6667E-12  0.0000E+00
  6.3000E+01  6.3070E+01  1.0000E+00  1.0000E+04  2.6667E-12  0.0000E+00
  6.3140E+01  6.3210E+01  1.0000E+00  1.0000E+04  2.6667E-12  0.0000E+00
  6.3280E+01  6.3350E+01  1.0000E+00  1.0000E+04  2.6667E-12  0.0000E+00
  6.3420E+01  6.3490E+01  1.0000E+00  1.0000E+04  2.6667E-12  0.0000E+00
  6.3560E+01  6.3630E+01  1.0000E+00  1.0000E+04  2.6667E-12  0.0000E+00
  6.3700E+01  6.3770E+01  1.0000E+00  1.0000E+04  2.6667E-12  0.0000E+00
  6.3840E+01  6.3910E+01  1.0000E+00  1.0000E+04  2.6667E-12  0.0000E+00
  6.3980E+01  6.4050E+01  1.0000E+00  1.0000E+04  2.6667E-12  0.0000E+00
  6.4120E+01  6.4190E+01  1.0000E+00  1.0000E+04  2.6667E-12  0.0000E+00
  6.4260E+01  6.4330E+01  1.0000E+00  1.0000E+04  2.6667E-12  0.0000E+00
  6.4400E+01  6.4470E+01  1.0000E+00  1.0000E+04  2.6667E-12  0.0000E+00
  6.4540E+01  6.4610E+01  1.0000E+00  1.0000E+04  2.6667E-12  0.0000E+00
  6.4680E+01  6.4750E+01  1.0000E+00  1.0000E+04  2.6667E-12  0.0000E+00
  6.4820E+01  6.4890E+01  1.0000E+00  1.0000E+04  2.6667E-12  0.0000E+00
  6.4960E+01  6.5030E+01  1.0000E+00  1.0000E+04  2.6667E-12  0.0000E+00
  6.5100E+01  6.5170E+01  1.0000E+00  1.0000E+04  2.6667E-12  0.0000E+00
  6.5240E+01  6.5310E+01  1.0000E+00  1.0000E+04  2.6667E-12  0.0000E+00
  6.5380E+01  6.5450E+01  1.0000E+00  1.0000E+04  2.6667E-12  0.0000E+00
  6.5520E+01  6.5590E+01  1.0000E+00  1.0000E+04  2.6667E-12  0.0000E+00
  6.5660E+01  6.5730E+01  1.0000E+00  1.0000E+04  2.6667E-12  0.0000E+00
  6.5800E+01  6.5870E+01  1.0000E+00  1.0000E+04  2.6667E-12  0.0000E+00
  6.5940E+01  6.6010E+01  1.0000E+00  1.0000E+04  2.6667E-12  0.0000E+00
  6.6080E+01  6.6150E+01  1.0000E+00  1.0000E+04  2.6667E-12  0.0000E+00
  6.6220E+01  6.6290E+01  1.0000E+00  1.0000E+04  2.6667E-12  0.0000E+00
  6.6360E+01  6.6430E+01  1.0000E+00  1.0000E+04  2.6667E-12  0.0000E+00
  6.6500E+01  6.6570E+01  1.0000E+00  1.0000E+04  2.6667E-12  0.0000E+00
  6.6640E+01  6.6710E+01  1.0000E+00  1.0000E+04  2.6667E-12  0.0000E+00
  6.6780E+01  6.6850E+01  1.0000E+00  1.0000E+04  2.6667E-12  0.0000E+00
  6.6920E+01  6.6990E+01  1.0000E+00  1.0000E+04  2.6667E-12  0.0000E+00
  6.7060E+01  6.7130E+01  1.0000E+00  1.0000E+04  2.6667E-12  0.0000E+00
  6.7200E+01  6.7270E+01  1.0000E+00  1.0000E+04  2.6667E-12  0.0000E+00
  6.7340E+01  6.7410E+01  1.0000E+00  1.0000E+04  2.6667E-12  0.0000E+00
  6.7480E+01  6.7550E+01  1.0000E+00  1.0000E+04  2.6667E-12  0.0000E+00
  6.7620E+01  6.7690E+01  1.0000E+00  1.0000E+04  2.6667E-12  0.0000E+00
  6.7760E+01  6.7830E+01  1.0000E+00  1.0000E+04  2.6667E-12  0.0000E+00
  6.7900E+01  6.7970E+01  1.0000E+00  1.0000E+04  2.6667E-12  0.0000E+00
  6.8040E+01  6.8110E+01  1.0000E+00  1.0000E+04  2.6667E-12  0.0000E+00
  6.8180E+01  6.8250E+01  1.0000E+00  1.0000E+04  2.6667E-12  0.0000E+00
  6.8320E+01  6.8390E+01  1.0000E+00  1.0000E+04  2.6667E-12  0.0000E+00
  6.8460E+01  6.8530E+01  1.0000E+00  1.0000E+04  2.6667E-12  0.0000E+00
  6.8600E+01  6.8670E+01  1.0000E+00  1.0000E+04  2.6667E-12  0.0000E+00
  6.8740E+01  6.8810E+01  1.0000E+00  1.0000E+04  2.6667E-12  0.0000E+00
  6.8880E+01  6.8950E+01  1.0000E+00  1.0000E+04  2.6667E-12  0.0000E+00
  6.9020E+01  6.9090E+01  1.0000E+00  1.0000E+04  2.6667E-12  0.0000E+00
  6.9160E+01  6.9230E+01  1.0000E+00  1.0000E+04  2.6667E-12  0.0000E+00
  6.9300E+01  6.9370E+01  1.0000E+00  1.0000E+04  2.6667E-12  0.0000E+00
  6.9440E+01  6.9510E+01  1.0000E+00  1.0000E+04  2.6667E-12  0.0000E+00
  6.9580E+01  6.9650E+01  1.0000E+00  1.0000E+04  2.6667E-12  0.0000E+00
  6.9720E+01  6.9790E+01  1.0000E+00  1.0000E+04  2.6667E-12  0.0000E+00
