 -1.4000E-01 -7.0000E-02  8.0869E-05 -1.1312E+05  7.8861E+18  8.5037E-10  3.9629E+10
  0.0000E+00  7.0000E-02  8.0869E-05  0.0000E+00  7.8861E+18  8.5037E-10  3.9629E+10
  1.4000E-01  2.1000E-01  1.8984E-04  1.1312E+05  3.3618E+18  8.5104E-10  1.6893E+10
  2.8000E-01  3.5000E-01  2.9437E-04  3.9934E+05  2.1697E+18  8.5177E-10  1.0903E+10
  4.2000E-01  4.9000E-01  4.0099E-04  9.6341E+05  1.5922E+18  8.5138E-10  8.0008E+09
  5.6000E-01  6.3000E-01  5.1629E-04  1.0667E+06  1.2365E+18  8.5129E-10  6.2133E+09
  7.0000E-01  7.7000E-01  6.4265E-04  1.3656E+06  9.9355E+17  8.5147E-10  4.9925E+09
  8.4000E-01  9.1000E-01  7.8117E-04  1.6446E+06  8.1729E+17  8.5137E-10  4.1068E+09
  9.8000E-01  1.0500E+00  9.3309E-04  1.9048E+06  6.8425E+17  8.5141E-10  3.4383E+09
  1.1200E+00  1.1900E+00  1.0994E-03  2.1814E+06  5.8073E+17  8.5141E-10  2.9181E+09
  1.2600E+00  1.3300E+00  1.2814E-03  2.4511E+06  4.9828E+17  8.5141E-10  2.5038E+09
  1.4000E+00  1.4700E+00  1.4801E-03  2.7233E+06  4.3136E+17  8.5142E-10  2.1675E+09
  1.5400E+00  1.6100E+00  1.6971E-03  2.9950E+06  3.7621E+17  8.5143E-10  1.8904E+09
  1.6800E+00  1.7500E+00  1.9338E-03  3.2669E+06  3.3018E+17  8.5144E-10  1.6591E+09
  1.8200E+00  1.8900E+00  2.1917E-03  3.5389E+06  2.9133E+17  8.5145E-10  1.4639E+09
  1.9600E+00  2.0300E+00  2.4725E-03  3.8109E+06  2.5824E+17  8.5147E-10  1.2976E+09
  2.1000E+00  2.1700E+00  2.7781E-03  4.0830E+06  2.2984E+17  8.5149E-10  1.1549E+09
  2.2400E+00  2.3100E+00  3.1105E-03  4.3551E+06  2.0529E+17  8.5151E-10  1.0315E+09
  2.3800E+00  2.4500E+00  3.4718E-03  4.6272E+06  1.8393E+17  8.5154E-10  9.2421E+08
  2.5200E+00  2.5900E+00  3.8642E-03  4.8993E+06  1.6526E+17  8.5157E-10  8.3038E+08
  2.6600E+00  2.7300E+00  4.2902E-03  5.1715E+06  1.4885E+17  8.5161E-10  7.4795E+08
  2.8000E+00  2.8700E+00  4.7526E-03  5.4437E+06  1.3438E+17  8.5165E-10  6.7522E+08
  2.9400E+00  3.0100E+00  5.2540E-03  5.7160E+06  1.2156E+17  8.5170E-10  6.1082E+08
  3.0800E+00  3.1500E+00  5.7975E-03  5.9883E+06  1.1017E+17  8.5176E-10  5.5359E+08
  3.2200E+00  3.2900E+00  6.3863E-03  6.2606E+06  1.0002E+17  8.5183E-10  5.0259E+08
  3.3600E+00  3.4300E+00  7.0240E-03  6.5330E+06  9.0952E+16  8.5191E-10  4.5700E+08
  3.5000E+00  3.5700E+00  7.7142E-03  6.8054E+06  8.2823E+16  8.5200E-10  4.1616E+08
  3.6400E+00  3.7100E+00  8.4607E-03  7.0779E+06  7.5524E+16  8.5210E-10  3.7948E+08
  3.7800E+00  3.8500E+00  9.2679E-03  7.3504E+06  6.8956E+16  8.5222E-10  3.4648E+08
  3.9200E+00  3.9900E+00  1.0140E-02  7.6231E+06  6.3035E+16  8.5235E-10  3.1672E+08
  4.0600E+00  4.1300E+00  1.1082E-02  7.8958E+06  5.7687E+16  8.5250E-10  2.8985E+08
  4.2000E+00  4.2700E+00  1.2099E-02  8.1686E+06  5.2849E+16  8.5267E-10  2.6555E+08
  4.3400E+00  4.4100E+00  1.3196E-02  8.4415E+06  4.8467E+16  8.5286E-10  2.4353E+08
  4.4800E+00  4.5500E+00  1.4378E-02  8.7146E+06  4.4492E+16  8.5307E-10  2.2355E+08
  4.6200E+00  4.6900E+00  1.5653E-02  8.9878E+06  4.0881E+16  8.5331E-10  2.0541E+08
  4.7600E+00  4.8300E+00  1.7025E-02  9.2611E+06  3.7596E+16  8.5358E-10  1.8890E+08
  4.9000E+00  4.9700E+00  1.8503E-02  9.5346E+06  3.4606E+16  8.5388E-10  1.7388E+08
  5.0400E+00  5.1100E+00  2.0093E-02  9.8083E+06  3.1881E+16  8.5422E-10  1.6018E+08
  5.1800E+00  5.2500E+00  2.1802E-02  1.0082E+07  2.9394E+16  8.5459E-10  1.4769E+08
  5.3200E+00  5.3900E+00  2.3640E-02  1.0356E+07  2.7122E+16  8.5501E-10  1.3628E+08
  5.4600E+00  5.5300E+00  2.5613E-02  1.0631E+07  2.5046E+16  8.5547E-10  1.2584E+08
  5.6000E+00  5.6700E+00  2.7733E-02  1.0906E+07  2.3146E+16  8.5599E-10  1.1630E+08
  5.7400E+00  5.8100E+00  3.0007E-02  1.1181E+07  2.1406E+16  8.5656E-10  1.0755E+08
  5.8800E+00  5.9500E+00  3.2447E-02  1.1456E+07  1.9811E+16  8.5719E-10  9.9539E+07
  6.0200E+00  6.0900E+00  3.5062E-02  1.1732E+07  1.8348E+16  8.5789E-10  9.2188E+07
  6.1600E+00  6.2300E+00  3.7866E-02  1.2008E+07  1.7005E+16  8.5867E-10  8.5440E+07
  6.3000E+00  6.3700E+00  4.0869E-02  1.2285E+07  1.5771E+16  8.5953E-10  7.9240E+07
  6.4400E+00  6.5100E+00  4.4086E-02  1.2562E+07  1.4637E+16  8.6047E-10  7.3540E+07
  6.5800E+00  6.6500E+00  4.7529E-02  1.2840E+07  1.3593E+16  8.6151E-10  6.8295E+07
  6.7200E+00  6.7900E+00  5.1213E-02  1.3119E+07  1.2632E+16  8.6266E-10  6.3466E+07
  6.8600E+00  6.9300E+00  5.5154E-02  1.3399E+07  1.1746E+16  8.6392E-10  5.9017E+07
  7.0000E+00  7.0700E+00  5.9369E-02  1.3679E+07  1.0930E+16  8.6531E-10  5.4915E+07
  7.1400E+00  7.2100E+00  6.3875E-02  1.3960E+07  1.0177E+16  8.6684E-10  5.1131E+07
  7.2800E+00  7.3500E+00  6.8691E-02  1.4242E+07  9.4815E+15  8.6851E-10  4.7638E+07
  7.4200E+00  7.4900E+00  7.3837E-02  1.4525E+07  8.8393E+15  8.7035E-10  4.4411E+07
  7.5600E+00  7.6300E+00  7.9336E-02  1.4810E+07  8.2457E+15  8.7237E-10  4.1429E+07
  7.7000E+00  7.7700E+00  8.5209E-02  1.5095E+07  7.6967E+15  8.7458E-10  3.8671E+07
  7.8400E+00  7.9100E+00  9.1483E-02  1.5383E+07  7.1887E+15  8.7699E-10  3.6118E+07
  7.9800E+00  8.0500E+00  9.8183E-02  1.5671E+07  6.7184E+15  8.7964E-10  3.3755E+07
  8.1200E+00  8.1900E+00  1.0534E-01  1.5962E+07  6.2826E+15  8.8254E-10  3.1565E+07
  8.2600E+00  8.3300E+00  1.1298E-01  1.6254E+07  5.8787E+15  8.8570E-10  2.9536E+07
  8.4000E+00  8.4700E+00  1.2114E-01  1.6548E+07  5.5040E+15  8.8916E-10  2.7653E+07
  8.5400E+00  8.6100E+00  1.2986E-01  1.6845E+07  5.1563E+15  8.9294E-10  2.5907E+07
  8.6800E+00  8.7500E+00  1.3917E-01  1.7144E+07  4.8335E+15  8.9708E-10  2.4285E+07
  8.8200E+00  8.8900E+00  1.4913E-01  1.7445E+07  4.5337E+15  9.0159E-10  2.2778E+07
  8.9600E+00  9.0300E+00  1.5976E-01  1.7750E+07  4.2549E+15  9.0651E-10  2.1378E+07
  9.1000E+00  9.1700E+00  1.7113E-01  1.8057E+07  3.9958E+15  9.1189E-10  2.0076E+07
  9.2400E+00  9.3100E+00  1.8330E-01  1.8368E+07  3.7546E+15  9.1776E-10  1.8864E+07
  9.3800E+00  9.4500E+00  1.9631E-01  1.8683E+07  3.5302E+15  9.2417E-10  1.7736E+07
  9.5200E+00  9.5900E+00  2.1025E-01  1.9001E+07  3.3211E+15  9.3117E-10  1.6686E+07
  9.6600E+00  9.7300E+00  2.2518E-01  1.9324E+07  3.1263E+15  9.3882E-10  1.5707E+07
  9.8000E+00  9.8700E+00  2.4119E-01  1.9651E+07  2.9448E+15  9.4716E-10  1.4795E+07
  9.9400E+00  1.0010E+01  2.5836E-01  1.9984E+07  2.7755E+15  9.5628E-10  1.3944E+07
  1.0080E+01  1.0150E+01  2.7681E-01  2.0322E+07  2.6175E+15  9.6624E-10  1.3151E+07
  1.0220E+01  1.0290E+01  2.9664E-01  2.0665E+07  2.4700E+15  9.7713E-10  1.2410E+07
  1.0360E+01  1.0430E+01  3.1798E-01  2.1015E+07  2.3323E+15  9.8903E-10  1.1718E+07
  1.0500E+01  1.0570E+01  3.4097E-01  2.1372E+07  2.2037E+15  1.0021E-09  1.1072E+07
  1.0640E+01  1.0710E+01  3.6578E-01  2.1736E+07  2.0835E+15  1.0163E-09  1.0468E+07
  1.0780E+01  1.0850E+01  3.9258E-01  2.2108E+07  1.9711E+15  1.0320E-09  9.9031E+06
  1.0920E+01  1.0990E+01  4.2158E-01  2.2489E+07  1.8660E+15  1.0491E-09  9.3749E+06
  1.1060E+01  1.1130E+01  4.5301E-01  2.2878E+07  1.7676E+15  1.0679E-09  8.8808E+06
  1.1200E+01  1.1270E+01  4.8714E-01  2.3277E+07  1.6756E+15  1.0886E-09  8.4184E+06
  1.1340E+01  1.1410E+01  5.2428E-01  2.3687E+07  1.5894E+15  1.1113E-09  7.9854E+06
  1.1480E+01  1.1550E+01  5.6476E-01  2.4107E+07  1.5087E+15  1.1364E-09  7.5799E+06
  1.1620E+01  1.1690E+01  6.0900E-01  2.4540E+07  1.4331E+15  1.1640E-09  7.2001E+06
  1.1760E+01  1.1830E+01  6.5744E-01  2.4985E+07  1.3623E+15  1.1945E-09  6.8441E+06
  1.1900E+01  1.1970E+01  7.1062E-01  2.5443E+07  1.2958E+15  1.2282E-09  6.5105E+06
  1.2040E+01  1.2110E+01  7.6917E-01  2.5916E+07  1.2336E+15  1.2655E-09  6.1976E+06
  1.2180E+01  1.2250E+01  8.3380E-01  2.6403E+07  1.1752E+15  1.3069E-09  5.9042E+06
  1.2320E+01  1.2390E+01  9.0535E-01  2.6906E+07  1.1204E+15  1.3529E-09  5.6290E+06
  1.2460E+01  1.2530E+01  9.8480E-01  2.7425E+07  1.0690E+15  1.4042E-09  5.3707E+06
  1.2600E+01  1.2670E+01  1.0733E+00  2.7962E+07  1.0207E+15  1.4613E-09  5.1283E+06
  1.2740E+01  1.2810E+01  1.1723E+00  2.8516E+07  9.7543E+14  1.5252E-09  4.9007E+06
  1.2880E+01  1.2950E+01  1.2832E+00  2.9088E+07  9.3288E+14  1.5968E-09  4.6869E+06
  1.3020E+01  1.3090E+01  1.4081E+00  2.9679E+07  8.9288E+14  1.6772E-09  4.4859E+06
  1.3160E+01  1.3230E+01  1.5493E+00  3.0290E+07  8.5529E+14  1.7676E-09  4.2970E+06
  1.3300E+01  1.3370E+01  1.7094E+00  3.0919E+07  8.1992E+14  1.8697E-09  4.1194E+06
  1.3440E+01  1.3510E+01  1.8917E+00  3.1569E+07  7.8663E+14  1.9851E-09  3.9521E+06
  1.3580E+01  1.3650E+01  2.1000E+00  3.2237E+07  7.5526E+14  2.1160E-09  3.7945E+06
  1.3720E+01  1.3790E+01  2.3380E+00  3.2920E+07  7.2542E+14  2.2627E-09  3.6446E+06
  1.3860E+01  1.3930E+01  2.6027E+00  3.3580E+07  6.9555E+14  2.4151E-09  3.4944E+06
  1.4000E+01  1.4070E+01  2.8630E+00  3.4039E+07  6.6032E+14  2.5214E-09  3.3173E+06
  1.4140E+01  1.4210E+01  3.0301E+00  3.3831E+07  6.0929E+14  2.4609E-09  3.0604E+06
  1.4280E+01  1.4350E+01  2.9686E+00  3.2351E+07  5.2953E+14  2.0930E-09  2.6587E+06
  1.4420E+01  1.4490E+01  2.5871E+00  2.9014E+07  4.0924E+14  1.4071E-09  2.0531E+06
  1.4560E+01  1.4630E+01  1.9794E+00  2.3398E+07  2.4764E+14  6.4980E-10  1.2403E+06
  1.4700E+01  1.4770E+01  1.4187E+00  1.5573E+07  8.6524E+13  1.6217E-10  4.3187E+05
  1.4840E+01  1.4910E+01  1.1015E+00  6.9716E+06  1.0022E+13  1.4534E-11  4.9791E+04
  1.4980E+01  1.5050E+01  1.0076E+00  1.1276E+06  2.0329E+12  2.7285E-12  1.0208E+04
  1.5120E+01  1.5190E+01  1.0001E+00  1.5555E+04  1.9900E+12  2.6535E-12  1.0000E+04
  1.5260E+01  1.5330E+01  1.0000E+00  1.5506E+00  1.9900E+12  2.6533E-12  1.0000E+04
  1.5400E+01  1.5470E+01  1.0000E+00  5.8822E-06  1.9900E+12  2.6533E-12  1.0000E+04
  1.5540E+01  1.5610E+01  1.0000E+00  1.6303E-11  1.9900E+12  2.6533E-12  1.0000E+04
  1.5680E+01  1.5750E+01  1.0000E+00  6.5476E-31  1.9900E+12  2.6533E-12  1.0000E+04
  1.5820E+01  1.5890E+01  1.0000E+00  3.6217E-70  1.9900E+12  2.6533E-12  1.0000E+04
  1.5960E+01  1.6030E+01  1.0000E+00  4.3015-149  1.9900E+12  2.6533E-12  1.0000E+04
  1.6100E+01  1.6170E+01  1.0000E+00  0.0000E+00  1.9900E+12  2.6533E-12  1.0000E+04
  1.6240E+01  1.6310E+01  1.0000E+00  0.0000E+00  1.9900E+12  2.6533E-12  1.0000E+04
  1.6380E+01  1.6450E+01  1.0000E+00  0.0000E+00  1.9900E+12  2.6533E-12  1.0000E+04
  1.6520E+01  1.6590E+01  1.0000E+00  0.0000E+00  1.9900E+12  2.6533E-12  1.0000E+04
  1.6660E+01  1.6730E+01  1.0000E+00  0.0000E+00  1.9900E+12  2.6533E-12  1.0000E+04
  1.6800E+01  1.6870E+01  1.0000E+00  0.0000E+00  1.9900E+12  2.6533E-12  1.0000E+04
  1.6940E+01  1.7010E+01  1.0000E+00  0.0000E+00  1.9900E+12  2.6533E-12  1.0000E+04
  1.7080E+01  1.7150E+01  1.0000E+00  0.0000E+00  1.9900E+12  2.6533E-12  1.0000E+04
  1.7220E+01  1.7290E+01  1.0000E+00  0.0000E+00  1.9900E+12  2.6533E-12  1.0000E+04
  1.7360E+01  1.7430E+01  1.0000E+00  0.0000E+00  1.9900E+12  2.6533E-12  1.0000E+04
  1.7500E+01  1.7570E+01  1.0000E+00  0.0000E+00  1.9900E+12  2.6533E-12  1.0000E+04
  1.7640E+01  1.7710E+01  1.0000E+00  0.0000E+00  1.9900E+12  2.6533E-12  1.0000E+04
  1.7780E+01  1.7850E+01  1.0000E+00  0.0000E+00  1.9900E+12  2.6533E-12  1.0000E+04
  1.7920E+01  1.7990E+01  1.0000E+00  0.0000E+00  1.9900E+12  2.6533E-12  1.0000E+04
  1.8060E+01  1.8130E+01  1.0000E+00  0.0000E+00  1.9900E+12  2.6533E-12  1.0000E+04
  1.8200E+01  1.8270E+01  1.0000E+00  0.0000E+00  1.9900E+12  2.6533E-12  1.0000E+04
  1.8340E+01  1.8410E+01  1.0000E+00  0.0000E+00  1.9900E+12  2.6533E-12  1.0000E+04
  1.8480E+01  1.8550E+01  1.0000E+00  0.0000E+00  1.9900E+12  2.6533E-12  1.0000E+04
  1.8620E+01  1.8690E+01  1.0000E+00  0.0000E+00  1.9900E+12  2.6533E-12  1.0000E+04
  1.8760E+01  1.8830E+01  1.0000E+00  0.0000E+00  1.9900E+12  2.6533E-12  1.0000E+04
  1.8900E+01  1.8970E+01  1.0000E+00  0.0000E+00  1.9900E+12  2.6533E-12  1.0000E+04
  1.9040E+01  1.9110E+01  1.0000E+00  0.0000E+00  1.9900E+12  2.6533E-12  1.0000E+04
  1.9180E+01  1.9250E+01  1.0000E+00  0.0000E+00  1.9900E+12  2.6533E-12  1.0000E+04
  1.9320E+01  1.9390E+01  1.0000E+00  0.0000E+00  1.9900E+12  2.6533E-12  1.0000E+04
  1.9460E+01  1.9530E+01  1.0000E+00  0.0000E+00  1.9900E+12  2.6533E-12  1.0000E+04
  1.9600E+01  1.9670E+01  1.0000E+00  0.0000E+00  1.9900E+12  2.6533E-12  1.0000E+04
  1.9740E+01  1.9810E+01  1.0000E+00  0.0000E+00  1.9900E+12  2.6533E-12  1.0000E+04
  1.9880E+01  1.9950E+01  1.0000E+00  0.0000E+00  1.9900E+12  2.6533E-12  1.0000E+04
  2.0020E+01  2.0090E+01  1.0000E+00  0.0000E+00  1.9900E+12  2.6533E-12  1.0000E+04
  2.0160E+01  2.0230E+01  1.0000E+00  0.0000E+00  1.9900E+12  2.6533E-12  1.0000E+04
  2.0300E+01  2.0370E+01  1.0000E+00  0.0000E+00  1.9900E+12  2.6533E-12  1.0000E+04
  2.0440E+01  2.0510E+01  1.0000E+00  0.0000E+00  1.9900E+12  2.6533E-12  1.0000E+04
  2.0580E+01  2.0650E+01  1.0000E+00  0.0000E+00  1.9900E+12  2.6533E-12  1.0000E+04
  2.0720E+01  2.0790E+01  1.0000E+00  0.0000E+00  1.9900E+12  2.6533E-12  1.0000E+04
  2.0860E+01  2.0930E+01  1.0000E+00  0.0000E+00  1.9900E+12  2.6533E-12  1.0000E+04
  2.1000E+01  2.1070E+01  1.0000E+00  0.0000E+00  1.9900E+12  2.6533E-12  1.0000E+04
  2.1140E+01  2.1210E+01  1.0000E+00  0.0000E+00  1.9900E+12  2.6533E-12  1.0000E+04
  2.1280E+01  2.1350E+01  1.0000E+00  0.0000E+00  1.9900E+12  2.6533E-12  1.0000E+04
  2.1420E+01  2.1490E+01  1.0000E+00  0.0000E+00  1.9900E+12  2.6533E-12  1.0000E+04
  2.1560E+01  2.1630E+01  1.0000E+00  0.0000E+00  1.9900E+12  2.6533E-12  1.0000E+04
  2.1700E+01  2.1770E+01  1.0000E+00  0.0000E+00  1.9900E+12  2.6533E-12  1.0000E+04
  2.1840E+01  2.1910E+01  1.0000E+00  0.0000E+00  1.9900E+12  2.6533E-12  1.0000E+04
  2.1980E+01  2.2050E+01  1.0000E+00  0.0000E+00  1.9900E+12  2.6533E-12  1.0000E+04
  2.2120E+01  2.2190E+01  1.0000E+00  0.0000E+00  1.9900E+12  2.6533E-12  1.0000E+04
  2.2260E+01  2.2330E+01  1.0000E+00  0.0000E+00  1.9900E+12  2.6533E-12  1.0000E+04
  2.2400E+01  2.2470E+01  1.0000E+00  0.0000E+00  1.9900E+12  2.6533E-12  1.0000E+04
  2.2540E+01  2.2610E+01  1.0000E+00  0.0000E+00  1.9900E+12  2.6533E-12  1.0000E+04
  2.2680E+01  2.2750E+01  1.0000E+00  0.0000E+00  1.9900E+12  2.6533E-12  1.0000E+04
  2.2820E+01  2.2890E+01  1.0000E+00  0.0000E+00  1.9900E+12  2.6533E-12  1.0000E+04
  2.2960E+01  2.3030E+01  1.0000E+00  0.0000E+00  1.9900E+12  2.6533E-12  1.0000E+04
  2.3100E+01  2.3170E+01  1.0000E+00  0.0000E+00  1.9900E+12  2.6533E-12  1.0000E+04
  2.3240E+01  2.3310E+01  1.0000E+00  0.0000E+00  1.9900E+12  2.6533E-12  1.0000E+04
  2.3380E+01  2.3450E+01  1.0000E+00  0.0000E+00  1.9900E+12  2.6533E-12  1.0000E+04
  2.3520E+01  2.3590E+01  1.0000E+00  0.0000E+00  1.9900E+12  2.6533E-12  1.0000E+04
  2.3660E+01  2.3730E+01  1.0000E+00  0.0000E+00  1.9900E+12  2.6533E-12  1.0000E+04
  2.3800E+01  2.3870E+01  1.0000E+00  0.0000E+00  1.9900E+12  2.6533E-12  1.0000E+04
  2.3940E+01  2.4010E+01  1.0000E+00  0.0000E+00  1.9900E+12  2.6533E-12  1.0000E+04
  2.4080E+01  2.4150E+01  1.0000E+00  0.0000E+00  1.9900E+12  2.6533E-12  1.0000E+04
  2.4220E+01  2.4290E+01  1.0000E+00  0.0000E+00  1.9900E+12  2.6533E-12  1.0000E+04
  2.4360E+01  2.4430E+01  1.0000E+00  0.0000E+00  1.9900E+12  2.6533E-12  1.0000E+04
  2.4500E+01  2.4570E+01  1.0000E+00  0.0000E+00  1.9900E+12  2.6533E-12  1.0000E+04
  2.4640E+01  2.4710E+01  1.0000E+00  0.0000E+00  1.9900E+12  2.6533E-12  1.0000E+04
  2.4780E+01  2.4850E+01  1.0000E+00  0.0000E+00  1.9900E+12  2.6533E-12  1.0000E+04
  2.4920E+01  2.4990E+01  1.0000E+00  0.0000E+00  1.9900E+12  2.6533E-12  1.0000E+04
  2.5060E+01  2.5130E+01  1.0000E+00  0.0000E+00  1.9900E+12  2.6533E-12  1.0000E+04
  2.5200E+01  2.5270E+01  1.0000E+00  0.0000E+00  1.9900E+12  2.6533E-12  1.0000E+04
  2.5340E+01  2.5410E+01  1.0000E+00  0.0000E+00  1.9900E+12  2.6533E-12  1.0000E+04
  2.5480E+01  2.5550E+01  1.0000E+00  0.0000E+00  1.9900E+12  2.6533E-12  1.0000E+04
  2.5620E+01  2.5690E+01  1.0000E+00  0.0000E+00  1.9900E+12  2.6533E-12  1.0000E+04
  2.5760E+01  2.5830E+01  1.0000E+00  0.0000E+00  1.9900E+12  2.6533E-12  1.0000E+04
  2.5900E+01  2.5970E+01  1.0000E+00  0.0000E+00  1.9900E+12  2.6533E-12  1.0000E+04
  2.6040E+01  2.6110E+01  1.0000E+00  0.0000E+00  1.9900E+12  2.6533E-12  1.0000E+04
  2.6180E+01  2.6250E+01  1.0000E+00  0.0000E+00  1.9900E+12  2.6533E-12  1.0000E+04
  2.6320E+01  2.6390E+01  1.0000E+00  0.0000E+00  1.9900E+12  2.6533E-12  1.0000E+04
  2.6460E+01  2.6530E+01  1.0000E+00  0.0000E+00  1.9900E+12  2.6533E-12  1.0000E+04
  2.6600E+01  2.6670E+01  1.0000E+00  0.0000E+00  1.9900E+12  2.6533E-12  1.0000E+04
  2.6740E+01  2.6810E+01  1.0000E+00  0.0000E+00  1.9900E+12  2.6533E-12  1.0000E+04
  2.6880E+01  2.6950E+01  1.0000E+00  0.0000E+00  1.9900E+12  2.6533E-12  1.0000E+04
  2.7020E+01  2.7090E+01  1.0000E+00  0.0000E+00  1.9900E+12  2.6533E-12  1.0000E+04
  2.7160E+01  2.7230E+01  1.0000E+00  0.0000E+00  1.9900E+12  2.6533E-12  1.0000E+04
  2.7300E+01  2.7370E+01  1.0000E+00  0.0000E+00  1.9900E+12  2.6533E-12  1.0000E+04
  2.7440E+01  2.7510E+01  1.0000E+00  0.0000E+00  1.9900E+12  2.6533E-12  1.0000E+04
  2.7580E+01  2.7650E+01  1.0000E+00  0.0000E+00  1.9900E+12  2.6533E-12  1.0000E+04
  2.7720E+01  2.7790E+01  1.0000E+00  0.0000E+00  1.9900E+12  2.6533E-12  1.0000E+04
  2.7860E+01  2.7930E+01  1.0000E+00  0.0000E+00  1.9900E+12  2.6533E-12  1.0000E+04
  2.8000E+01  2.8070E+01  1.0000E+00  0.0000E+00  1.9900E+12  2.6533E-12  1.0000E+04
  2.8140E+01  2.8210E+01  1.0000E+00  0.0000E+00  1.9900E+12  2.6533E-12  1.0000E+04
  2.8280E+01  2.8350E+01  1.0000E+00  0.0000E+00  1.9900E+12  2.6533E-12  1.0000E+04
  2.8420E+01  2.8490E+01  1.0000E+00  0.0000E+00  1.9900E+12  2.6533E-12  1.0000E+04
  2.8560E+01  2.8630E+01  1.0000E+00  0.0000E+00  1.9900E+12  2.6533E-12  1.0000E+04
  2.8700E+01  2.8770E+01  1.0000E+00  0.0000E+00  1.9900E+12  2.6533E-12  1.0000E+04
  2.8840E+01  2.8910E+01  1.0000E+00  0.0000E+00  1.9900E+12  2.6533E-12  1.0000E+04
  2.8980E+01  2.9050E+01  1.0000E+00  0.0000E+00  1.9900E+12  2.6533E-12  1.0000E+04
  2.9120E+01  2.9190E+01  1.0000E+00  0.0000E+00  1.9900E+12  2.6533E-12  1.0000E+04
  2.9260E+01  2.9330E+01  1.0000E+00  0.0000E+00  1.9900E+12  2.6533E-12  1.0000E+04
  2.9400E+01  2.9470E+01  1.0000E+00  0.0000E+00  1.9900E+12  2.6533E-12  1.0000E+04
  2.9540E+01  2.9610E+01  1.0000E+00  0.0000E+00  1.9900E+12  2.6533E-12  1.0000E+04
  2.9680E+01  2.9750E+01  1.0000E+00  0.0000E+00  1.9900E+12  2.6533E-12  1.0000E+04
  2.9820E+01  2.9890E+01  1.0000E+00  0.0000E+00  1.9900E+12  2.6533E-12  1.0000E+04
  2.9960E+01  3.0030E+01  1.0000E+00  0.0000E+00  1.9900E+12  2.6533E-12  1.0000E+04
  3.0100E+01  3.0170E+01  1.0000E+00  0.0000E+00  1.9900E+12  2.6533E-12  1.0000E+04
  3.0240E+01  3.0310E+01  1.0000E+00  0.0000E+00  1.9900E+12  2.6533E-12  1.0000E+04
  3.0380E+01  3.0450E+01  1.0000E+00  0.0000E+00  1.9900E+12  2.6533E-12  1.0000E+04
  3.0520E+01  3.0590E+01  1.0000E+00  0.0000E+00  1.9900E+12  2.6533E-12  1.0000E+04
  3.0660E+01  3.0730E+01  1.0000E+00  0.0000E+00  1.9900E+12  2.6533E-12  1.0000E+04
  3.0800E+01  3.0870E+01  1.0000E+00  0.0000E+00  1.9900E+12  2.6533E-12  1.0000E+04
  3.0940E+01  3.1010E+01  1.0000E+00  0.0000E+00  1.9900E+12  2.6533E-12  1.0000E+04
  3.1080E+01  3.1150E+01  1.0000E+00  0.0000E+00  1.9900E+12  2.6533E-12  1.0000E+04
  3.1220E+01  3.1290E+01  1.0000E+00  0.0000E+00  1.9900E+12  2.6533E-12  1.0000E+04
  3.1360E+01  3.1430E+01  1.0000E+00  0.0000E+00  1.9900E+12  2.6533E-12  1.0000E+04
  3.1500E+01  3.1570E+01  1.0000E+00  0.0000E+00  1.9900E+12  2.6533E-12  1.0000E+04
  3.1640E+01  3.1710E+01  1.0000E+00  0.0000E+00  1.9900E+12  2.6533E-12  1.0000E+04
  3.1780E+01  3.1850E+01  1.0000E+00  0.0000E+00  1.9900E+12  2.6533E-12  1.0000E+04
  3.1920E+01  3.1990E+01  1.0000E+00  0.0000E+00  1.9900E+12  2.6533E-12  1.0000E+04
  3.2060E+01  3.2130E+01  1.0000E+00  0.0000E+00  1.9900E+12  2.6533E-12  1.0000E+04
  3.2200E+01  3.2270E+01  1.0000E+00  0.0000E+00  1.9900E+12  2.6533E-12  1.0000E+04
  3.2340E+01  3.2410E+01  1.0000E+00  0.0000E+00  1.9900E+12  2.6533E-12  1.0000E+04
  3.2480E+01  3.2550E+01  1.0000E+00  0.0000E+00  1.9900E+12  2.6533E-12  1.0000E+04
  3.2620E+01  3.2690E+01  1.0000E+00  0.0000E+00  1.9900E+12  2.6533E-12  1.0000E+04
  3.2760E+01  3.2830E+01  1.0000E+00  0.0000E+00  1.9900E+12  2.6533E-12  1.0000E+04
  3.2900E+01  3.2970E+01  1.0000E+00  0.0000E+00  1.9900E+12  2.6533E-12  1.0000E+04
  3.3040E+01  3.3110E+01  1.0000E+00  0.0000E+00  1.9900E+12  2.6533E-12  1.0000E+04
  3.3180E+01  3.3250E+01  1.0000E+00  0.0000E+00  1.9900E+12  2.6533E-12  1.0000E+04
  3.3320E+01  3.3390E+01  1.0000E+00  0.0000E+00  1.9900E+12  2.6533E-12  1.0000E+04
  3.3460E+01  3.3530E+01  1.0000E+00  0.0000E+00  1.9900E+12  2.6533E-12  1.0000E+04
  3.3600E+01  3.3670E+01  1.0000E+00  0.0000E+00  1.9900E+12  2.6533E-12  1.0000E+04
  3.3740E+01  3.3810E+01  1.0000E+00  0.0000E+00  1.9900E+12  2.6533E-12  1.0000E+04
  3.3880E+01  3.3950E+01  1.0000E+00  0.0000E+00  1.9900E+12  2.6533E-12  1.0000E+04
  3.4020E+01  3.4090E+01  1.0000E+00  0.0000E+00  1.9900E+12  2.6533E-12  1.0000E+04
  3.4160E+01  3.4230E+01  1.0000E+00  0.0000E+00  1.9900E+12  2.6533E-12  1.0000E+04
  3.4300E+01  3.4370E+01  1.0000E+00  0.0000E+00  1.9900E+12  2.6533E-12  1.0000E+04
  3.4440E+01  3.4510E+01  1.0000E+00  0.0000E+00  1.9900E+12  2.6533E-12  1.0000E+04
  3.4580E+01  3.4650E+01  1.0000E+00  0.0000E+00  1.9900E+12  2.6533E-12  1.0000E+04
  3.4720E+01  3.4790E+01  1.0000E+00  0.0000E+00  1.9900E+12  2.6533E-12  1.0000E+04
  3.4860E+01  3.4930E+01  1.0000E+00  0.0000E+00  1.9900E+12  2.6533E-12  1.0000E+04
  3.5000E+01  3.5070E+01  1.0000E+00  0.0000E+00  1.9900E+12  2.6533E-12  1.0000E+04
  3.5140E+01  3.5210E+01  1.0000E+00  0.0000E+00  1.9900E+12  2.6533E-12  1.0000E+04
  3.5280E+01  3.5350E+01  1.0000E+00  0.0000E+00  1.9900E+12  2.6533E-12  1.0000E+04
  3.5420E+01  3.5490E+01  1.0000E+00  0.0000E+00  1.9900E+12  2.6533E-12  1.0000E+04
  3.5560E+01  3.5630E+01  1.0000E+00  0.0000E+00  1.9900E+12  2.6533E-12  1.0000E+04
  3.5700E+01  3.5770E+01  1.0000E+00  0.0000E+00  1.9900E+12  2.6533E-12  1.0000E+04
  3.5840E+01  3.5910E+01  1.0000E+00  0.0000E+00  1.9900E+12  2.6533E-12  1.0000E+04
  3.5980E+01  3.6050E+01  1.0000E+00  0.0000E+00  1.9900E+12  2.6533E-12  1.0000E+04
  3.6120E+01  3.6190E+01  1.0000E+00  0.0000E+00  1.9900E+12  2.6533E-12  1.0000E+04
  3.6260E+01  3.6330E+01  1.0000E+00  0.0000E+00  1.9900E+12  2.6533E-12  1.0000E+04
  3.6400E+01  3.6470E+01  1.0000E+00  0.0000E+00  1.9900E+12  2.6533E-12  1.0000E+04
  3.6540E+01  3.6610E+01  1.0000E+00  0.0000E+00  1.9900E+12  2.6533E-12  1.0000E+04
  3.6680E+01  3.6750E+01  1.0000E+00  0.0000E+00  1.9900E+12  2.6533E-12  1.0000E+04
  3.6820E+01  3.6890E+01  1.0000E+00  0.0000E+00  1.9900E+12  2.6533E-12  1.0000E+04
  3.6960E+01  3.7030E+01  1.0000E+00  0.0000E+00  1.9900E+12  2.6533E-12  1.0000E+04
  3.7100E+01  3.7170E+01  1.0000E+00  0.0000E+00  1.9900E+12  2.6533E-12  1.0000E+04
  3.7240E+01  3.7310E+01  1.0000E+00  0.0000E+00  1.9900E+12  2.6533E-12  1.0000E+04
  3.7380E+01  3.7450E+01  1.0000E+00  0.0000E+00  1.9900E+12  2.6533E-12  1.0000E+04
  3.7520E+01  3.7590E+01  1.0000E+00  0.0000E+00  1.9900E+12  2.6533E-12  1.0000E+04
  3.7660E+01  3.7730E+01  1.0000E+00  0.0000E+00  1.9900E+12  2.6533E-12  1.0000E+04
  3.7800E+01  3.7870E+01  1.0000E+00  0.0000E+00  1.9900E+12  2.6533E-12  1.0000E+04
  3.7940E+01  3.8010E+01  1.0000E+00  0.0000E+00  1.9900E+12  2.6533E-12  1.0000E+04
  3.8080E+01  3.8150E+01  1.0000E+00  0.0000E+00  1.9900E+12  2.6533E-12  1.0000E+04
  3.8220E+01  3.8290E+01  1.0000E+00  0.0000E+00  1.9900E+12  2.6533E-12  1.0000E+04
  3.8360E+01  3.8430E+01  1.0000E+00  0.0000E+00  1.9900E+12  2.6533E-12  1.0000E+04
  3.8500E+01  3.8570E+01  1.0000E+00  0.0000E+00  1.9900E+12  2.6533E-12  1.0000E+04
  3.8640E+01  3.8710E+01  1.0000E+00  0.0000E+00  1.9900E+12  2.6533E-12  1.0000E+04
  3.8780E+01  3.8850E+01  1.0000E+00  0.0000E+00  1.9900E+12  2.6533E-12  1.0000E+04
  3.8920E+01  3.8990E+01  1.0000E+00  0.0000E+00  1.9900E+12  2.6533E-12  1.0000E+04
  3.9060E+01  3.9130E+01  1.0000E+00  0.0000E+00  1.9900E+12  2.6533E-12  1.0000E+04
  3.9200E+01  3.9270E+01  1.0000E+00  0.0000E+00  1.9900E+12  2.6533E-12  1.0000E+04
  3.9340E+01  3.9410E+01  1.0000E+00  0.0000E+00  1.9900E+12  2.6533E-12  1.0000E+04
  3.9480E+01  3.9550E+01  1.0000E+00  0.0000E+00  1.9900E+12  2.6533E-12  1.0000E+04
  3.9620E+01  3.9690E+01  1.0000E+00  0.0000E+00  1.9900E+12  2.6533E-12  1.0000E+04
  3.9760E+01  3.9830E+01  1.0000E+00  0.0000E+00  1.9900E+12  2.6533E-12  1.0000E+04
  3.9900E+01  3.9970E+01  1.0000E+00  0.0000E+00  1.9900E+12  2.6533E-12  1.0000E+04
  4.0040E+01  4.0110E+01  1.0000E+00  0.0000E+00  1.9900E+12  2.6533E-12  1.0000E+04
  4.0180E+01  4.0250E+01  1.0000E+00  0.0000E+00  1.9900E+12  2.6533E-12  1.0000E+04
  4.0320E+01  4.0390E+01  1.0000E+00  0.0000E+00  1.9900E+12  2.6533E-12  1.0000E+04
  4.0460E+01  4.0530E+01  1.0000E+00  0.0000E+00  1.9900E+12  2.6533E-12  1.0000E+04
  4.0600E+01  4.0670E+01  1.0000E+00  0.0000E+00  1.9900E+12  2.6533E-12  1.0000E+04
  4.0740E+01  4.0810E+01  1.0000E+00  0.0000E+00  1.9900E+12  2.6533E-12  1.0000E+04
  4.0880E+01  4.0950E+01  1.0000E+00  0.0000E+00  1.9900E+12  2.6533E-12  1.0000E+04
  4.1020E+01  4.1090E+01  1.0000E+00  0.0000E+00  1.9900E+12  2.6533E-12  1.0000E+04
  4.1160E+01  4.1230E+01  1.0000E+00  0.0000E+00  1.9900E+12  2.6533E-12  1.0000E+04
  4.1300E+01  4.1370E+01  1.0000E+00  0.0000E+00  1.9900E+12  2.6533E-12  1.0000E+04
  4.1440E+01  4.1510E+01  1.0000E+00  0.0000E+00  1.9900E+12  2.6533E-12  1.0000E+04
  4.1580E+01  4.1650E+01  1.0000E+00  0.0000E+00  1.9900E+12  2.6533E-12  1.0000E+04
  4.1720E+01  4.1790E+01  1.0000E+00  0.0000E+00  1.9900E+12  2.6533E-12  1.0000E+04
  4.1860E+01  4.1930E+01  1.0000E+00  0.0000E+00  1.9900E+12  2.6533E-12  1.0000E+04
  4.2000E+01  4.2070E+01  1.0000E+00  0.0000E+00  1.9900E+12  2.6533E-12  1.0000E+04
  4.2140E+01  4.2210E+01  1.0000E+00  0.0000E+00  1.9900E+12  2.6533E-12  1.0000E+04
  4.2280E+01  4.2350E+01  1.0000E+00  0.0000E+00  1.9900E+12  2.6533E-12  1.0000E+04
  4.2420E+01  4.2490E+01  1.0000E+00  0.0000E+00  1.9900E+12  2.6533E-12  1.0000E+04
  4.2560E+01  4.2630E+01  1.0000E+00  0.0000E+00  1.9900E+12  2.6533E-12  1.0000E+04
  4.2700E+01  4.2770E+01  1.0000E+00  0.0000E+00  1.9900E+12  2.6533E-12  1.0000E+04
  4.2840E+01  4.2910E+01  1.0000E+00  0.0000E+00  1.9900E+12  2.6533E-12  1.0000E+04
  4.2980E+01  4.3050E+01  1.0000E+00  0.0000E+00  1.9900E+12  2.6533E-12  1.0000E+04
  4.3120E+01  4.3190E+01  1.0000E+00  0.0000E+00  1.9900E+12  2.6533E-12  1.0000E+04
  4.3260E+01  4.3330E+01  1.0000E+00  0.0000E+00  1.9900E+12  2.6533E-12  1.0000E+04
  4.3400E+01  4.3470E+01  1.0000E+00  0.0000E+00  1.9900E+12  2.6533E-12  1.0000E+04
  4.3540E+01  4.3610E+01  1.0000E+00  0.0000E+00  1.9900E+12  2.6533E-12  1.0000E+04
  4.3680E+01  4.3750E+01  1.0000E+00  0.0000E+00  1.9900E+12  2.6533E-12  1.0000E+04
  4.3820E+01  4.3890E+01  1.0000E+00  0.0000E+00  1.9900E+12  2.6533E-12  1.0000E+04
  4.3960E+01  4.4030E+01  1.0000E+00  0.0000E+00  1.9900E+12  2.6533E-12  1.0000E+04
  4.4100E+01  4.4170E+01  1.0000E+00  0.0000E+00  1.9900E+12  2.6533E-12  1.0000E+04
  4.4240E+01  4.4310E+01  1.0000E+00  0.0000E+00  1.9900E+12  2.6533E-12  1.0000E+04
  4.4380E+01  4.4450E+01  1.0000E+00  0.0000E+00  1.9900E+12  2.6533E-12  1.0000E+04
  4.4520E+01  4.4590E+01  1.0000E+00  0.0000E+00  1.9900E+12  2.6533E-12  1.0000E+04
  4.4660E+01  4.4730E+01  1.0000E+00  0.0000E+00  1.9900E+12  2.6533E-12  1.0000E+04
  4.4800E+01  4.4870E+01  1.0000E+00  0.0000E+00  1.9900E+12  2.6533E-12  1.0000E+04
  4.4940E+01  4.5010E+01  1.0000E+00  0.0000E+00  1.9900E+12  2.6533E-12  1.0000E+04
  4.5080E+01  4.5150E+01  1.0000E+00  0.0000E+00  1.9900E+12  2.6533E-12  1.0000E+04
  4.5220E+01  4.5290E+01  1.0000E+00  0.0000E+00  1.9900E+12  2.6533E-12  1.0000E+04
  4.5360E+01  4.5430E+01  1.0000E+00  0.0000E+00  1.9900E+12  2.6533E-12  1.0000E+04
  4.5500E+01  4.5570E+01  1.0000E+00  0.0000E+00  1.9900E+12  2.6533E-12  1.0000E+04
  4.5640E+01  4.5710E+01  1.0000E+00  0.0000E+00  1.9900E+12  2.6533E-12  1.0000E+04
  4.5780E+01  4.5850E+01  1.0000E+00  0.0000E+00  1.9900E+12  2.6533E-12  1.0000E+04
  4.5920E+01  4.5990E+01  1.0000E+00  0.0000E+00  1.9900E+12  2.6533E-12  1.0000E+04
  4.6060E+01  4.6130E+01  1.0000E+00  0.0000E+00  1.9900E+12  2.6533E-12  1.0000E+04
  4.6200E+01  4.6270E+01  1.0000E+00  0.0000E+00  1.9900E+12  2.6533E-12  1.0000E+04
  4.6340E+01  4.6410E+01  1.0000E+00  0.0000E+00  1.9900E+12  2.6533E-12  1.0000E+04
  4.6480E+01  4.6550E+01  1.0000E+00  0.0000E+00  1.9900E+12  2.6533E-12  1.0000E+04
  4.6620E+01  4.6690E+01  1.0000E+00  0.0000E+00  1.9900E+12  2.6533E-12  1.0000E+04
  4.6760E+01  4.6830E+01  1.0000E+00  0.0000E+00  1.9900E+12  2.6533E-12  1.0000E+04
  4.6900E+01  4.6970E+01  1.0000E+00  0.0000E+00  1.9900E+12  2.6533E-12  1.0000E+04
  4.7040E+01  4.7110E+01  1.0000E+00  0.0000E+00  1.9900E+12  2.6533E-12  1.0000E+04
  4.7180E+01  4.7250E+01  1.0000E+00  0.0000E+00  1.9900E+12  2.6533E-12  1.0000E+04
  4.7320E+01  4.7390E+01  1.0000E+00  0.0000E+00  1.9900E+12  2.6533E-12  1.0000E+04
  4.7460E+01  4.7530E+01  1.0000E+00  0.0000E+00  1.9900E+12  2.6533E-12  1.0000E+04
  4.7600E+01  4.7670E+01  1.0000E+00  0.0000E+00  1.9900E+12  2.6533E-12  1.0000E+04
  4.7740E+01  4.7810E+01  1.0000E+00  0.0000E+00  1.9900E+12  2.6533E-12  1.0000E+04
  4.7880E+01  4.7950E+01  1.0000E+00  0.0000E+00  1.9900E+12  2.6533E-12  1.0000E+04
  4.8020E+01  4.8090E+01  1.0000E+00  0.0000E+00  1.9900E+12  2.6533E-12  1.0000E+04
  4.8160E+01  4.8230E+01  1.0000E+00  0.0000E+00  1.9900E+12  2.6533E-12  1.0000E+04
  4.8300E+01  4.8370E+01  1.0000E+00  0.0000E+00  1.9900E+12  2.6533E-12  1.0000E+04
  4.8440E+01  4.8510E+01  1.0000E+00  0.0000E+00  1.9900E+12  2.6533E-12  1.0000E+04
  4.8580E+01  4.8650E+01  1.0000E+00  0.0000E+00  1.9900E+12  2.6533E-12  1.0000E+04
  4.8720E+01  4.8790E+01  1.0000E+00  0.0000E+00  1.9900E+12  2.6533E-12  1.0000E+04
  4.8860E+01  4.8930E+01  1.0000E+00  0.0000E+00  1.9900E+12  2.6533E-12  1.0000E+04
  4.9000E+01  4.9070E+01  1.0000E+00  0.0000E+00  1.9900E+12  2.6533E-12  1.0000E+04
  4.9140E+01  4.9210E+01  1.0000E+00  0.0000E+00  1.9900E+12  2.6533E-12  1.0000E+04
  4.9280E+01  4.9350E+01  1.0000E+00  0.0000E+00  1.9900E+12  2.6533E-12  1.0000E+04
  4.9420E+01  4.9490E+01  1.0000E+00  0.0000E+00  1.9900E+12  2.6533E-12  1.0000E+04
  4.9560E+01  4.9630E+01  1.0000E+00  0.0000E+00  1.9900E+12  2.6533E-12  1.0000E+04
  4.9700E+01  4.9770E+01  1.0000E+00  0.0000E+00  1.9900E+12  2.6533E-12  1.0000E+04
  4.9840E+01  4.9910E+01  1.0000E+00  0.0000E+00  1.9900E+12  2.6533E-12  1.0000E+04
  4.9980E+01  5.0050E+01  1.0000E+00  0.0000E+00  1.9900E+12  2.6533E-12  1.0000E+04
  5.0120E+01  5.0190E+01  1.0000E+00  0.0000E+00  1.9900E+12  2.6533E-12  1.0000E+04
  5.0260E+01  5.0330E+01  1.0000E+00  0.0000E+00  1.9900E+12  2.6533E-12  1.0000E+04
  5.0400E+01  5.0470E+01  1.0000E+00  0.0000E+00  1.9900E+12  2.6533E-12  1.0000E+04
  5.0540E+01  5.0610E+01  1.0000E+00  0.0000E+00  1.9900E+12  2.6533E-12  1.0000E+04
  5.0680E+01  5.0750E+01  1.0000E+00  0.0000E+00  1.9900E+12  2.6533E-12  1.0000E+04
  5.0820E+01  5.0890E+01  1.0000E+00  0.0000E+00  1.9900E+12  2.6533E-12  1.0000E+04
  5.0960E+01  5.1030E+01  1.0000E+00  0.0000E+00  1.9900E+12  2.6533E-12  1.0000E+04
  5.1100E+01  5.1170E+01  1.0000E+00  0.0000E+00  1.9900E+12  2.6533E-12  1.0000E+04
  5.1240E+01  5.1310E+01  1.0000E+00  0.0000E+00  1.9900E+12  2.6533E-12  1.0000E+04
  5.1380E+01  5.1450E+01  1.0000E+00  0.0000E+00  1.9900E+12  2.6533E-12  1.0000E+04
  5.1520E+01  5.1590E+01  1.0000E+00  0.0000E+00  1.9900E+12  2.6533E-12  1.0000E+04
  5.1660E+01  5.1730E+01  1.0000E+00  0.0000E+00  1.9900E+12  2.6533E-12  1.0000E+04
  5.1800E+01  5.1870E+01  1.0000E+00  0.0000E+00  1.9900E+12  2.6533E-12  1.0000E+04
  5.1940E+01  5.2010E+01  1.0000E+00  0.0000E+00  1.9900E+12  2.6533E-12  1.0000E+04
  5.2080E+01  5.2150E+01  1.0000E+00  0.0000E+00  1.9900E+12  2.6533E-12  1.0000E+04
  5.2220E+01  5.2290E+01  1.0000E+00  0.0000E+00  1.9900E+12  2.6533E-12  1.0000E+04
  5.2360E+01  5.2430E+01  1.0000E+00  0.0000E+00  1.9900E+12  2.6533E-12  1.0000E+04
  5.2500E+01  5.2570E+01  1.0000E+00  0.0000E+00  1.9900E+12  2.6533E-12  1.0000E+04
  5.2640E+01  5.2710E+01  1.0000E+00  0.0000E+00  1.9900E+12  2.6533E-12  1.0000E+04
  5.2780E+01  5.2850E+01  1.0000E+00  0.0000E+00  1.9900E+12  2.6533E-12  1.0000E+04
  5.2920E+01  5.2990E+01  1.0000E+00  0.0000E+00  1.9900E+12  2.6533E-12  1.0000E+04
  5.3060E+01  5.3130E+01  1.0000E+00  0.0000E+00  1.9900E+12  2.6533E-12  1.0000E+04
  5.3200E+01  5.3270E+01  1.0000E+00  0.0000E+00  1.9900E+12  2.6533E-12  1.0000E+04
  5.3340E+01  5.3410E+01  1.0000E+00  0.0000E+00  1.9900E+12  2.6533E-12  1.0000E+04
  5.3480E+01  5.3550E+01  1.0000E+00  0.0000E+00  1.9900E+12  2.6533E-12  1.0000E+04
  5.3620E+01  5.3690E+01  1.0000E+00  0.0000E+00  1.9900E+12  2.6533E-12  1.0000E+04
  5.3760E+01  5.3830E+01  1.0000E+00  0.0000E+00  1.9900E+12  2.6533E-12  1.0000E+04
  5.3900E+01  5.3970E+01  1.0000E+00  0.0000E+00  1.9900E+12  2.6533E-12  1.0000E+04
  5.4040E+01  5.4110E+01  1.0000E+00  0.0000E+00  1.9900E+12  2.6533E-12  1.0000E+04
  5.4180E+01  5.4250E+01  1.0000E+00  0.0000E+00  1.9900E+12  2.6533E-12  1.0000E+04
  5.4320E+01  5.4390E+01  1.0000E+00  0.0000E+00  1.9900E+12  2.6533E-12  1.0000E+04
  5.4460E+01  5.4530E+01  1.0000E+00  0.0000E+00  1.9900E+12  2.6533E-12  1.0000E+04
  5.4600E+01  5.4670E+01  1.0000E+00  0.0000E+00  1.9900E+12  2.6533E-12  1.0000E+04
  5.4740E+01  5.4810E+01  1.0000E+00  0.0000E+00  1.9900E+12  2.6533E-12  1.0000E+04
  5.4880E+01  5.4950E+01  1.0000E+00  0.0000E+00  1.9900E+12  2.6533E-12  1.0000E+04
  5.5020E+01  5.5090E+01  1.0000E+00  0.0000E+00  1.9900E+12  2.6533E-12  1.0000E+04
  5.5160E+01  5.5230E+01  1.0000E+00  0.0000E+00  1.9900E+12  2.6533E-12  1.0000E+04
  5.5300E+01  5.5370E+01  1.0000E+00  0.0000E+00  1.9900E+12  2.6533E-12  1.0000E+04
  5.5440E+01  5.5510E+01  1.0000E+00  0.0000E+00  1.9900E+12  2.6533E-12  1.0000E+04
  5.5580E+01  5.5650E+01  1.0000E+00  0.0000E+00  1.9900E+12  2.6533E-12  1.0000E+04
  5.5720E+01  5.5790E+01  1.0000E+00  0.0000E+00  1.9900E+12  2.6533E-12  1.0000E+04
  5.5860E+01  5.5930E+01  1.0000E+00  0.0000E+00  1.9900E+12  2.6533E-12  1.0000E+04
  5.6000E+01  5.6070E+01  1.0000E+00  0.0000E+00  1.9900E+12  2.6533E-12  1.0000E+04
  5.6140E+01  5.6210E+01  1.0000E+00  0.0000E+00  1.9900E+12  2.6533E-12  1.0000E+04
  5.6280E+01  5.6350E+01  1.0000E+00  0.0000E+00  1.9900E+12  2.6533E-12  1.0000E+04
  5.6420E+01  5.6490E+01  1.0000E+00  0.0000E+00  1.9900E+12  2.6533E-12  1.0000E+04
  5.6560E+01  5.6630E+01  1.0000E+00  0.0000E+00  1.9900E+12  2.6533E-12  1.0000E+04
  5.6700E+01  5.6770E+01  1.0000E+00  0.0000E+00  1.9900E+12  2.6533E-12  1.0000E+04
  5.6840E+01  5.6910E+01  1.0000E+00  0.0000E+00  1.9900E+12  2.6533E-12  1.0000E+04
  5.6980E+01  5.7050E+01  1.0000E+00  0.0000E+00  1.9900E+12  2.6533E-12  1.0000E+04
  5.7120E+01  5.7190E+01  1.0000E+00  0.0000E+00  1.9900E+12  2.6533E-12  1.0000E+04
  5.7260E+01  5.7330E+01  1.0000E+00  0.0000E+00  1.9900E+12  2.6533E-12  1.0000E+04
  5.7400E+01  5.7470E+01  1.0000E+00  0.0000E+00  1.9900E+12  2.6533E-12  1.0000E+04
  5.7540E+01  5.7610E+01  1.0000E+00  0.0000E+00  1.9900E+12  2.6533E-12  1.0000E+04
  5.7680E+01  5.7750E+01  1.0000E+00  0.0000E+00  1.9900E+12  2.6533E-12  1.0000E+04
  5.7820E+01  5.7890E+01  1.0000E+00  0.0000E+00  1.9900E+12  2.6533E-12  1.0000E+04
  5.7960E+01  5.8030E+01  1.0000E+00  0.0000E+00  1.9900E+12  2.6533E-12  1.0000E+04
  5.8100E+01  5.8170E+01  1.0000E+00  0.0000E+00  1.9900E+12  2.6533E-12  1.0000E+04
  5.8240E+01  5.8310E+01  1.0000E+00  0.0000E+00  1.9900E+12  2.6533E-12  1.0000E+04
  5.8380E+01  5.8450E+01  1.0000E+00  0.0000E+00  1.9900E+12  2.6533E-12  1.0000E+04
  5.8520E+01  5.8590E+01  1.0000E+00  0.0000E+00  1.9900E+12  2.6533E-12  1.0000E+04
  5.8660E+01  5.8730E+01  1.0000E+00  0.0000E+00  1.9900E+12  2.6533E-12  1.0000E+04
  5.8800E+01  5.8870E+01  1.0000E+00  0.0000E+00  1.9900E+12  2.6533E-12  1.0000E+04
  5.8940E+01  5.9010E+01  1.0000E+00  0.0000E+00  1.9900E+12  2.6533E-12  1.0000E+04
  5.9080E+01  5.9150E+01  1.0000E+00  0.0000E+00  1.9900E+12  2.6533E-12  1.0000E+04
  5.9220E+01  5.9290E+01  1.0000E+00  0.0000E+00  1.9900E+12  2.6533E-12  1.0000E+04
  5.9360E+01  5.9430E+01  1.0000E+00  0.0000E+00  1.9900E+12  2.6533E-12  1.0000E+04
  5.9500E+01  5.9570E+01  1.0000E+00  0.0000E+00  1.9900E+12  2.6533E-12  1.0000E+04
  5.9640E+01  5.9710E+01  1.0000E+00  0.0000E+00  1.9900E+12  2.6533E-12  1.0000E+04
  5.9780E+01  5.9850E+01  1.0000E+00  0.0000E+00  1.9900E+12  2.6533E-12  1.0000E+04
  5.9920E+01  5.9990E+01  1.0000E+00  0.0000E+00  1.9900E+12  2.6533E-12  1.0000E+04
  6.0060E+01  6.0130E+01  1.0000E+00  0.0000E+00  1.9900E+12  2.6533E-12  1.0000E+04
  6.0200E+01  6.0270E+01  1.0000E+00  0.0000E+00  1.9900E+12  2.6533E-12  1.0000E+04
  6.0340E+01  6.0410E+01  1.0000E+00  0.0000E+00  1.9900E+12  2.6533E-12  1.0000E+04
  6.0480E+01  6.0550E+01  1.0000E+00  0.0000E+00  1.9900E+12  2.6533E-12  1.0000E+04
  6.0620E+01  6.0690E+01  1.0000E+00  0.0000E+00  1.9900E+12  2.6533E-12  1.0000E+04
  6.0760E+01  6.0830E+01  1.0000E+00  0.0000E+00  1.9900E+12  2.6533E-12  1.0000E+04
  6.0900E+01  6.0970E+01  1.0000E+00  0.0000E+00  1.9900E+12  2.6533E-12  1.0000E+04
  6.1040E+01  6.1110E+01  1.0000E+00  0.0000E+00  1.9900E+12  2.6533E-12  1.0000E+04
  6.1180E+01  6.1250E+01  1.0000E+00  0.0000E+00  1.9900E+12  2.6533E-12  1.0000E+04
  6.1320E+01  6.1390E+01  1.0000E+00  0.0000E+00  1.9900E+12  2.6533E-12  1.0000E+04
  6.1460E+01  6.1530E+01  1.0000E+00  0.0000E+00  1.9900E+12  2.6533E-12  1.0000E+04
  6.1600E+01  6.1670E+01  1.0000E+00  0.0000E+00  1.9900E+12  2.6533E-12  1.0000E+04
  6.1740E+01  6.1810E+01  1.0000E+00  0.0000E+00  1.9900E+12  2.6533E-12  1.0000E+04
  6.1880E+01  6.1950E+01  1.0000E+00  0.0000E+00  1.9900E+12  2.6533E-12  1.0000E+04
  6.2020E+01  6.2090E+01  1.0000E+00  0.0000E+00  1.9900E+12  2.6533E-12  1.0000E+04
  6.2160E+01  6.2230E+01  1.0000E+00  0.0000E+00  1.9900E+12  2.6533E-12  1.0000E+04
  6.2300E+01  6.2370E+01  1.0000E+00  0.0000E+00  1.9900E+12  2.6533E-12  1.0000E+04
  6.2440E+01  6.2510E+01  1.0000E+00  0.0000E+00  1.9900E+12  2.6533E-12  1.0000E+04
  6.2580E+01  6.2650E+01  1.0000E+00  0.0000E+00  1.9900E+12  2.6533E-12  1.0000E+04
  6.2720E+01  6.2790E+01  1.0000E+00  0.0000E+00  1.9900E+12  2.6533E-12  1.0000E+04
  6.2860E+01  6.2930E+01  1.0000E+00  0.0000E+00  1.9900E+12  2.6533E-12  1.0000E+04
  6.3000E+01  6.3070E+01  1.0000E+00  0.0000E+00  1.9900E+12  2.6533E-12  1.0000E+04
  6.3140E+01  6.3210E+01  1.0000E+00  0.0000E+00  1.9900E+12  2.6533E-12  1.0000E+04
  6.3280E+01  6.3350E+01  1.0000E+00  0.0000E+00  1.9900E+12  2.6533E-12  1.0000E+04
  6.3420E+01  6.3490E+01  1.0000E+00  0.0000E+00  1.9900E+12  2.6533E-12  1.0000E+04
  6.3560E+01  6.3630E+01  1.0000E+00  0.0000E+00  1.9900E+12  2.6533E-12  1.0000E+04
  6.3700E+01  6.3770E+01  1.0000E+00  0.0000E+00  1.9900E+12  2.6533E-12  1.0000E+04
  6.3840E+01  6.3910E+01  1.0000E+00  0.0000E+00  1.9900E+12  2.6533E-12  1.0000E+04
  6.3980E+01  6.4050E+01  1.0000E+00  0.0000E+00  1.9900E+12  2.6533E-12  1.0000E+04
  6.4120E+01  6.4190E+01  1.0000E+00  0.0000E+00  1.9900E+12  2.6533E-12  1.0000E+04
  6.4260E+01  6.4330E+01  1.0000E+00  0.0000E+00  1.9900E+12  2.6533E-12  1.0000E+04
  6.4400E+01  6.4470E+01  1.0000E+00  0.0000E+00  1.9900E+12  2.6533E-12  1.0000E+04
  6.4540E+01  6.4610E+01  1.0000E+00  0.0000E+00  1.9900E+12  2.6533E-12  1.0000E+04
  6.4680E+01  6.4750E+01  1.0000E+00  0.0000E+00  1.9900E+12  2.6533E-12  1.0000E+04
  6.4820E+01  6.4890E+01  1.0000E+00  0.0000E+00  1.9900E+12  2.6533E-12  1.0000E+04
  6.4960E+01  6.5030E+01  1.0000E+00  0.0000E+00  1.9900E+12  2.6533E-12  1.0000E+04
  6.5100E+01  6.5170E+01  1.0000E+00  0.0000E+00  1.9900E+12  2.6533E-12  1.0000E+04
  6.5240E+01  6.5310E+01  1.0000E+00  0.0000E+00  1.9900E+12  2.6533E-12  1.0000E+04
  6.5380E+01  6.5450E+01  1.0000E+00  0.0000E+00  1.9900E+12  2.6533E-12  1.0000E+04
  6.5520E+01  6.5590E+01  1.0000E+00  0.0000E+00  1.9900E+12  2.6533E-12  1.0000E+04
  6.5660E+01  6.5730E+01  1.0000E+00  0.0000E+00  1.9900E+12  2.6533E-12  1.0000E+04
  6.5800E+01  6.5870E+01  1.0000E+00  0.0000E+00  1.9900E+12  2.6533E-12  1.0000E+04
  6.5940E+01  6.6010E+01  1.0000E+00  0.0000E+00  1.9900E+12  2.6533E-12  1.0000E+04
  6.6080E+01  6.6150E+01  1.0000E+00  0.0000E+00  1.9900E+12  2.6533E-12  1.0000E+04
  6.6220E+01  6.6290E+01  1.0000E+00  0.0000E+00  1.9900E+12  2.6533E-12  1.0000E+04
  6.6360E+01  6.6430E+01  1.0000E+00  0.0000E+00  1.9900E+12  2.6533E-12  1.0000E+04
  6.6500E+01  6.6570E+01  1.0000E+00  0.0000E+00  1.9900E+12  2.6533E-12  1.0000E+04
  6.6640E+01  6.6710E+01  1.0000E+00  0.0000E+00  1.9900E+12  2.6533E-12  1.0000E+04
  6.6780E+01  6.6850E+01  1.0000E+00  0.0000E+00  1.9900E+12  2.6533E-12  1.0000E+04
  6.6920E+01  6.6990E+01  1.0000E+00  0.0000E+00  1.9900E+12  2.6533E-12  1.0000E+04
  6.7060E+01  6.7130E+01  1.0000E+00  0.0000E+00  1.9900E+12  2.6533E-12  1.0000E+04
  6.7200E+01  6.7270E+01  1.0000E+00  0.0000E+00  1.9900E+12  2.6533E-12  1.0000E+04
  6.7340E+01  6.7410E+01  1.0000E+00  0.0000E+00  1.9900E+12  2.6533E-12  1.0000E+04
  6.7480E+01  6.7550E+01  1.0000E+00  0.0000E+00  1.9900E+12  2.6533E-12  1.0000E+04
  6.7620E+01  6.7690E+01  1.0000E+00  0.0000E+00  1.9900E+12  2.6533E-12  1.0000E+04
  6.7760E+01  6.7830E+01  1.0000E+00  0.0000E+00  1.9900E+12  2.6533E-12  1.0000E+04
  6.7900E+01  6.7970E+01  1.0000E+00  0.0000E+00  1.9900E+12  2.6533E-12  1.0000E+04
  6.8040E+01  6.8110E+01  1.0000E+00  0.0000E+00  1.9900E+12  2.6533E-12  1.0000E+04
  6.8180E+01  6.8250E+01  1.0000E+00  0.0000E+00  1.9900E+12  2.6533E-12  1.0000E+04
  6.8320E+01  6.8390E+01  1.0000E+00  0.0000E+00  1.9900E+12  2.6533E-12  1.0000E+04
  6.8460E+01  6.8530E+01  1.0000E+00  0.0000E+00  1.9900E+12  2.6533E-12  1.0000E+04
  6.8600E+01  6.8670E+01  1.0000E+00  0.0000E+00  1.9900E+12  2.6533E-12  1.0000E+04
  6.8740E+01  6.8810E+01  1.0000E+00  0.0000E+00  1.9900E+12  2.6533E-12  1.0000E+04
  6.8880E+01  6.8950E+01  1.0000E+00  0.0000E+00  1.9900E+12  2.6533E-12  1.0000E+04
  6.9020E+01  6.9090E+01  1.0000E+00  0.0000E+00  1.9900E+12  2.6533E-12  1.0000E+04
  6.9160E+01  6.9230E+01  1.0000E+00  0.0000E+00  1.9900E+12  2.6533E-12  1.0000E+04
  6.9300E+01  6.9370E+01  1.0000E+00  0.0000E+00  1.9900E+12  2.6533E-12  1.0000E+04
  6.9440E+01  6.9510E+01  1.0000E+00  0.0000E+00  1.9900E+12  2.6533E-12  1.0000E+04
  6.9580E+01  6.9650E+01  1.0000E+00  0.0000E+00  1.9900E+12  2.6533E-12  1.0000E+04
  6.9720E+01  6.9790E+01  1.0000E+00  0.0000E+00  1.9900E+12  2.6533E-12  1.0000E+04
  6.9860E+01  6.9930E+01  1.0000E+00  0.0000E+00  1.9900E+12  2.6533E-12  1.0000E+04
