 -1.4000E-01 -7.0000E-02  2.8677E-29 -1.9114E+05  4.5970E+18  8.7896E-11  2.3100E+10
  0.0000E+00  7.0000E-02  2.8677E-29  0.0000E+00  4.5970E+18  8.7896E-11  2.3100E+10
  1.4000E-01  2.1000E-01  7.7616E-29  1.9114E+05  1.6984E+18  8.7890E-11  8.5349E+09
  2.8000E-01  3.5000E-01  1.2082E-28  1.5781E+05  1.0911E+18  8.7882E-11  5.4827E+09
  4.2000E-01  4.9000E-01  1.5895E-28  8.6492E+04  8.2933E+17  8.7886E-11  4.1676E+09
  5.6000E-01  6.3000E-01  1.9641E-28  1.7437E+05  6.7119E+17  8.7887E-11  3.3728E+09
  7.0000E-01  7.7000E-01  2.3486E-28  2.0632E+05  5.6129E+17  8.7885E-11  2.8206E+09
  8.4000E-01  9.1000E-01  2.7506E-28  2.4560E+05  4.7925E+17  8.7886E-11  2.4083E+09
  9.8000E-01  1.0500E+00  3.1742E-28  2.8789E+05  4.1529E+17  8.7886E-11  2.0869E+09
  1.1200E+00  1.1900E+00  3.6221E-28  3.2811E+05  3.6394E+17  8.7886E-11  1.8289E+09
  1.2600E+00  1.3300E+00  4.0963E-28  3.6919E+05  3.2181E+17  8.7886E-11  1.6172E+09
  1.4000E+00  1.4700E+00  4.5985E-28  4.1005E+05  2.8667E+17  8.7886E-11  1.4405E+09
  1.5400E+00  1.6100E+00  5.1305E-28  4.5100E+05  2.5694E+17  8.7886E-11  1.2912E+09
  1.6800E+00  1.7500E+00  5.6939E-28  4.9194E+05  2.3152E+17  8.7886E-11  1.1634E+09
  1.8200E+00  1.8900E+00  6.2903E-28  5.3289E+05  2.0956E+17  8.7886E-11  1.0531E+09
  1.9600E+00  2.0300E+00  6.9217E-28  5.7385E+05  1.9045E+17  8.7886E-11  9.5704E+08
  2.1000E+00  2.1700E+00  7.5897E-28  6.1481E+05  1.7369E+17  8.7886E-11  8.7281E+08
  2.2400E+00  2.3100E+00  8.2962E-28  6.5577E+05  1.5890E+17  8.7886E-11  7.9848E+08
  2.3800E+00  2.4500E+00  9.0433E-28  6.9674E+05  1.4577E+17  8.7887E-11  7.3251E+08
  2.5200E+00  2.5900E+00  9.8330E-28  7.3771E+05  1.3406E+17  8.7887E-11  6.7369E+08
  2.6600E+00  2.7300E+00  1.0667E-27  7.7868E+05  1.2358E+17  8.7887E-11  6.2099E+08
  2.8000E+00  2.8700E+00  1.1549E-27  8.1965E+05  1.1414E+17  8.7887E-11  5.7359E+08
  2.9400E+00  3.0100E+00  1.2480E-27  8.6062E+05  1.0563E+17  8.7887E-11  5.3080E+08
  3.0800E+00  3.1500E+00  1.3463E-27  9.0160E+05  9.7916E+16  8.7887E-11  4.9204E+08
  3.2200E+00  3.2900E+00  1.4501E-27  9.4257E+05  9.0910E+16  8.7887E-11  4.5683E+08
  3.3600E+00  3.4300E+00  1.5596E-27  9.8355E+05  8.4527E+16  8.7888E-11  4.2476E+08
  3.5000E+00  3.5700E+00  1.6751E-27  1.0245E+06  7.8698E+16  8.7888E-11  3.9547E+08
  3.6400E+00  3.7100E+00  1.7969E-27  1.0655E+06  7.3362E+16  8.7888E-11  3.6866E+08
  3.7800E+00  3.8500E+00  1.9254E-27  1.1065E+06  6.8467E+16  8.7888E-11  3.4406E+08
  3.9200E+00  3.9900E+00  2.0608E-27  1.1475E+06  6.3967E+16  8.7889E-11  3.2144E+08
  4.0600E+00  4.1300E+00  2.2036E-27  1.1884E+06  5.9823E+16  8.7889E-11  3.0062E+08
  4.2000E+00  4.2700E+00  2.3540E-27  1.2294E+06  5.6001E+16  8.7889E-11  2.8141E+08
  4.3400E+00  4.4100E+00  2.5125E-27  1.2704E+06  5.2468E+16  8.7890E-11  2.6366E+08
  4.4800E+00  4.5500E+00  2.6795E-27  1.3114E+06  4.9200E+16  8.7890E-11  2.4724E+08
  4.6200E+00  4.6900E+00  2.8552E-27  1.3524E+06  4.6171E+16  8.7891E-11  2.3202E+08
  4.7600E+00  4.8300E+00  3.0403E-27  1.3933E+06  4.3361E+16  8.7891E-11  2.1789E+08
  4.9000E+00  4.9700E+00  3.2351E-27  1.4343E+06  4.0751E+16  8.7892E-11  2.0478E+08
  5.0400E+00  5.1100E+00  3.4401E-27  1.4753E+06  3.8323E+16  8.7893E-11  1.9258E+08
  5.1800E+00  5.2500E+00  3.6557E-27  1.5163E+06  3.6063E+16  8.7893E-11  1.8122E+08
  5.3200E+00  5.3900E+00  3.8825E-27  1.5573E+06  3.3956E+16  8.7894E-11  1.7063E+08
  5.4600E+00  5.5300E+00  4.1210E-27  1.5983E+06  3.1991E+16  8.7895E-11  1.6076E+08
  5.6000E+00  5.6700E+00  4.3717E-27  1.6392E+06  3.0157E+16  8.7896E-11  1.5154E+08
  5.7400E+00  5.8100E+00  4.6353E-27  1.6802E+06  2.8443E+16  8.7897E-11  1.4293E+08
  5.8800E+00  5.9500E+00  4.9122E-27  1.7212E+06  2.6840E+16  8.7898E-11  1.3487E+08
  6.0200E+00  6.0900E+00  5.2031E-27  1.7622E+06  2.5339E+16  8.7899E-11  1.2733E+08
  6.1600E+00  6.2300E+00  5.5087E-27  1.8032E+06  2.3934E+16  8.7901E-11  1.2027E+08
  6.3000E+00  6.3700E+00  5.8295E-27  1.8442E+06  2.2617E+16  8.7902E-11  1.1365E+08
  6.4400E+00  6.5100E+00  6.1663E-27  1.8852E+06  2.1382E+16  8.7903E-11  1.0745E+08
  6.5800E+00  6.6500E+00  6.5197E-27  1.9262E+06  2.0224E+16  8.7905E-11  1.0163E+08
  6.7200E+00  6.7900E+00  6.8906E-27  1.9672E+06  1.9135E+16  8.7907E-11  9.6157E+07
  6.8600E+00  6.9300E+00  7.2796E-27  2.0082E+06  1.8113E+16  8.7909E-11  9.1021E+07
  7.0000E+00  7.0700E+00  7.6876E-27  2.0492E+06  1.7152E+16  8.7911E-11  8.6192E+07
  7.1400E+00  7.2100E+00  8.1153E-27  2.0902E+06  1.6249E+16  8.7913E-11  8.1651E+07
  7.2800E+00  7.3500E+00  8.5637E-27  2.1312E+06  1.5398E+16  8.7915E-11  7.7379E+07
  7.4200E+00  7.4900E+00  9.0335E-27  2.1722E+06  1.4598E+16  8.7918E-11  7.3356E+07
  7.5600E+00  7.6300E+00  9.5258E-27  2.2132E+06  1.3844E+16  8.7921E-11  6.9568E+07
  7.7000E+00  7.7700E+00  1.0041E-26  2.2542E+06  1.3134E+16  8.7924E-11  6.5998E+07
  7.8400E+00  7.9100E+00  1.0581E-26  2.2952E+06  1.2464E+16  8.7927E-11  6.2633E+07
  7.9800E+00  8.0500E+00  1.1146E-26  2.3362E+06  1.1833E+16  8.7930E-11  5.9459E+07
  8.1200E+00  8.1900E+00  1.1738E-26  2.3772E+06  1.1237E+16  8.7934E-11  5.6465E+07
  8.2600E+00  8.3300E+00  1.2357E-26  2.4183E+06  1.0674E+16  8.7938E-11  5.3639E+07
  8.4000E+00  8.4700E+00  1.3004E-26  2.4593E+06  1.0143E+16  8.7942E-11  5.0971E+07
  8.5400E+00  8.6100E+00  1.3681E-26  2.5003E+06  9.6418E+15  8.7947E-11  4.8451E+07
  8.6800E+00  8.7500E+00  1.4390E-26  2.5413E+06  9.1679E+15  8.7951E-11  4.6069E+07
  8.8200E+00  8.8900E+00  1.5130E-26  2.5824E+06  8.7199E+15  8.7957E-11  4.3818E+07
  8.9600E+00  9.0300E+00  1.5903E-26  2.6234E+06  8.2963E+15  8.7962E-11  4.1689E+07
  9.1000E+00  9.1700E+00  1.6711E-26  2.6645E+06  7.8956E+15  8.7968E-11  3.9676E+07
  9.2400E+00  9.3100E+00  1.7556E-26  2.7055E+06  7.5164E+15  8.7974E-11  3.7771E+07
  9.3800E+00  9.4500E+00  1.8437E-26  2.7466E+06  7.1576E+15  8.7981E-11  3.5967E+07
  9.5200E+00  9.5900E+00  1.9358E-26  2.7877E+06  6.8178E+15  8.7988E-11  3.4260E+07
  9.6600E+00  9.7300E+00  2.0318E-26  2.8287E+06  6.4959E+15  8.7995E-11  3.2642E+07
  9.8000E+00  9.8700E+00  2.1321E-26  2.8698E+06  6.1910E+15  8.8003E-11  3.1110E+07
  9.9400E+00  1.0010E+01  2.2367E-26  2.9109E+06  5.9020E+15  8.8012E-11  2.9658E+07
  1.0080E+01  1.0150E+01  2.3459E-26  2.9520E+06  5.6280E+15  8.8021E-11  2.8281E+07
  1.0220E+01  1.0290E+01  2.4597E-26  2.9931E+06  5.3682E+15  8.8031E-11  2.6976E+07
  1.0360E+01  1.0430E+01  2.5783E-26  3.0342E+06  5.1217E+15  8.8041E-11  2.5737E+07
  1.0500E+01  1.0570E+01  2.7020E-26  3.0753E+06  4.8879E+15  8.8052E-11  2.4562E+07
  1.0640E+01  1.0710E+01  2.8309E-26  3.1164E+06  4.6659E+15  8.8063E-11  2.3447E+07
  1.0780E+01  1.0850E+01  2.9652E-26  3.1576E+06  4.4552E+15  8.8075E-11  2.2388E+07
  1.0920E+01  1.0990E+01  3.1051E-26  3.1987E+06  4.2551E+15  8.8088E-11  2.1382E+07
  1.1060E+01  1.1130E+01  3.2508E-26  3.2399E+06  4.0650E+15  8.8102E-11  2.0427E+07
  1.1200E+01  1.1270E+01  3.4025E-26  3.2811E+06  3.8844E+15  8.8117E-11  1.9519E+07
  1.1340E+01  1.1410E+01  3.5605E-26  3.3223E+06  3.7128E+15  8.8132E-11  1.8657E+07
  1.1480E+01  1.1550E+01  3.7249E-26  3.3635E+06  3.5496E+15  8.8149E-11  1.7837E+07
  1.1620E+01  1.1690E+01  3.8959E-26  3.4047E+06  3.3944E+15  8.8166E-11  1.7057E+07
  1.1760E+01  1.1830E+01  4.0739E-26  3.4459E+06  3.2468E+15  8.8185E-11  1.6315E+07
  1.1900E+01  1.1970E+01  4.2590E-26  3.4872E+06  3.1064E+15  8.8204E-11  1.5610E+07
  1.2040E+01  1.2110E+01  4.4515E-26  3.5285E+06  2.9727E+15  8.8225E-11  1.4938E+07
  1.2180E+01  1.2250E+01  4.6516E-26  3.5698E+06  2.8455E+15  8.8246E-11  1.4299E+07
  1.2320E+01  1.2390E+01  4.8597E-26  3.6111E+06  2.7244E+15  8.8269E-11  1.3690E+07
  1.2460E+01  1.2530E+01  5.0759E-26  3.6524E+06  2.6091E+15  8.8294E-11  1.3111E+07
  1.2600E+01  1.2670E+01  5.3006E-26  3.6938E+06  2.4992E+15  8.8319E-11  1.2559E+07
  1.2740E+01  1.2810E+01  5.5340E-26  3.7351E+06  2.3945E+15  8.8346E-11  1.2033E+07
  1.2880E+01  1.2950E+01  5.7765E-26  3.7765E+06  2.2948E+15  8.8375E-11  1.1531E+07
  1.3020E+01  1.3090E+01  6.0283E-26  3.8180E+06  2.1997E+15  8.8405E-11  1.1053E+07
  1.3160E+01  1.3230E+01  6.2897E-26  3.8594E+06  2.1090E+15  8.8437E-11  1.0598E+07
  1.3300E+01  1.3370E+01  6.5612E-26  3.9009E+06  2.0225E+15  8.8471E-11  1.0163E+07
  1.3440E+01  1.3510E+01  6.8429E-26  3.9425E+06  1.9400E+15  8.8506E-11  9.7486E+06
  1.3580E+01  1.3650E+01  7.1353E-26  3.9840E+06  1.8613E+15  8.8543E-11  9.3531E+06
  1.3720E+01  1.3790E+01  7.4387E-26  4.0256E+06  1.7862E+15  8.8583E-11  8.9756E+06
  1.3860E+01  1.3930E+01  7.7534E-26  4.0672E+06  1.7145E+15  8.8624E-11  8.6153E+06
  1.4000E+01  1.4070E+01  8.0799E-26  4.1089E+06  1.6460E+15  8.8668E-11  8.2712E+06
  1.4140E+01  1.4210E+01  8.4185E-26  4.1506E+06  1.5806E+15  8.8713E-11  7.9427E+06
  1.4280E+01  1.4350E+01  8.7695E-26  4.1923E+06  1.5182E+15  8.8762E-11  7.6288E+06
  1.4420E+01  1.4490E+01  9.1335E-26  4.2341E+06  1.4585E+15  8.8812E-11  7.3290E+06
  1.4560E+01  1.4630E+01  9.5109E-26  4.2760E+06  1.4015E+15  8.8866E-11  7.0425E+06
  1.4700E+01  1.4770E+01  9.9020E-26  4.3179E+06  1.3470E+15  8.8922E-11  6.7686E+06
  1.4840E+01  1.4910E+01  1.0307E-25  4.3598E+06  1.2949E+15  8.8981E-11  6.5067E+06
  1.4980E+01  1.5050E+01  1.0727E-25  4.4018E+06  1.2450E+15  8.9043E-11  6.2563E+06
  1.5120E+01  1.5190E+01  1.1162E-25  4.4439E+06  1.1974E+15  8.9108E-11  6.0169E+06
  1.5260E+01  1.5330E+01  1.1613E-25  4.4860E+06  1.1518E+15  8.9177E-11  5.7878E+06
  1.5400E+01  1.5470E+01  1.2080E-25  4.5282E+06  1.1082E+15  8.9249E-11  5.5686E+06
  1.5540E+01  1.5610E+01  1.2564E-25  4.5704E+06  1.0664E+15  8.9324E-11  5.3588E+06
  1.5680E+01  1.5750E+01  1.3064E-25  4.6128E+06  1.0264E+15  8.9404E-11  5.1579E+06
  1.5820E+01  1.5890E+01  1.3583E-25  4.6551E+06  9.8818E+14  8.9487E-11  4.9657E+06
  1.5960E+01  1.6030E+01  1.4120E-25  4.6976E+06  9.5154E+14  8.9574E-11  4.7815E+06
  1.6100E+01  1.6170E+01  1.4675E-25  4.7402E+06  9.1644E+14  8.9666E-11  4.6052E+06
  1.6240E+01  1.6310E+01  1.5251E-25  4.7828E+06  8.8282E+14  8.9762E-11  4.4362E+06
  1.6380E+01  1.6450E+01  1.5846E-25  4.8255E+06  8.5060E+14  8.9863E-11  4.2743E+06
  1.6520E+01  1.6590E+01  1.6462E-25  4.8684E+06  8.1972E+14  8.9968E-11  4.1191E+06
  1.6660E+01  1.6730E+01  1.7100E-25  4.9113E+06  7.9012E+14  9.0079E-11  3.9704E+06
  1.6800E+01  1.6870E+01  1.7760E-25  4.9543E+06  7.6174E+14  9.0195E-11  3.8277E+06
  1.6940E+01  1.7010E+01  1.8443E-25  4.9974E+06  7.3452E+14  9.0317E-11  3.6910E+06
  1.7080E+01  1.7150E+01  1.9150E-25  5.0407E+06  7.0841E+14  9.0444E-11  3.5598E+06
  1.7220E+01  1.7290E+01  1.9881E-25  5.0840E+06  6.8337E+14  9.0578E-11  3.4340E+06
  1.7360E+01  1.7430E+01  2.0637E-25  5.1275E+06  6.5934E+14  9.0718E-11  3.3132E+06
  1.7500E+01  1.7570E+01  2.1420E-25  5.1711E+06  6.3628E+14  9.0864E-11  3.1973E+06
  1.7640E+01  1.7710E+01  2.2229E-25  5.2149E+06  6.1414E+14  9.1017E-11  3.0861E+06
  1.7780E+01  1.7850E+01  2.3067E-25  5.2588E+06  5.9289E+14  9.1178E-11  2.9793E+06
  1.7920E+01  1.7990E+01  2.3933E-25  5.3028E+06  5.7248E+14  9.1346E-11  2.8767E+06
  1.8060E+01  1.8130E+01  2.4829E-25  5.3470E+06  5.5289E+14  9.1522E-11  2.7783E+06
  1.8200E+01  1.8270E+01  2.5756E-25  5.3913E+06  5.3406E+14  9.1706E-11  2.6837E+06
  1.8340E+01  1.8410E+01  2.6715E-25  5.4359E+06  5.1597E+14  9.1899E-11  2.5928E+06
  1.8480E+01  1.8550E+01  2.7707E-25  5.4806E+06  4.9859E+14  9.2100E-11  2.5054E+06
  1.8620E+01  1.8690E+01  2.8733E-25  5.5254E+06  4.8188E+14  9.2311E-11  2.4215E+06
  1.8760E+01  1.8830E+01  2.9795E-25  5.5705E+06  4.6583E+14  9.2532E-11  2.3408E+06
  1.8900E+01  1.8970E+01  3.0893E-25  5.6158E+06  4.5039E+14  9.2762E-11  2.2632E+06
  1.9040E+01  1.9110E+01  3.2029E-25  5.6612E+06  4.3554E+14  9.3004E-11  2.1886E+06
  1.9180E+01  1.9250E+01  3.3204E-25  5.7069E+06  4.2126E+14  9.3256E-11  2.1168E+06
  1.9320E+01  1.9390E+01  3.4420E-25  5.7528E+06  4.0753E+14  9.3520E-11  2.0478E+06
  1.9460E+01  1.9530E+01  3.5679E-25  5.7990E+06  3.9431E+14  9.3796E-11  1.9814E+06
  1.9600E+01  1.9670E+01  3.6981E-25  5.8454E+06  3.8160E+14  9.4085E-11  1.9175E+06
  1.9740E+01  1.9810E+01  3.8329E-25  5.8920E+06  3.6936E+14  9.4386E-11  1.8560E+06
  1.9880E+01  1.9950E+01  3.9724E-25  5.9389E+06  3.5758E+14  9.4702E-11  1.7968E+06
  2.0020E+01  2.0090E+01  4.1168E-25  5.9861E+06  3.4624E+14  9.5032E-11  1.7399E+06
  2.0160E+01  2.0230E+01  4.2663E-25  6.0336E+06  3.3532E+14  9.5376E-11  1.6850E+06
  2.0300E+01  2.0370E+01  4.4210E-25  6.0814E+06  3.2481E+14  9.5737E-11  1.6322E+06
  2.0440E+01  2.0510E+01  4.5813E-25  6.1294E+06  3.1468E+14  9.6114E-11  1.5813E+06
  2.0580E+01  2.0650E+01  4.7473E-25  6.1779E+06  3.0492E+14  9.6508E-11  1.5322E+06
  2.0720E+01  2.0790E+01  4.9192E-25  6.2266E+06  2.9552E+14  9.6920E-11  1.4850E+06
  2.0860E+01  2.0930E+01  5.0973E-25  6.2757E+06  2.8646E+14  9.7350E-11  1.4395E+06
  2.1000E+01  2.1070E+01  5.2818E-25  6.3252E+06  2.7773E+14  9.7801E-11  1.3956E+06
  2.1140E+01  2.1210E+01  5.4731E-25  6.3750E+06  2.6932E+14  9.8272E-11  1.3533E+06
  2.1280E+01  2.1350E+01  5.6713E-25  6.4252E+06  2.6120E+14  9.8764E-11  1.3125E+06
  2.1420E+01  2.1490E+01  5.8769E-25  6.4759E+06  2.5338E+14  9.9279E-11  1.2732E+06
  2.1560E+01  2.1630E+01  6.0900E-25  6.5269E+06  2.4584E+14  9.9817E-11  1.2353E+06
  2.1700E+01  2.1770E+01  6.3111E-25  6.5784E+06  2.3856E+14  1.0038E-10  1.1988E+06
  2.1840E+01  2.1910E+01  6.5405E-25  6.6304E+06  2.3155E+14  1.0097E-10  1.1635E+06
  2.1980E+01  2.2050E+01  6.7786E-25  6.6828E+06  2.2478E+14  1.0158E-10  1.1295E+06
  2.2120E+01  2.2190E+01  7.0257E-25  6.7357E+06  2.1825E+14  1.0223E-10  1.0967E+06
  2.2260E+01  2.2330E+01  7.2823E-25  6.7891E+06  2.1194E+14  1.0290E-10  1.0650E+06
  2.2400E+01  2.2470E+01  7.5489E-25  6.8431E+06  2.0586E+14  1.0361E-10  1.0345E+06
  2.2540E+01  2.2610E+01  7.8258E-25  6.8976E+06  1.9999E+14  1.0435E-10  1.0049E+06
  2.2680E+01  2.2750E+01  8.1137E-25  6.9527E+06  1.9432E+14  1.0512E-10  9.7647E+05
  2.2820E+01  2.2890E+01  8.4130E-25  7.0083E+06  1.8885E+14  1.0593E-10  9.4897E+05
  2.2960E+01  2.3030E+01  8.7243E-25  7.0646E+06  1.8357E+14  1.0677E-10  9.2242E+05
  2.3100E+01  2.3170E+01  9.0481E-25  7.1214E+06  1.7846E+14  1.0766E-10  8.9679E+05
  2.3240E+01  2.3310E+01  9.3853E-25  7.1789E+06  1.7354E+14  1.0859E-10  8.7202E+05
  2.3380E+01  2.3450E+01  9.7363E-25  7.2371E+06  1.6878E+14  1.0956E-10  8.4811E+05
  2.3520E+01  2.3590E+01  1.0102E-24  7.2960E+06  1.6418E+14  1.1058E-10  8.2500E+05
  2.3660E+01  2.3730E+01  1.0483E-24  7.3556E+06  1.5974E+14  1.1164E-10  8.0268E+05
  2.3800E+01  2.3870E+01  1.0880E-24  7.4159E+06  1.5545E+14  1.1276E-10  7.8111E+05
  2.3940E+01  2.4010E+01  1.1295E-24  7.4770E+06  1.5130E+14  1.1394E-10  7.6027E+05
  2.4080E+01  2.4150E+01  1.1728E-24  7.5389E+06  1.4729E+14  1.1516E-10  7.4013E+05
  2.4220E+01  2.4290E+01  1.2179E-24  7.6015E+06  1.4342E+14  1.1645E-10  7.2067E+05
  2.4360E+01  2.4430E+01  1.2651E-24  7.6650E+06  1.3967E+14  1.1781E-10  7.0185E+05
  2.4500E+01  2.4570E+01  1.3144E-24  7.7294E+06  1.3605E+14  1.1923E-10  6.8366E+05
  2.4640E+01  2.4710E+01  1.3660E-24  7.7946E+06  1.3255E+14  1.2072E-10  6.6607E+05
  2.4780E+01  2.4850E+01  1.4199E-24  7.8607E+06  1.2917E+14  1.2228E-10  6.4907E+05
  2.4920E+01  2.4990E+01  1.4764E-24  7.9278E+06  1.2590E+14  1.2393E-10  6.3263E+05
  2.5060E+01  2.5130E+01  1.5356E-24  7.9958E+06  1.2273E+14  1.2566E-10  6.1673E+05
  2.5200E+01  2.5270E+01  1.5976E-24  8.0647E+06  1.1967E+14  1.2747E-10  6.0135E+05
  2.5340E+01  2.5410E+01  1.6627E-24  8.1347E+06  1.1671E+14  1.2938E-10  5.8648E+05
  2.5480E+01  2.5550E+01  1.7309E-24  8.2057E+06  1.1385E+14  1.3139E-10  5.7209E+05
  2.5620E+01  2.5690E+01  1.8026E-24  8.2777E+06  1.1108E+14  1.3350E-10  5.5818E+05
  2.5760E+01  2.5830E+01  1.8779E-24  8.3508E+06  1.0840E+14  1.3572E-10  5.4472E+05
  2.5900E+01  2.5970E+01  1.9571E-24  8.4250E+06  1.0581E+14  1.3807E-10  5.3169E+05
  2.6040E+01  2.6110E+01  2.0404E-24  8.5003E+06  1.0330E+14  1.4053E-10  5.1909E+05
  2.6180E+01  2.6250E+01  2.1281E-24  8.5767E+06  1.0087E+14  1.4313E-10  5.0690E+05
  2.6320E+01  2.6390E+01  2.2206E-24  8.6543E+06  9.8526E+13  1.4587E-10  4.9510E+05
  2.6460E+01  2.6530E+01  2.3180E-24  8.7330E+06  9.6253E+13  1.4876E-10  4.8368E+05
  2.6600E+01  2.6670E+01  2.4208E-24  8.8130E+06  9.4054E+13  1.5181E-10  4.7262E+05
  2.6740E+01  2.6810E+01  2.5294E-24  8.8941E+06  9.1925E+13  1.5502E-10  4.6193E+05
  2.6880E+01  2.6950E+01  2.6441E-24  8.9764E+06  8.9864E+13  1.5842E-10  4.5157E+05
  2.7020E+01  2.7090E+01  2.7653E-24  9.0600E+06  8.7870E+13  1.6201E-10  4.4155E+05
  2.7160E+01  2.7230E+01  2.8937E-24  9.1448E+06  8.5939E+13  1.6580E-10  4.3184E+05
  2.7300E+01  2.7370E+01  3.0296E-24  9.2309E+06  8.4069E+13  1.6982E-10  4.2245E+05
  2.7440E+01  2.7510E+01  3.1736E-24  9.3182E+06  8.2259E+13  1.7406E-10  4.1336E+05
  2.7580E+01  2.7650E+01  3.3264E-24  9.4068E+06  8.0506E+13  1.7855E-10  4.0455E+05
  2.7720E+01  2.7790E+01  3.4885E-24  9.4966E+06  7.8809E+13  1.8331E-10  3.9602E+05
  2.7860E+01  2.7930E+01  3.6608E-24  9.5877E+06  7.7166E+13  1.8835E-10  3.8776E+05
  2.8000E+01  2.8070E+01  3.8439E-24  9.6801E+06  7.5574E+13  1.9369E-10  3.7976E+05
  2.8140E+01  2.8210E+01  4.0387E-24  9.7738E+06  7.4033E+13  1.9936E-10  3.7202E+05
  2.8280E+01  2.8350E+01  4.2461E-24  9.8687E+06  7.2540E+13  2.0537E-10  3.6452E+05
  2.8420E+01  2.8490E+01  4.4672E-24  9.9649E+06  7.1094E+13  2.1175E-10  3.5725E+05
  2.8560E+01  2.8630E+01  4.7029E-24  1.0062E+07  6.9693E+13  2.1854E-10  3.5021E+05
  2.8700E+01  2.8770E+01  4.9545E-24  1.0161E+07  6.8336E+13  2.2575E-10  3.4339E+05
  2.8840E+01  2.8910E+01  5.2232E-24  1.0261E+07  6.7021E+13  2.3341E-10  3.3678E+05
  2.8980E+01  2.9050E+01  5.5105E-24  1.0362E+07  6.5747E+13  2.4157E-10  3.3038E+05
  2.9120E+01  2.9190E+01  5.8174E-24  1.0464E+07  6.4510E+13  2.5022E-10  3.2416E+05
  2.9260E+01  2.9330E+01  6.1437E-24  1.0566E+07  6.3296E+13  2.5929E-10  3.1806E+05
  2.9400E+01  2.9470E+01  6.4813E-24  1.0662E+07  6.2043E+13  2.6812E-10  3.1177E+05
  2.9540E+01  2.9610E+01  6.7916E-24  1.0728E+07  6.0525E+13  2.7406E-10  3.0413E+05
  2.9680E+01  2.9750E+01  6.9658E-24  1.0689E+07  5.8178E+13  2.7014E-10  2.9232E+05
  2.9820E+01  2.9890E+01  6.8086E-24  1.0412E+07  5.4035E+13  2.4516E-10  2.7146E+05
  2.9960E+01  3.0030E+01  6.1186E-24  9.7217E+06  4.6823E+13  1.9078E-10  2.3515E+05
  3.0100E+01  3.0170E+01  4.9030E-24  8.4395E+06  3.5330E+13  1.1524E-10  1.7733E+05
  3.0240E+01  3.0310E+01  3.5430E-24  6.4505E+06  2.0029E+13  4.7142E-11  1.0040E+05
  3.0380E+01  3.0450E+01  2.5507E-24  3.8665E+06  6.7673E+12  1.1449E-11  3.3862E+04
  3.0520E+01  3.0590E+01  2.0973E-24  1.3514E+06  2.2496E+12  3.1398E-12  1.1288E+04
  3.0660E+01  3.0730E+01  2.0038E-24  1.1493E+05  1.9927E+12  2.6619E-12  1.0014E+04
  3.0800E+01  3.0870E+01  2.0000E-24  4.5934E+02  1.9900E+12  2.6534E-12  1.0000E+04
  3.0940E+01  3.1010E+01  2.0000E-24  7.4996E-02  1.9900E+12  2.6533E-12  1.0000E+04
  3.1080E+01  3.1150E+01  2.0000E-24  1.0165E-05  1.9900E+12  2.6533E-12  1.0000E+04
  3.1220E+01  3.1290E+01  2.0000E-24  1.1568E-09  1.9900E+12  2.6533E-12  1.0000E+04
  3.1360E+01  3.1430E+01  2.0000E-24  1.5484E-26  1.9900E+12  2.6533E-12  1.0000E+04
  3.1500E+01  3.1570E+01  2.0000E-24  1.2261E-60  1.9900E+12  2.6533E-12  1.0000E+04
  3.1640E+01  3.1710E+01  2.0000E-24  3.5567-129  1.9900E+12  2.6533E-12  1.0000E+04
  3.1780E+01  3.1850E+01  2.0000E-24  1.3218-266  1.9900E+12  2.6533E-12  1.0000E+04
  3.1920E+01  3.1990E+01  2.0000E-24  0.0000E+00  1.9900E+12  2.6533E-12  1.0000E+04
  3.2060E+01  3.2130E+01  2.0000E-24  0.0000E+00  1.9900E+12  2.6533E-12  1.0000E+04
  3.2200E+01  3.2270E+01  2.0000E-24  0.0000E+00  1.9900E+12  2.6533E-12  1.0000E+04
  3.2340E+01  3.2410E+01  2.0000E-24  0.0000E+00  1.9900E+12  2.6533E-12  1.0000E+04
  3.2480E+01  3.2550E+01  2.0000E-24  0.0000E+00  1.9900E+12  2.6533E-12  1.0000E+04
  3.2620E+01  3.2690E+01  2.0000E-24  0.0000E+00  1.9900E+12  2.6533E-12  1.0000E+04
  3.2760E+01  3.2830E+01  2.0000E-24  0.0000E+00  1.9900E+12  2.6533E-12  1.0000E+04
  3.2900E+01  3.2970E+01  2.0000E-24  0.0000E+00  1.9900E+12  2.6533E-12  1.0000E+04
  3.3040E+01  3.3110E+01  2.0000E-24  0.0000E+00  1.9900E+12  2.6533E-12  1.0000E+04
  3.3180E+01  3.3250E+01  2.0000E-24  0.0000E+00  1.9900E+12  2.6533E-12  1.0000E+04
  3.3320E+01  3.3390E+01  2.0000E-24  0.0000E+00  1.9900E+12  2.6533E-12  1.0000E+04
  3.3460E+01  3.3530E+01  2.0000E-24  0.0000E+00  1.9900E+12  2.6533E-12  1.0000E+04
  3.3600E+01  3.3670E+01  2.0000E-24  0.0000E+00  1.9900E+12  2.6533E-12  1.0000E+04
  3.3740E+01  3.3810E+01  2.0000E-24  0.0000E+00  1.9900E+12  2.6533E-12  1.0000E+04
  3.3880E+01  3.3950E+01  2.0000E-24  0.0000E+00  1.9900E+12  2.6533E-12  1.0000E+04
  3.4020E+01  3.4090E+01  2.0000E-24  0.0000E+00  1.9900E+12  2.6533E-12  1.0000E+04
  3.4160E+01  3.4230E+01  2.0000E-24  0.0000E+00  1.9900E+12  2.6533E-12  1.0000E+04
  3.4300E+01  3.4370E+01  2.0000E-24  0.0000E+00  1.9900E+12  2.6533E-12  1.0000E+04
  3.4440E+01  3.4510E+01  2.0000E-24  0.0000E+00  1.9900E+12  2.6533E-12  1.0000E+04
  3.4580E+01  3.4650E+01  2.0000E-24  0.0000E+00  1.9900E+12  2.6533E-12  1.0000E+04
  3.4720E+01  3.4790E+01  2.0000E-24  0.0000E+00  1.9900E+12  2.6533E-12  1.0000E+04
  3.4860E+01  3.4930E+01  2.0000E-24  0.0000E+00  1.9900E+12  2.6533E-12  1.0000E+04
  3.5000E+01  3.5070E+01  2.0000E-24  0.0000E+00  1.9900E+12  2.6533E-12  1.0000E+04
  3.5140E+01  3.5210E+01  2.0000E-24  0.0000E+00  1.9900E+12  2.6533E-12  1.0000E+04
  3.5280E+01  3.5350E+01  2.0000E-24  0.0000E+00  1.9900E+12  2.6533E-12  1.0000E+04
  3.5420E+01  3.5490E+01  2.0000E-24  0.0000E+00  1.9900E+12  2.6533E-12  1.0000E+04
  3.5560E+01  3.5630E+01  2.0000E-24  0.0000E+00  1.9900E+12  2.6533E-12  1.0000E+04
  3.5700E+01  3.5770E+01  2.0000E-24  0.0000E+00  1.9900E+12  2.6533E-12  1.0000E+04
  3.5840E+01  3.5910E+01  2.0000E-24  0.0000E+00  1.9900E+12  2.6533E-12  1.0000E+04
  3.5980E+01  3.6050E+01  2.0000E-24  0.0000E+00  1.9900E+12  2.6533E-12  1.0000E+04
  3.6120E+01  3.6190E+01  2.0000E-24  0.0000E+00  1.9900E+12  2.6533E-12  1.0000E+04
  3.6260E+01  3.6330E+01  2.0000E-24  0.0000E+00  1.9900E+12  2.6533E-12  1.0000E+04
  3.6400E+01  3.6470E+01  2.0000E-24  0.0000E+00  1.9900E+12  2.6533E-12  1.0000E+04
  3.6540E+01  3.6610E+01  2.0000E-24  0.0000E+00  1.9900E+12  2.6533E-12  1.0000E+04
  3.6680E+01  3.6750E+01  2.0000E-24  0.0000E+00  1.9900E+12  2.6533E-12  1.0000E+04
  3.6820E+01  3.6890E+01  2.0000E-24  0.0000E+00  1.9900E+12  2.6533E-12  1.0000E+04
  3.6960E+01  3.7030E+01  2.0000E-24  0.0000E+00  1.9900E+12  2.6533E-12  1.0000E+04
  3.7100E+01  3.7170E+01  2.0000E-24  0.0000E+00  1.9900E+12  2.6533E-12  1.0000E+04
  3.7240E+01  3.7310E+01  2.0000E-24  0.0000E+00  1.9900E+12  2.6533E-12  1.0000E+04
  3.7380E+01  3.7450E+01  2.0000E-24  0.0000E+00  1.9900E+12  2.6533E-12  1.0000E+04
  3.7520E+01  3.7590E+01  2.0000E-24  0.0000E+00  1.9900E+12  2.6533E-12  1.0000E+04
  3.7660E+01  3.7730E+01  2.0000E-24  0.0000E+00  1.9900E+12  2.6533E-12  1.0000E+04
  3.7800E+01  3.7870E+01  2.0000E-24  0.0000E+00  1.9900E+12  2.6533E-12  1.0000E+04
  3.7940E+01  3.8010E+01  2.0000E-24  0.0000E+00  1.9900E+12  2.6533E-12  1.0000E+04
  3.8080E+01  3.8150E+01  2.0000E-24  0.0000E+00  1.9900E+12  2.6533E-12  1.0000E+04
  3.8220E+01  3.8290E+01  2.0000E-24  0.0000E+00  1.9900E+12  2.6533E-12  1.0000E+04
  3.8360E+01  3.8430E+01  2.0000E-24  0.0000E+00  1.9900E+12  2.6533E-12  1.0000E+04
  3.8500E+01  3.8570E+01  2.0000E-24  0.0000E+00  1.9900E+12  2.6533E-12  1.0000E+04
  3.8640E+01  3.8710E+01  2.0000E-24  0.0000E+00  1.9900E+12  2.6533E-12  1.0000E+04
  3.8780E+01  3.8850E+01  2.0000E-24  0.0000E+00  1.9900E+12  2.6533E-12  1.0000E+04
  3.8920E+01  3.8990E+01  2.0000E-24  0.0000E+00  1.9900E+12  2.6533E-12  1.0000E+04
  3.9060E+01  3.9130E+01  2.0000E-24  0.0000E+00  1.9900E+12  2.6533E-12  1.0000E+04
  3.9200E+01  3.9270E+01  2.0000E-24  0.0000E+00  1.9900E+12  2.6533E-12  1.0000E+04
  3.9340E+01  3.9410E+01  2.0000E-24  0.0000E+00  1.9900E+12  2.6533E-12  1.0000E+04
  3.9480E+01  3.9550E+01  2.0000E-24  0.0000E+00  1.9900E+12  2.6533E-12  1.0000E+04
  3.9620E+01  3.9690E+01  2.0000E-24  0.0000E+00  1.9900E+12  2.6533E-12  1.0000E+04
  3.9760E+01  3.9830E+01  2.0000E-24  0.0000E+00  1.9900E+12  2.6533E-12  1.0000E+04
  3.9900E+01  3.9970E+01  2.0000E-24  0.0000E+00  1.9900E+12  2.6533E-12  1.0000E+04
  4.0040E+01  4.0110E+01  2.0000E-24  0.0000E+00  1.9900E+12  2.6533E-12  1.0000E+04
  4.0180E+01  4.0250E+01  2.0000E-24  0.0000E+00  1.9900E+12  2.6533E-12  1.0000E+04
  4.0320E+01  4.0390E+01  2.0000E-24  0.0000E+00  1.9900E+12  2.6533E-12  1.0000E+04
  4.0460E+01  4.0530E+01  2.0000E-24  0.0000E+00  1.9900E+12  2.6533E-12  1.0000E+04
  4.0600E+01  4.0670E+01  2.0000E-24  0.0000E+00  1.9900E+12  2.6533E-12  1.0000E+04
  4.0740E+01  4.0810E+01  2.0000E-24  0.0000E+00  1.9900E+12  2.6533E-12  1.0000E+04
  4.0880E+01  4.0950E+01  2.0000E-24  0.0000E+00  1.9900E+12  2.6533E-12  1.0000E+04
  4.1020E+01  4.1090E+01  2.0000E-24  0.0000E+00  1.9900E+12  2.6533E-12  1.0000E+04
  4.1160E+01  4.1230E+01  2.0000E-24  0.0000E+00  1.9900E+12  2.6533E-12  1.0000E+04
  4.1300E+01  4.1370E+01  2.0000E-24  0.0000E+00  1.9900E+12  2.6533E-12  1.0000E+04
  4.1440E+01  4.1510E+01  2.0000E-24  0.0000E+00  1.9900E+12  2.6533E-12  1.0000E+04
  4.1580E+01  4.1650E+01  2.0000E-24  0.0000E+00  1.9900E+12  2.6533E-12  1.0000E+04
  4.1720E+01  4.1790E+01  2.0000E-24  0.0000E+00  1.9900E+12  2.6533E-12  1.0000E+04
  4.1860E+01  4.1930E+01  2.0000E-24  0.0000E+00  1.9900E+12  2.6533E-12  1.0000E+04
  4.2000E+01  4.2070E+01  2.0000E-24  0.0000E+00  1.9900E+12  2.6533E-12  1.0000E+04
  4.2140E+01  4.2210E+01  2.0000E-24  0.0000E+00  1.9900E+12  2.6533E-12  1.0000E+04
  4.2280E+01  4.2350E+01  2.0000E-24  0.0000E+00  1.9900E+12  2.6533E-12  1.0000E+04
  4.2420E+01  4.2490E+01  2.0000E-24  0.0000E+00  1.9900E+12  2.6533E-12  1.0000E+04
  4.2560E+01  4.2630E+01  2.0000E-24  0.0000E+00  1.9900E+12  2.6533E-12  1.0000E+04
  4.2700E+01  4.2770E+01  2.0000E-24  0.0000E+00  1.9900E+12  2.6533E-12  1.0000E+04
  4.2840E+01  4.2910E+01  2.0000E-24  0.0000E+00  1.9900E+12  2.6533E-12  1.0000E+04
  4.2980E+01  4.3050E+01  2.0000E-24  0.0000E+00  1.9900E+12  2.6533E-12  1.0000E+04
  4.3120E+01  4.3190E+01  2.0000E-24  0.0000E+00  1.9900E+12  2.6533E-12  1.0000E+04
  4.3260E+01  4.3330E+01  2.0000E-24  0.0000E+00  1.9900E+12  2.6533E-12  1.0000E+04
  4.3400E+01  4.3470E+01  2.0000E-24  0.0000E+00  1.9900E+12  2.6533E-12  1.0000E+04
  4.3540E+01  4.3610E+01  2.0000E-24  0.0000E+00  1.9900E+12  2.6533E-12  1.0000E+04
  4.3680E+01  4.3750E+01  2.0000E-24  0.0000E+00  1.9900E+12  2.6533E-12  1.0000E+04
  4.3820E+01  4.3890E+01  2.0000E-24  0.0000E+00  1.9900E+12  2.6533E-12  1.0000E+04
  4.3960E+01  4.4030E+01  2.0000E-24  0.0000E+00  1.9900E+12  2.6533E-12  1.0000E+04
  4.4100E+01  4.4170E+01  2.0000E-24  0.0000E+00  1.9900E+12  2.6533E-12  1.0000E+04
  4.4240E+01  4.4310E+01  2.0000E-24  0.0000E+00  1.9900E+12  2.6533E-12  1.0000E+04
  4.4380E+01  4.4450E+01  2.0000E-24  0.0000E+00  1.9900E+12  2.6533E-12  1.0000E+04
  4.4520E+01  4.4590E+01  2.0000E-24  0.0000E+00  1.9900E+12  2.6533E-12  1.0000E+04
  4.4660E+01  4.4730E+01  2.0000E-24  0.0000E+00  1.9900E+12  2.6533E-12  1.0000E+04
  4.4800E+01  4.4870E+01  2.0000E-24  0.0000E+00  1.9900E+12  2.6533E-12  1.0000E+04
  4.4940E+01  4.5010E+01  2.0000E-24  0.0000E+00  1.9900E+12  2.6533E-12  1.0000E+04
  4.5080E+01  4.5150E+01  2.0000E-24  0.0000E+00  1.9900E+12  2.6533E-12  1.0000E+04
  4.5220E+01  4.5290E+01  2.0000E-24  0.0000E+00  1.9900E+12  2.6533E-12  1.0000E+04
  4.5360E+01  4.5430E+01  2.0000E-24  0.0000E+00  1.9900E+12  2.6533E-12  1.0000E+04
  4.5500E+01  4.5570E+01  2.0000E-24  0.0000E+00  1.9900E+12  2.6533E-12  1.0000E+04
  4.5640E+01  4.5710E+01  2.0000E-24  0.0000E+00  1.9900E+12  2.6533E-12  1.0000E+04
  4.5780E+01  4.5850E+01  2.0000E-24  0.0000E+00  1.9900E+12  2.6533E-12  1.0000E+04
  4.5920E+01  4.5990E+01  2.0000E-24  0.0000E+00  1.9900E+12  2.6533E-12  1.0000E+04
  4.6060E+01  4.6130E+01  2.0000E-24  0.0000E+00  1.9900E+12  2.6533E-12  1.0000E+04
  4.6200E+01  4.6270E+01  2.0000E-24  0.0000E+00  1.9900E+12  2.6533E-12  1.0000E+04
  4.6340E+01  4.6410E+01  2.0000E-24  0.0000E+00  1.9900E+12  2.6533E-12  1.0000E+04
  4.6480E+01  4.6550E+01  2.0000E-24  0.0000E+00  1.9900E+12  2.6533E-12  1.0000E+04
  4.6620E+01  4.6690E+01  2.0000E-24  0.0000E+00  1.9900E+12  2.6533E-12  1.0000E+04
  4.6760E+01  4.6830E+01  2.0000E-24  0.0000E+00  1.9900E+12  2.6533E-12  1.0000E+04
  4.6900E+01  4.6970E+01  2.0000E-24  0.0000E+00  1.9900E+12  2.6533E-12  1.0000E+04
  4.7040E+01  4.7110E+01  2.0000E-24  0.0000E+00  1.9900E+12  2.6533E-12  1.0000E+04
  4.7180E+01  4.7250E+01  2.0000E-24  0.0000E+00  1.9900E+12  2.6533E-12  1.0000E+04
  4.7320E+01  4.7390E+01  2.0000E-24  0.0000E+00  1.9900E+12  2.6533E-12  1.0000E+04
  4.7460E+01  4.7530E+01  2.0000E-24  0.0000E+00  1.9900E+12  2.6533E-12  1.0000E+04
  4.7600E+01  4.7670E+01  2.0000E-24  0.0000E+00  1.9900E+12  2.6533E-12  1.0000E+04
  4.7740E+01  4.7810E+01  2.0000E-24  0.0000E+00  1.9900E+12  2.6533E-12  1.0000E+04
  4.7880E+01  4.7950E+01  2.0000E-24  0.0000E+00  1.9900E+12  2.6533E-12  1.0000E+04
  4.8020E+01  4.8090E+01  2.0000E-24  0.0000E+00  1.9900E+12  2.6533E-12  1.0000E+04
  4.8160E+01  4.8230E+01  2.0000E-24  0.0000E+00  1.9900E+12  2.6533E-12  1.0000E+04
  4.8300E+01  4.8370E+01  2.0000E-24  0.0000E+00  1.9900E+12  2.6533E-12  1.0000E+04
  4.8440E+01  4.8510E+01  2.0000E-24  0.0000E+00  1.9900E+12  2.6533E-12  1.0000E+04
  4.8580E+01  4.8650E+01  2.0000E-24  0.0000E+00  1.9900E+12  2.6533E-12  1.0000E+04
  4.8720E+01  4.8790E+01  2.0000E-24  0.0000E+00  1.9900E+12  2.6533E-12  1.0000E+04
  4.8860E+01  4.8930E+01  2.0000E-24  0.0000E+00  1.9900E+12  2.6533E-12  1.0000E+04
  4.9000E+01  4.9070E+01  2.0000E-24  0.0000E+00  1.9900E+12  2.6533E-12  1.0000E+04
  4.9140E+01  4.9210E+01  2.0000E-24  0.0000E+00  1.9900E+12  2.6533E-12  1.0000E+04
  4.9280E+01  4.9350E+01  2.0000E-24  0.0000E+00  1.9900E+12  2.6533E-12  1.0000E+04
  4.9420E+01  4.9490E+01  2.0000E-24  0.0000E+00  1.9900E+12  2.6533E-12  1.0000E+04
  4.9560E+01  4.9630E+01  2.0000E-24  0.0000E+00  1.9900E+12  2.6533E-12  1.0000E+04
  4.9700E+01  4.9770E+01  2.0000E-24  0.0000E+00  1.9900E+12  2.6533E-12  1.0000E+04
  4.9840E+01  4.9910E+01  2.0000E-24  0.0000E+00  1.9900E+12  2.6533E-12  1.0000E+04
  4.9980E+01  5.0050E+01  2.0000E-24  0.0000E+00  1.9900E+12  2.6533E-12  1.0000E+04
  5.0120E+01  5.0190E+01  2.0000E-24  0.0000E+00  1.9900E+12  2.6533E-12  1.0000E+04
  5.0260E+01  5.0330E+01  2.0000E-24  0.0000E+00  1.9900E+12  2.6533E-12  1.0000E+04
  5.0400E+01  5.0470E+01  2.0000E-24  0.0000E+00  1.9900E+12  2.6533E-12  1.0000E+04
  5.0540E+01  5.0610E+01  2.0000E-24  0.0000E+00  1.9900E+12  2.6533E-12  1.0000E+04
  5.0680E+01  5.0750E+01  2.0000E-24  0.0000E+00  1.9900E+12  2.6533E-12  1.0000E+04
  5.0820E+01  5.0890E+01  2.0000E-24  0.0000E+00  1.9900E+12  2.6533E-12  1.0000E+04
  5.0960E+01  5.1030E+01  2.0000E-24  0.0000E+00  1.9900E+12  2.6533E-12  1.0000E+04
  5.1100E+01  5.1170E+01  2.0000E-24  0.0000E+00  1.9900E+12  2.6533E-12  1.0000E+04
  5.1240E+01  5.1310E+01  2.0000E-24  0.0000E+00  1.9900E+12  2.6533E-12  1.0000E+04
  5.1380E+01  5.1450E+01  2.0000E-24  0.0000E+00  1.9900E+12  2.6533E-12  1.0000E+04
  5.1520E+01  5.1590E+01  2.0000E-24  0.0000E+00  1.9900E+12  2.6533E-12  1.0000E+04
  5.1660E+01  5.1730E+01  2.0000E-24  0.0000E+00  1.9900E+12  2.6533E-12  1.0000E+04
  5.1800E+01  5.1870E+01  2.0000E-24  0.0000E+00  1.9900E+12  2.6533E-12  1.0000E+04
  5.1940E+01  5.2010E+01  2.0000E-24  0.0000E+00  1.9900E+12  2.6533E-12  1.0000E+04
  5.2080E+01  5.2150E+01  2.0000E-24  0.0000E+00  1.9900E+12  2.6533E-12  1.0000E+04
  5.2220E+01  5.2290E+01  2.0000E-24  0.0000E+00  1.9900E+12  2.6533E-12  1.0000E+04
  5.2360E+01  5.2430E+01  2.0000E-24  0.0000E+00  1.9900E+12  2.6533E-12  1.0000E+04
  5.2500E+01  5.2570E+01  2.0000E-24  0.0000E+00  1.9900E+12  2.6533E-12  1.0000E+04
  5.2640E+01  5.2710E+01  2.0000E-24  0.0000E+00  1.9900E+12  2.6533E-12  1.0000E+04
  5.2780E+01  5.2850E+01  2.0000E-24  0.0000E+00  1.9900E+12  2.6533E-12  1.0000E+04
  5.2920E+01  5.2990E+01  2.0000E-24  0.0000E+00  1.9900E+12  2.6533E-12  1.0000E+04
  5.3060E+01  5.3130E+01  2.0000E-24  0.0000E+00  1.9900E+12  2.6533E-12  1.0000E+04
  5.3200E+01  5.3270E+01  2.0000E-24  0.0000E+00  1.9900E+12  2.6533E-12  1.0000E+04
  5.3340E+01  5.3410E+01  2.0000E-24  0.0000E+00  1.9900E+12  2.6533E-12  1.0000E+04
  5.3480E+01  5.3550E+01  2.0000E-24  0.0000E+00  1.9900E+12  2.6533E-12  1.0000E+04
  5.3620E+01  5.3690E+01  2.0000E-24  0.0000E+00  1.9900E+12  2.6533E-12  1.0000E+04
  5.3760E+01  5.3830E+01  2.0000E-24  0.0000E+00  1.9900E+12  2.6533E-12  1.0000E+04
  5.3900E+01  5.3970E+01  2.0000E-24  0.0000E+00  1.9900E+12  2.6533E-12  1.0000E+04
  5.4040E+01  5.4110E+01  2.0000E-24  0.0000E+00  1.9900E+12  2.6533E-12  1.0000E+04
  5.4180E+01  5.4250E+01  2.0000E-24  0.0000E+00  1.9900E+12  2.6533E-12  1.0000E+04
  5.4320E+01  5.4390E+01  2.0000E-24  0.0000E+00  1.9900E+12  2.6533E-12  1.0000E+04
  5.4460E+01  5.4530E+01  2.0000E-24  0.0000E+00  1.9900E+12  2.6533E-12  1.0000E+04
  5.4600E+01  5.4670E+01  2.0000E-24  0.0000E+00  1.9900E+12  2.6533E-12  1.0000E+04
  5.4740E+01  5.4810E+01  2.0000E-24  0.0000E+00  1.9900E+12  2.6533E-12  1.0000E+04
  5.4880E+01  5.4950E+01  2.0000E-24  0.0000E+00  1.9900E+12  2.6533E-12  1.0000E+04
  5.5020E+01  5.5090E+01  2.0000E-24  0.0000E+00  1.9900E+12  2.6533E-12  1.0000E+04
  5.5160E+01  5.5230E+01  2.0000E-24  0.0000E+00  1.9900E+12  2.6533E-12  1.0000E+04
  5.5300E+01  5.5370E+01  2.0000E-24  0.0000E+00  1.9900E+12  2.6533E-12  1.0000E+04
  5.5440E+01  5.5510E+01  2.0000E-24  0.0000E+00  1.9900E+12  2.6533E-12  1.0000E+04
  5.5580E+01  5.5650E+01  2.0000E-24  0.0000E+00  1.9900E+12  2.6533E-12  1.0000E+04
  5.5720E+01  5.5790E+01  2.0000E-24  0.0000E+00  1.9900E+12  2.6533E-12  1.0000E+04
  5.5860E+01  5.5930E+01  2.0000E-24  0.0000E+00  1.9900E+12  2.6533E-12  1.0000E+04
  5.6000E+01  5.6070E+01  2.0000E-24  0.0000E+00  1.9900E+12  2.6533E-12  1.0000E+04
  5.6140E+01  5.6210E+01  2.0000E-24  0.0000E+00  1.9900E+12  2.6533E-12  1.0000E+04
  5.6280E+01  5.6350E+01  2.0000E-24  0.0000E+00  1.9900E+12  2.6533E-12  1.0000E+04
  5.6420E+01  5.6490E+01  2.0000E-24  0.0000E+00  1.9900E+12  2.6533E-12  1.0000E+04
  5.6560E+01  5.6630E+01  2.0000E-24  0.0000E+00  1.9900E+12  2.6533E-12  1.0000E+04
  5.6700E+01  5.6770E+01  2.0000E-24  0.0000E+00  1.9900E+12  2.6533E-12  1.0000E+04
  5.6840E+01  5.6910E+01  2.0000E-24  0.0000E+00  1.9900E+12  2.6533E-12  1.0000E+04
  5.6980E+01  5.7050E+01  2.0000E-24  0.0000E+00  1.9900E+12  2.6533E-12  1.0000E+04
  5.7120E+01  5.7190E+01  2.0000E-24  0.0000E+00  1.9900E+12  2.6533E-12  1.0000E+04
  5.7260E+01  5.7330E+01  2.0000E-24  0.0000E+00  1.9900E+12  2.6533E-12  1.0000E+04
  5.7400E+01  5.7470E+01  2.0000E-24  0.0000E+00  1.9900E+12  2.6533E-12  1.0000E+04
  5.7540E+01  5.7610E+01  2.0000E-24  0.0000E+00  1.9900E+12  2.6533E-12  1.0000E+04
  5.7680E+01  5.7750E+01  2.0000E-24  0.0000E+00  1.9900E+12  2.6533E-12  1.0000E+04
  5.7820E+01  5.7890E+01  2.0000E-24  0.0000E+00  1.9900E+12  2.6533E-12  1.0000E+04
  5.7960E+01  5.8030E+01  2.0000E-24  0.0000E+00  1.9900E+12  2.6533E-12  1.0000E+04
  5.8100E+01  5.8170E+01  2.0000E-24  0.0000E+00  1.9900E+12  2.6533E-12  1.0000E+04
  5.8240E+01  5.8310E+01  2.0000E-24  0.0000E+00  1.9900E+12  2.6533E-12  1.0000E+04
  5.8380E+01  5.8450E+01  2.0000E-24  0.0000E+00  1.9900E+12  2.6533E-12  1.0000E+04
  5.8520E+01  5.8590E+01  2.0000E-24  0.0000E+00  1.9900E+12  2.6533E-12  1.0000E+04
  5.8660E+01  5.8730E+01  2.0000E-24  0.0000E+00  1.9900E+12  2.6533E-12  1.0000E+04
  5.8800E+01  5.8870E+01  2.0000E-24  0.0000E+00  1.9900E+12  2.6533E-12  1.0000E+04
  5.8940E+01  5.9010E+01  2.0000E-24  0.0000E+00  1.9900E+12  2.6533E-12  1.0000E+04
  5.9080E+01  5.9150E+01  2.0000E-24  0.0000E+00  1.9900E+12  2.6533E-12  1.0000E+04
  5.9220E+01  5.9290E+01  2.0000E-24  0.0000E+00  1.9900E+12  2.6533E-12  1.0000E+04
  5.9360E+01  5.9430E+01  2.0000E-24  0.0000E+00  1.9900E+12  2.6533E-12  1.0000E+04
  5.9500E+01  5.9570E+01  2.0000E-24  0.0000E+00  1.9900E+12  2.6533E-12  1.0000E+04
  5.9640E+01  5.9710E+01  2.0000E-24  0.0000E+00  1.9900E+12  2.6533E-12  1.0000E+04
  5.9780E+01  5.9850E+01  2.0000E-24  0.0000E+00  1.9900E+12  2.6533E-12  1.0000E+04
  5.9920E+01  5.9990E+01  2.0000E-24  0.0000E+00  1.9900E+12  2.6533E-12  1.0000E+04
  6.0060E+01  6.0130E+01  2.0000E-24  0.0000E+00  1.9900E+12  2.6533E-12  1.0000E+04
  6.0200E+01  6.0270E+01  2.0000E-24  0.0000E+00  1.9900E+12  2.6533E-12  1.0000E+04
  6.0340E+01  6.0410E+01  2.0000E-24  0.0000E+00  1.9900E+12  2.6533E-12  1.0000E+04
  6.0480E+01  6.0550E+01  2.0000E-24  0.0000E+00  1.9900E+12  2.6533E-12  1.0000E+04
  6.0620E+01  6.0690E+01  2.0000E-24  0.0000E+00  1.9900E+12  2.6533E-12  1.0000E+04
  6.0760E+01  6.0830E+01  2.0000E-24  0.0000E+00  1.9900E+12  2.6533E-12  1.0000E+04
  6.0900E+01  6.0970E+01  2.0000E-24  0.0000E+00  1.9900E+12  2.6533E-12  1.0000E+04
  6.1040E+01  6.1110E+01  2.0000E-24  0.0000E+00  1.9900E+12  2.6533E-12  1.0000E+04
  6.1180E+01  6.1250E+01  2.0000E-24  0.0000E+00  1.9900E+12  2.6533E-12  1.0000E+04
  6.1320E+01  6.1390E+01  2.0000E-24  0.0000E+00  1.9900E+12  2.6533E-12  1.0000E+04
  6.1460E+01  6.1530E+01  2.0000E-24  0.0000E+00  1.9900E+12  2.6533E-12  1.0000E+04
  6.1600E+01  6.1670E+01  2.0000E-24  0.0000E+00  1.9900E+12  2.6533E-12  1.0000E+04
  6.1740E+01  6.1810E+01  2.0000E-24  0.0000E+00  1.9900E+12  2.6533E-12  1.0000E+04
  6.1880E+01  6.1950E+01  2.0000E-24  0.0000E+00  1.9900E+12  2.6533E-12  1.0000E+04
  6.2020E+01  6.2090E+01  2.0000E-24  0.0000E+00  1.9900E+12  2.6533E-12  1.0000E+04
  6.2160E+01  6.2230E+01  2.0000E-24  0.0000E+00  1.9900E+12  2.6533E-12  1.0000E+04
  6.2300E+01  6.2370E+01  2.0000E-24  0.0000E+00  1.9900E+12  2.6533E-12  1.0000E+04
  6.2440E+01  6.2510E+01  2.0000E-24  0.0000E+00  1.9900E+12  2.6533E-12  1.0000E+04
  6.2580E+01  6.2650E+01  2.0000E-24  0.0000E+00  1.9900E+12  2.6533E-12  1.0000E+04
  6.2720E+01  6.2790E+01  2.0000E-24  0.0000E+00  1.9900E+12  2.6533E-12  1.0000E+04
  6.2860E+01  6.2930E+01  2.0000E-24  0.0000E+00  1.9900E+12  2.6533E-12  1.0000E+04
  6.3000E+01  6.3070E+01  2.0000E-24  0.0000E+00  1.9900E+12  2.6533E-12  1.0000E+04
  6.3140E+01  6.3210E+01  2.0000E-24  0.0000E+00  1.9900E+12  2.6533E-12  1.0000E+04
  6.3280E+01  6.3350E+01  2.0000E-24  0.0000E+00  1.9900E+12  2.6533E-12  1.0000E+04
  6.3420E+01  6.3490E+01  2.0000E-24  0.0000E+00  1.9900E+12  2.6533E-12  1.0000E+04
  6.3560E+01  6.3630E+01  2.0000E-24  0.0000E+00  1.9900E+12  2.6533E-12  1.0000E+04
  6.3700E+01  6.3770E+01  2.0000E-24  0.0000E+00  1.9900E+12  2.6533E-12  1.0000E+04
  6.3840E+01  6.3910E+01  2.0000E-24  0.0000E+00  1.9900E+12  2.6533E-12  1.0000E+04
  6.3980E+01  6.4050E+01  2.0000E-24  0.0000E+00  1.9900E+12  2.6533E-12  1.0000E+04
  6.4120E+01  6.4190E+01  2.0000E-24  0.0000E+00  1.9900E+12  2.6533E-12  1.0000E+04
  6.4260E+01  6.4330E+01  2.0000E-24  0.0000E+00  1.9900E+12  2.6533E-12  1.0000E+04
  6.4400E+01  6.4470E+01  2.0000E-24  0.0000E+00  1.9900E+12  2.6533E-12  1.0000E+04
  6.4540E+01  6.4610E+01  2.0000E-24  0.0000E+00  1.9900E+12  2.6533E-12  1.0000E+04
  6.4680E+01  6.4750E+01  2.0000E-24  0.0000E+00  1.9900E+12  2.6533E-12  1.0000E+04
  6.4820E+01  6.4890E+01  2.0000E-24  0.0000E+00  1.9900E+12  2.6533E-12  1.0000E+04
  6.4960E+01  6.5030E+01  2.0000E-24  0.0000E+00  1.9900E+12  2.6533E-12  1.0000E+04
  6.5100E+01  6.5170E+01  2.0000E-24  0.0000E+00  1.9900E+12  2.6533E-12  1.0000E+04
  6.5240E+01  6.5310E+01  2.0000E-24  0.0000E+00  1.9900E+12  2.6533E-12  1.0000E+04
  6.5380E+01  6.5450E+01  2.0000E-24  0.0000E+00  1.9900E+12  2.6533E-12  1.0000E+04
  6.5520E+01  6.5590E+01  2.0000E-24  0.0000E+00  1.9900E+12  2.6533E-12  1.0000E+04
  6.5660E+01  6.5730E+01  2.0000E-24  0.0000E+00  1.9900E+12  2.6533E-12  1.0000E+04
  6.5800E+01  6.5870E+01  2.0000E-24  0.0000E+00  1.9900E+12  2.6533E-12  1.0000E+04
  6.5940E+01  6.6010E+01  2.0000E-24  0.0000E+00  1.9900E+12  2.6533E-12  1.0000E+04
  6.6080E+01  6.6150E+01  2.0000E-24  0.0000E+00  1.9900E+12  2.6533E-12  1.0000E+04
  6.6220E+01  6.6290E+01  2.0000E-24  0.0000E+00  1.9900E+12  2.6533E-12  1.0000E+04
  6.6360E+01  6.6430E+01  2.0000E-24  0.0000E+00  1.9900E+12  2.6533E-12  1.0000E+04
  6.6500E+01  6.6570E+01  2.0000E-24  0.0000E+00  1.9900E+12  2.6533E-12  1.0000E+04
  6.6640E+01  6.6710E+01  2.0000E-24  0.0000E+00  1.9900E+12  2.6533E-12  1.0000E+04
  6.6780E+01  6.6850E+01  2.0000E-24  0.0000E+00  1.9900E+12  2.6533E-12  1.0000E+04
  6.6920E+01  6.6990E+01  2.0000E-24  0.0000E+00  1.9900E+12  2.6533E-12  1.0000E+04
  6.7060E+01  6.7130E+01  2.0000E-24  0.0000E+00  1.9900E+12  2.6533E-12  1.0000E+04
  6.7200E+01  6.7270E+01  2.0000E-24  0.0000E+00  1.9900E+12  2.6533E-12  1.0000E+04
  6.7340E+01  6.7410E+01  2.0000E-24  0.0000E+00  1.9900E+12  2.6533E-12  1.0000E+04
  6.7480E+01  6.7550E+01  2.0000E-24  0.0000E+00  1.9900E+12  2.6533E-12  1.0000E+04
  6.7620E+01  6.7690E+01  2.0000E-24  0.0000E+00  1.9900E+12  2.6533E-12  1.0000E+04
  6.7760E+01  6.7830E+01  2.0000E-24  0.0000E+00  1.9900E+12  2.6533E-12  1.0000E+04
  6.7900E+01  6.7970E+01  2.0000E-24  0.0000E+00  1.9900E+12  2.6533E-12  1.0000E+04
  6.8040E+01  6.8110E+01  2.0000E-24  0.0000E+00  1.9900E+12  2.6533E-12  1.0000E+04
  6.8180E+01  6.8250E+01  2.0000E-24  0.0000E+00  1.9900E+12  2.6533E-12  1.0000E+04
  6.8320E+01  6.8390E+01  2.0000E-24  0.0000E+00  1.9900E+12  2.6533E-12  1.0000E+04
  6.8460E+01  6.8530E+01  2.0000E-24  0.0000E+00  1.9900E+12  2.6533E-12  1.0000E+04
  6.8600E+01  6.8670E+01  2.0000E-24  0.0000E+00  1.9900E+12  2.6533E-12  1.0000E+04
  6.8740E+01  6.8810E+01  2.0000E-24  0.0000E+00  1.9900E+12  2.6533E-12  1.0000E+04
  6.8880E+01  6.8950E+01  2.0000E-24  0.0000E+00  1.9900E+12  2.6533E-12  1.0000E+04
  6.9020E+01  6.9090E+01  2.0000E-24  0.0000E+00  1.9900E+12  2.6533E-12  1.0000E+04
  6.9160E+01  6.9230E+01  2.0000E-24  0.0000E+00  1.9900E+12  2.6533E-12  1.0000E+04
  6.9300E+01  6.9370E+01  2.0000E-24  0.0000E+00  1.9900E+12  2.6533E-12  1.0000E+04
  6.9440E+01  6.9510E+01  2.0000E-24  0.0000E+00  1.9900E+12  2.6533E-12  1.0000E+04
  6.9580E+01  6.9650E+01  2.0000E-24  0.0000E+00  1.9900E+12  2.6533E-12  1.0000E+04
  6.9720E+01  6.9790E+01  2.0000E-24  0.0000E+00  1.9900E+12  2.6533E-12  1.0000E+04
  6.9860E+01  6.9930E+01  2.0000E-24 -0.0000E+00  1.9900E+12  2.6533E-12  1.0000E+04
