 -1.4000E-01 -7.0000E-02  7.3225E-29  1.3924E+06  1.9900E+12  8.5416E-17  1.0000E+04
  0.0000E+00  7.0000E-02  7.3225E-29  0.0000E+00  1.9900E+12  8.5416E-17  1.0000E+04
  1.4000E-01  2.1000E-01  4.3341E-29 -1.3924E+06  1.9900E+12  5.0687E-17  1.0000E+04
  2.8000E-01  3.5000E-01  2.5536E-29 -2.8673E+06  1.9900E+12  2.9947E-17  1.0000E+04
  4.2000E-01  4.9000E-01  1.6566E-29 -4.3596E+06  1.9900E+12  1.9484E-17  1.0000E+04
  5.6000E-01  6.3000E-01  1.1930E-29 -5.6180E+06  1.9900E+12  1.4072E-17  1.0000E+04
  7.0000E-01  7.7000E-01  9.6008E-30 -6.3597E+06  1.9900E+12  1.1359E-17  1.0000E+04
  8.4000E-01  9.1000E-01  8.7137E-30 -6.5665E+06  1.9900E+12  1.0341E-17  1.0000E+04
  9.8000E-01  1.0500E+00  8.5200E-30 -6.5697E+06  1.9900E+12  1.0135E-17  1.0000E+04
  1.1200E+00  1.1900E+00  8.6337E-30 -6.5444E+06  1.9900E+12  1.0292E-17  1.0000E+04
  1.2600E+00  1.3300E+00  8.9688E-30 -6.5104E+06  1.9900E+12  1.0713E-17  1.0000E+04
  1.4000E+00  1.4700E+00  9.4966E-30 -6.4707E+06  1.9900E+12  1.1366E-17  1.0000E+04
  1.5400E+00  1.6100E+00  1.0208E-29 -6.4272E+06  1.9900E+12  1.2242E-17  1.0000E+04
  1.6800E+00  1.7500E+00  1.1106E-29 -6.3808E+06  1.9900E+12  1.3344E-17  1.0000E+04
  1.8200E+00  1.8900E+00  1.2202E-29 -6.3324E+06  1.9900E+12  1.4689E-17  1.0000E+04
  1.9600E+00  2.0300E+00  1.3516E-29 -6.2822E+06  1.9900E+12  1.6301E-17  1.0000E+04
  2.1000E+00  2.1700E+00  1.5071E-29 -6.2307E+06  1.9900E+12  1.8211E-17  1.0000E+04
  2.2400E+00  2.3100E+00  1.6901E-29 -6.1781E+06  1.9900E+12  2.0458E-17  1.0000E+04
  2.3800E+00  2.4500E+00  1.9042E-29 -6.1245E+06  1.9900E+12  2.3091E-17  1.0000E+04
  2.5200E+00  2.5900E+00  2.1539E-29 -6.0702E+06  1.9900E+12  2.6165E-17  1.0000E+04
  2.6600E+00  2.7300E+00  2.4445E-29 -6.0151E+06  1.9900E+12  2.9747E-17  1.0000E+04
  2.8000E+00  2.8700E+00  2.7821E-29 -5.9594E+06  1.9900E+12  3.3913E-17  1.0000E+04
  2.9400E+00  3.0100E+00  3.1740E-29 -5.9032E+06  1.9900E+12  3.8755E-17  1.0000E+04
  3.0800E+00  3.1500E+00  3.6282E-29 -5.8466E+06  1.9900E+12  4.4375E-17  1.0000E+04
  3.2200E+00  3.2900E+00  4.1543E-29 -5.7894E+06  1.9900E+12  5.0894E-17  1.0000E+04
  3.3600E+00  3.4300E+00  4.7633E-29 -5.7319E+06  1.9900E+12  5.8449E-17  1.0000E+04
  3.5000E+00  3.5700E+00  5.4678E-29 -5.6740E+06  1.9900E+12  6.7201E-17  1.0000E+04
  3.6400E+00  3.7100E+00  6.2822E-29 -5.6157E+06  1.9900E+12  7.7333E-17  1.0000E+04
  3.7800E+00  3.8500E+00  7.2232E-29 -5.5572E+06  1.9900E+12  8.9054E-17  1.0000E+04
  3.9200E+00  3.9900E+00  8.3096E-29 -5.4983E+06  1.9900E+12  1.0261E-16  1.0000E+04
  4.0600E+00  4.1300E+00  9.5634E-29 -5.4391E+06  1.9900E+12  1.1827E-16  1.0000E+04
  4.2000E+00  4.2700E+00  1.1009E-28 -5.3797E+06  1.9900E+12  1.3636E-16  1.0000E+04
  4.3400E+00  4.4100E+00  1.2676E-28 -5.3201E+06  1.9900E+12  1.5723E-16  1.0000E+04
  4.4800E+00  4.5500E+00  1.4595E-28 -5.2602E+06  1.9900E+12  1.8131E-16  1.0000E+04
  4.6200E+00  4.6900E+00  1.6805E-28 -5.2000E+06  1.9900E+12  2.0905E-16  1.0000E+04
  4.7600E+00  4.8300E+00  1.9346E-28 -5.1397E+06  1.9900E+12  2.4101E-16  1.0000E+04
  4.9000E+00  4.9700E+00  2.2266E-28 -5.0791E+06  1.9900E+12  2.7778E-16  1.0000E+04
  5.0400E+00  5.1100E+00  2.5621E-28 -5.0184E+06  1.9900E+12  3.2008E-16  1.0000E+04
  5.1800E+00  5.2500E+00  2.9470E-28 -4.9574E+06  1.9900E+12  3.6867E-16  1.0000E+04
  5.3200E+00  5.3900E+00  3.3884E-28 -4.8963E+06  1.9900E+12  4.2447E-16  1.0000E+04
  5.4600E+00  5.5300E+00  3.8941E-28 -4.8350E+06  1.9900E+12  4.8847E-16  1.0000E+04
  5.6000E+00  5.6700E+00  4.4730E-28 -4.7735E+06  1.9900E+12  5.6184E-16  1.0000E+04
  5.7400E+00  5.8100E+00  5.1352E-28 -4.7118E+06  1.9900E+12  6.4586E-16  1.0000E+04
  5.8800E+00  5.9500E+00  5.8920E-28 -4.6500E+06  1.9900E+12  7.4200E-16  1.0000E+04
  6.0200E+00  6.0900E+00  6.7561E-28 -4.5880E+06  1.9900E+12  8.5190E-16  1.0000E+04
  6.1600E+00  6.2300E+00  7.7419E-28 -4.5258E+06  1.9900E+12  9.7743E-16  1.0000E+04
  6.3000E+00  6.3700E+00  8.8654E-28 -4.4635E+06  1.9900E+12  1.1207E-15  1.0000E+04
  6.4400E+00  6.5100E+00  1.0145E-27 -4.4010E+06  1.9900E+12  1.2840E-15  1.0000E+04
  6.5800E+00  6.6500E+00  1.1600E-27 -4.3383E+06  1.9900E+12  1.4700E-15  1.0000E+04
  6.7200E+00  6.7900E+00  1.3254E-27 -4.2755E+06  1.9900E+12  1.6816E-15  1.0000E+04
  6.8600E+00  6.9300E+00  1.5133E-27 -4.2126E+06  1.9900E+12  1.9221E-15  1.0000E+04
  7.0000E+00  7.0700E+00  1.7263E-27 -4.1495E+06  1.9900E+12  2.1953E-15  1.0000E+04
  7.1400E+00  7.2100E+00  1.9678E-27 -4.0863E+06  1.9900E+12  2.5053E-15  1.0000E+04
  7.2800E+00  7.3500E+00  2.2412E-27 -4.0229E+06  1.9900E+12  2.8566E-15  1.0000E+04
  7.4200E+00  7.4900E+00  2.5504E-27 -3.9593E+06  1.9900E+12  3.2544E-15  1.0000E+04
  7.5600E+00  7.6300E+00  2.8999E-27 -3.8957E+06  1.9900E+12  3.7043E-15  1.0000E+04
  7.7000E+00  7.7700E+00  3.2943E-27 -3.8318E+06  1.9900E+12  4.2127E-15  1.0000E+04
  7.8400E+00  7.9100E+00  3.7391E-27 -3.7679E+06  1.9900E+12  4.7867E-15  1.0000E+04
  7.9800E+00  8.0500E+00  4.2402E-27 -3.7038E+06  1.9900E+12  5.4340E-15  1.0000E+04
  8.1200E+00  8.1900E+00  4.8042E-27 -3.6395E+06  1.9900E+12  6.1632E-15  1.0000E+04
  8.2600E+00  8.3300E+00  5.4384E-27 -3.5751E+06  1.9900E+12  6.9840E-15  1.0000E+04
  8.4000E+00  8.4700E+00  6.1507E-27 -3.5106E+06  1.9900E+12  7.9067E-15  1.0000E+04
  8.5400E+00  8.6100E+00  6.9500E-27 -3.4459E+06  1.9900E+12  8.9432E-15  1.0000E+04
  8.6800E+00  8.7500E+00  7.8459E-27 -3.3811E+06  1.9900E+12  1.0106E-14  1.0000E+04
  8.8200E+00  8.8900E+00  8.8493E-27 -3.3161E+06  1.9900E+12  1.1410E-14  1.0000E+04
  8.9600E+00  9.0300E+00  9.9719E-27 -3.2510E+06  1.9900E+12  1.2869E-14  1.0000E+04
  9.1000E+00  9.1700E+00  1.1226E-26 -3.1858E+06  1.9900E+12  1.4502E-14  1.0000E+04
  9.2400E+00  9.3100E+00  1.2627E-26 -3.1204E+06  1.9900E+12  1.6327E-14  1.0000E+04
  9.3800E+00  9.4500E+00  1.4190E-26 -3.0549E+06  1.9900E+12  1.8365E-14  1.0000E+04
  9.5200E+00  9.5900E+00  1.5931E-26 -2.9892E+06  1.9900E+12  2.0637E-14  1.0000E+04
  9.6600E+00  9.7300E+00  1.7870E-26 -2.9234E+06  1.9900E+12  2.3169E-14  1.0000E+04
  9.8000E+00  9.8700E+00  2.0026E-26 -2.8574E+06  1.9900E+12  2.5987E-14  1.0000E+04
  9.9400E+00  1.0010E+01  2.2422E-26 -2.7913E+06  1.9900E+12  2.9121E-14  1.0000E+04
  1.0080E+01  1.0150E+01  2.5081E-26 -2.7251E+06  1.9900E+12  3.2603E-14  1.0000E+04
  1.0220E+01  1.0290E+01  2.8030E-26 -2.6586E+06  1.9900E+12  3.6468E-14  1.0000E+04
  1.0360E+01  1.0430E+01  3.1298E-26 -2.5921E+06  1.9900E+12  4.0753E-14  1.0000E+04
  1.0500E+01  1.0570E+01  3.4916E-26 -2.5254E+06  1.9900E+12  4.5501E-14  1.0000E+04
  1.0640E+01  1.0710E+01  3.8916E-26 -2.4585E+06  1.9900E+12  5.0756E-14  1.0000E+04
  1.0780E+01  1.0850E+01  4.3337E-26 -2.3915E+06  1.9900E+12  5.6566E-14  1.0000E+04
  1.0920E+01  1.0990E+01  4.8218E-26 -2.3243E+06  1.9900E+12  6.2986E-14  1.0000E+04
  1.1060E+01  1.1130E+01  5.3601E-26 -2.2570E+06  1.9900E+12  7.0072E-14  1.0000E+04
  1.1200E+01  1.1270E+01  5.9533E-26 -2.1895E+06  1.9900E+12  7.7887E-14  1.0000E+04
  1.1340E+01  1.1410E+01  6.6066E-26 -2.1218E+06  1.9900E+12  8.6498E-14  1.0000E+04
  1.1480E+01  1.1550E+01  7.3253E-26 -2.0539E+06  1.9900E+12  9.5979E-14  1.0000E+04
  1.1620E+01  1.1690E+01  8.1154E-26 -1.9859E+06  1.9900E+12  1.0641E-13  1.0000E+04
  1.1760E+01  1.1830E+01  8.9832E-26 -1.9177E+06  1.9900E+12  1.1787E-13  1.0000E+04
  1.1900E+01  1.1970E+01  9.9358E-26 -1.8494E+06  1.9900E+12  1.3046E-13  1.0000E+04
  1.2040E+01  1.2110E+01  1.0981E-25 -1.7808E+06  1.9900E+12  1.4428E-13  1.0000E+04
  1.2180E+01  1.2250E+01  1.2126E-25 -1.7121E+06  1.9900E+12  1.5944E-13  1.0000E+04
  1.2320E+01  1.2390E+01  1.3380E-25 -1.6431E+06  1.9900E+12  1.7605E-13  1.0000E+04
  1.2460E+01  1.2530E+01  1.4754E-25 -1.5740E+06  1.9900E+12  1.9425E-13  1.0000E+04
  1.2600E+01  1.2670E+01  1.6256E-25 -1.5046E+06  1.9900E+12  2.1418E-13  1.0000E+04
  1.2740E+01  1.2810E+01  1.7899E-25 -1.4351E+06  1.9900E+12  2.3598E-13  1.0000E+04
  1.2880E+01  1.2950E+01  1.9695E-25 -1.3653E+06  1.9900E+12  2.5982E-13  1.0000E+04
  1.3020E+01  1.3090E+01  2.1657E-25 -1.2953E+06  1.9900E+12  2.8588E-13  1.0000E+04
  1.3160E+01  1.3230E+01  2.3799E-25 -1.2250E+06  1.9900E+12  3.1435E-13  1.0000E+04
  1.3300E+01  1.3370E+01  2.6137E-25 -1.1545E+06  1.9900E+12  3.4544E-13  1.0000E+04
  1.3440E+01  1.3510E+01  2.8689E-25 -1.0837E+06  1.9900E+12  3.7940E-13  1.0000E+04
  1.3580E+01  1.3650E+01  3.1473E-25 -1.0125E+06  1.9900E+12  4.1647E-13  1.0000E+04
  1.3720E+01  1.3790E+01  3.4511E-25 -9.4101E+05  1.9900E+12  4.5694E-13  1.0000E+04
  1.3860E+01  1.3930E+01  3.7827E-25 -8.6914E+05  1.9900E+12  5.0114E-13  1.0000E+04
  1.4000E+01  1.4070E+01  4.1448E-25 -7.9687E+05  1.9900E+12  5.4943E-13  1.0000E+04
  1.4140E+01  1.4210E+01  4.5403E-25 -7.2414E+05  1.9900E+12  6.0222E-13  1.0000E+04
  1.4280E+01  1.4350E+01  4.9728E-25 -6.5090E+05  1.9900E+12  6.5998E-13  1.0000E+04
  1.4420E+01  1.4490E+01  5.4463E-25 -5.7703E+05  1.9900E+12  7.2325E-13  1.0000E+04
  1.4560E+01  1.4630E+01  5.9655E-25 -5.0241E+05  1.9900E+12  7.9267E-13  1.0000E+04
  1.4700E+01  1.4770E+01  6.5363E-25 -4.2686E+05  1.9900E+12  8.6907E-13  1.0000E+04
  1.4840E+01  1.4910E+01  7.1667E-25 -3.5012E+05  1.9900E+12  9.5351E-13  1.0000E+04
  1.4980E+01  1.5050E+01  7.8668E-25 -2.7178E+05  1.9900E+12  1.0474E-12  1.0000E+04
  1.5120E+01  1.5190E+01  8.6557E-25 -1.9102E+05  1.9900E+12  1.1535E-12  1.0000E+04
  1.5260E+01  1.5330E+01  9.5636E-25 -1.0589E+05  1.9900E+12  1.2756E-12  1.0000E+04
  1.5400E+01  1.5470E+01  1.0547E-24 -1.7209E+04  1.9900E+12  1.4064E-12  1.0000E+04
  1.5540E+01  1.5610E+01  1.1531E-24  6.3116E+04  1.9900E+12  1.5378E-12  1.0000E+04
  1.5680E+01  1.5750E+01  1.2583E-24  1.3855E+05  1.9900E+12  1.6788E-12  1.0000E+04
  1.5820E+01  1.5890E+01  1.3718E-24  2.1305E+05  1.9900E+12  1.8310E-12  1.0000E+04
  1.5960E+01  1.6030E+01  1.4944E-24  2.8682E+05  1.9900E+12  1.9953E-12  1.0000E+04
  1.6100E+01  1.6170E+01  1.6265E-24  3.5986E+05  1.9900E+12  2.1726E-12  1.0000E+04
  1.6240E+01  1.6310E+01  1.7689E-24  4.3215E+05  1.9900E+12  2.3637E-12  1.0000E+04
  1.6380E+01  1.6450E+01  1.9222E-24  5.0364E+05  1.9900E+12  2.5694E-12  1.0000E+04
  1.6520E+01  1.6590E+01  2.0869E-24  5.7432E+05  1.9900E+12  2.7906E-12  1.0000E+04
  1.6660E+01  1.6730E+01  2.2640E-24  6.4413E+05  1.9900E+12  3.0283E-12  1.0000E+04
  1.6800E+01  1.6870E+01  2.4539E-24  7.1303E+05  1.9900E+12  3.2834E-12  1.0000E+04
  1.6940E+01  1.7010E+01  2.6574E-24  7.8098E+05  1.9900E+12  3.5567E-12  1.0000E+04
  1.7080E+01  1.7150E+01  2.8750E-24  8.4792E+05  1.9900E+12  3.8491E-12  1.0000E+04
  1.7220E+01  1.7290E+01  3.1075E-24  9.1379E+05  1.9900E+12  4.1613E-12  1.0000E+04
  1.7360E+01  1.7430E+01  3.3552E-24  9.7852E+05  1.9900E+12  4.4940E-12  1.0000E+04
  1.7500E+01  1.7570E+01  3.6185E-24  1.0420E+06  1.9900E+12  4.8476E-12  1.0000E+04
  1.7640E+01  1.7710E+01  3.8975E-24  1.1041E+06  1.9900E+12  5.2221E-12  1.0000E+04
  1.7780E+01  1.7850E+01  4.1919E-24  1.1647E+06  1.9900E+12  5.6172E-12  1.0000E+04
  1.7920E+01  1.7990E+01  4.5007E-24  1.2234E+06  1.9900E+12  6.0313E-12  1.0000E+04
  1.8060E+01  1.8130E+01  4.8219E-24  1.2800E+06  1.9900E+12  6.4614E-12  1.0000E+04
  1.8200E+01  1.8270E+01  5.1514E-24  1.3339E+06  1.9900E+12  6.9015E-12  1.0000E+04
  1.8340E+01  1.8410E+01  5.4815E-24  1.3842E+06  1.9900E+12  7.3404E-12  1.0000E+04
  1.8480E+01  1.8550E+01  5.7970E-24  1.4292E+06  1.9900E+12  7.7556E-12  1.0000E+04
  1.8620E+01  1.8690E+01  6.0648E-24  1.4656E+06  1.9900E+12  8.0976E-12  1.0000E+04
  1.8760E+01  1.8830E+01  6.2112E-24  1.4852E+06  1.9900E+12  8.2587E-12  1.0000E+04
  1.8900E+01  1.8970E+01  6.1128E-24  1.4732E+06  1.9900E+12  8.0689E-12  1.0000E+04
  1.9040E+01  1.9110E+01  5.6456E-24  1.4105E+06  1.9900E+12  7.3734E-12  1.0000E+04
  1.9180E+01  1.9250E+01  4.7964E-24  1.2768E+06  1.9900E+12  6.1890E-12  1.0000E+04
  1.9320E+01  1.9390E+01  3.7678E-24  1.0567E+06  1.9900E+12  4.8226E-12  1.0000E+04
  1.9460E+01  1.9530E+01  2.8825E-24  7.5415E+05  1.9900E+12  3.6976E-12  1.0000E+04
  1.9600E+01  1.9670E+01  2.3204E-24  4.1423E+05  1.9900E+12  3.0103E-12  1.0000E+04
  1.9740E+01  1.9810E+01  2.0612E-24  1.3009E+05  1.9900E+12  2.7131E-12  1.0000E+04
  1.9880E+01  1.9950E+01  2.0036E-24  1.1640E+04  1.9900E+12  2.6562E-12  1.0000E+04
  2.0020E+01  2.0090E+01  2.0001E-24  2.4545E+02  1.9900E+12  2.6534E-12  1.0000E+04
  2.0160E+01  2.0230E+01  2.0000E-24  3.5446E+00  1.9900E+12  2.6533E-12  1.0000E+04
  2.0300E+01  2.0370E+01  2.0000E-24  5.0009E-02  1.9900E+12  2.6533E-12  1.0000E+04
  2.0440E+01  2.0510E+01  2.0000E-24  6.9133E-04  1.9900E+12  2.6533E-12  1.0000E+04
  2.0580E+01  2.0650E+01  2.0000E-24  9.3660E-06  1.9900E+12  2.6533E-12  1.0000E+04
  2.0720E+01  2.0790E+01  2.0000E-24  1.2420E-07  1.9900E+12  2.6533E-12  1.0000E+04
  2.0860E+01  2.0930E+01  2.0000E-24  1.6142E-09  1.9900E+12  2.6533E-12  1.0000E+04
  2.1000E+01  2.1070E+01  2.0000E-24  7.8676E-25  1.9900E+12  2.6533E-12  1.0000E+04
  2.1140E+01  2.1210E+01  2.0000E-24  2.6189E-56  1.9900E+12  2.6533E-12  1.0000E+04
  2.1280E+01  2.1350E+01  2.0000E-24  4.2570-120  1.9900E+12  2.6533E-12  1.0000E+04
  2.1420E+01  2.1490E+01  2.0000E-24  1.4995-248  1.9900E+12  2.6533E-12  1.0000E+04
  2.1560E+01  2.1630E+01  2.0000E-24  0.0000E+00  1.9900E+12  2.6533E-12  1.0000E+04
  2.1700E+01  2.1770E+01  2.0000E-24  0.0000E+00  1.9900E+12  2.6533E-12  1.0000E+04
  2.1840E+01  2.1910E+01  2.0000E-24  0.0000E+00  1.9900E+12  2.6533E-12  1.0000E+04
  2.1980E+01  2.2050E+01  2.0000E-24  0.0000E+00  1.9900E+12  2.6533E-12  1.0000E+04
  2.2120E+01  2.2190E+01  2.0000E-24  0.0000E+00  1.9900E+12  2.6533E-12  1.0000E+04
  2.2260E+01  2.2330E+01  2.0000E-24  0.0000E+00  1.9900E+12  2.6533E-12  1.0000E+04
  2.2400E+01  2.2470E+01  2.0000E-24  0.0000E+00  1.9900E+12  2.6533E-12  1.0000E+04
  2.2540E+01  2.2610E+01  2.0000E-24  0.0000E+00  1.9900E+12  2.6533E-12  1.0000E+04
  2.2680E+01  2.2750E+01  2.0000E-24  0.0000E+00  1.9900E+12  2.6533E-12  1.0000E+04
  2.2820E+01  2.2890E+01  2.0000E-24  0.0000E+00  1.9900E+12  2.6533E-12  1.0000E+04
  2.2960E+01  2.3030E+01  2.0000E-24  0.0000E+00  1.9900E+12  2.6533E-12  1.0000E+04
  2.3100E+01  2.3170E+01  2.0000E-24  0.0000E+00  1.9900E+12  2.6533E-12  1.0000E+04
  2.3240E+01  2.3310E+01  2.0000E-24  0.0000E+00  1.9900E+12  2.6533E-12  1.0000E+04
  2.3380E+01  2.3450E+01  2.0000E-24  0.0000E+00  1.9900E+12  2.6533E-12  1.0000E+04
  2.3520E+01  2.3590E+01  2.0000E-24  0.0000E+00  1.9900E+12  2.6533E-12  1.0000E+04
  2.3660E+01  2.3730E+01  2.0000E-24  0.0000E+00  1.9900E+12  2.6533E-12  1.0000E+04
  2.3800E+01  2.3870E+01  2.0000E-24  0.0000E+00  1.9900E+12  2.6533E-12  1.0000E+04
  2.3940E+01  2.4010E+01  2.0000E-24  0.0000E+00  1.9900E+12  2.6533E-12  1.0000E+04
  2.4080E+01  2.4150E+01  2.0000E-24  0.0000E+00  1.9900E+12  2.6533E-12  1.0000E+04
  2.4220E+01  2.4290E+01  2.0000E-24  0.0000E+00  1.9900E+12  2.6533E-12  1.0000E+04
  2.4360E+01  2.4430E+01  2.0000E-24  0.0000E+00  1.9900E+12  2.6533E-12  1.0000E+04
  2.4500E+01  2.4570E+01  2.0000E-24  0.0000E+00  1.9900E+12  2.6533E-12  1.0000E+04
  2.4640E+01  2.4710E+01  2.0000E-24  0.0000E+00  1.9900E+12  2.6533E-12  1.0000E+04
  2.4780E+01  2.4850E+01  2.0000E-24  0.0000E+00  1.9900E+12  2.6533E-12  1.0000E+04
  2.4920E+01  2.4990E+01  2.0000E-24  0.0000E+00  1.9900E+12  2.6533E-12  1.0000E+04
  2.5060E+01  2.5130E+01  2.0000E-24  0.0000E+00  1.9900E+12  2.6533E-12  1.0000E+04
  2.5200E+01  2.5270E+01  2.0000E-24  0.0000E+00  1.9900E+12  2.6533E-12  1.0000E+04
  2.5340E+01  2.5410E+01  2.0000E-24  0.0000E+00  1.9900E+12  2.6533E-12  1.0000E+04
  2.5480E+01  2.5550E+01  2.0000E-24  0.0000E+00  1.9900E+12  2.6533E-12  1.0000E+04
  2.5620E+01  2.5690E+01  2.0000E-24  0.0000E+00  1.9900E+12  2.6533E-12  1.0000E+04
  2.5760E+01  2.5830E+01  2.0000E-24  0.0000E+00  1.9900E+12  2.6533E-12  1.0000E+04
  2.5900E+01  2.5970E+01  2.0000E-24  0.0000E+00  1.9900E+12  2.6533E-12  1.0000E+04
  2.6040E+01  2.6110E+01  2.0000E-24  0.0000E+00  1.9900E+12  2.6533E-12  1.0000E+04
  2.6180E+01  2.6250E+01  2.0000E-24  0.0000E+00  1.9900E+12  2.6533E-12  1.0000E+04
  2.6320E+01  2.6390E+01  2.0000E-24  0.0000E+00  1.9900E+12  2.6533E-12  1.0000E+04
  2.6460E+01  2.6530E+01  2.0000E-24  0.0000E+00  1.9900E+12  2.6533E-12  1.0000E+04
  2.6600E+01  2.6670E+01  2.0000E-24  0.0000E+00  1.9900E+12  2.6533E-12  1.0000E+04
  2.6740E+01  2.6810E+01  2.0000E-24  0.0000E+00  1.9900E+12  2.6533E-12  1.0000E+04
  2.6880E+01  2.6950E+01  2.0000E-24  0.0000E+00  1.9900E+12  2.6533E-12  1.0000E+04
  2.7020E+01  2.7090E+01  2.0000E-24  0.0000E+00  1.9900E+12  2.6533E-12  1.0000E+04
  2.7160E+01  2.7230E+01  2.0000E-24  0.0000E+00  1.9900E+12  2.6533E-12  1.0000E+04
  2.7300E+01  2.7370E+01  2.0000E-24  0.0000E+00  1.9900E+12  2.6533E-12  1.0000E+04
  2.7440E+01  2.7510E+01  2.0000E-24  0.0000E+00  1.9900E+12  2.6533E-12  1.0000E+04
  2.7580E+01  2.7650E+01  2.0000E-24  0.0000E+00  1.9900E+12  2.6533E-12  1.0000E+04
  2.7720E+01  2.7790E+01  2.0000E-24  0.0000E+00  1.9900E+12  2.6533E-12  1.0000E+04
  2.7860E+01  2.7930E+01  2.0000E-24  0.0000E+00  1.9900E+12  2.6533E-12  1.0000E+04
  2.8000E+01  2.8070E+01  2.0000E-24  0.0000E+00  1.9900E+12  2.6533E-12  1.0000E+04
  2.8140E+01  2.8210E+01  2.0000E-24  0.0000E+00  1.9900E+12  2.6533E-12  1.0000E+04
  2.8280E+01  2.8350E+01  2.0000E-24  0.0000E+00  1.9900E+12  2.6533E-12  1.0000E+04
  2.8420E+01  2.8490E+01  2.0000E-24  0.0000E+00  1.9900E+12  2.6533E-12  1.0000E+04
  2.8560E+01  2.8630E+01  2.0000E-24  0.0000E+00  1.9900E+12  2.6533E-12  1.0000E+04
  2.8700E+01  2.8770E+01  2.0000E-24  0.0000E+00  1.9900E+12  2.6533E-12  1.0000E+04
  2.8840E+01  2.8910E+01  2.0000E-24  0.0000E+00  1.9900E+12  2.6533E-12  1.0000E+04
  2.8980E+01  2.9050E+01  2.0000E-24  0.0000E+00  1.9900E+12  2.6533E-12  1.0000E+04
  2.9120E+01  2.9190E+01  2.0000E-24  0.0000E+00  1.9900E+12  2.6533E-12  1.0000E+04
  2.9260E+01  2.9330E+01  2.0000E-24  0.0000E+00  1.9900E+12  2.6533E-12  1.0000E+04
  2.9400E+01  2.9470E+01  2.0000E-24  0.0000E+00  1.9900E+12  2.6533E-12  1.0000E+04
  2.9540E+01  2.9610E+01  2.0000E-24  0.0000E+00  1.9900E+12  2.6533E-12  1.0000E+04
  2.9680E+01  2.9750E+01  2.0000E-24  0.0000E+00  1.9900E+12  2.6533E-12  1.0000E+04
  2.9820E+01  2.9890E+01  2.0000E-24  0.0000E+00  1.9900E+12  2.6533E-12  1.0000E+04
  2.9960E+01  3.0030E+01  2.0000E-24  0.0000E+00  1.9900E+12  2.6533E-12  1.0000E+04
  3.0100E+01  3.0170E+01  2.0000E-24  0.0000E+00  1.9900E+12  2.6533E-12  1.0000E+04
  3.0240E+01  3.0310E+01  2.0000E-24  0.0000E+00  1.9900E+12  2.6533E-12  1.0000E+04
  3.0380E+01  3.0450E+01  2.0000E-24  0.0000E+00  1.9900E+12  2.6533E-12  1.0000E+04
  3.0520E+01  3.0590E+01  2.0000E-24  0.0000E+00  1.9900E+12  2.6533E-12  1.0000E+04
  3.0660E+01  3.0730E+01  2.0000E-24  0.0000E+00  1.9900E+12  2.6533E-12  1.0000E+04
  3.0800E+01  3.0870E+01  2.0000E-24  0.0000E+00  1.9900E+12  2.6533E-12  1.0000E+04
  3.0940E+01  3.1010E+01  2.0000E-24  0.0000E+00  1.9900E+12  2.6533E-12  1.0000E+04
  3.1080E+01  3.1150E+01  2.0000E-24  0.0000E+00  1.9900E+12  2.6533E-12  1.0000E+04
  3.1220E+01  3.1290E+01  2.0000E-24  0.0000E+00  1.9900E+12  2.6533E-12  1.0000E+04
  3.1360E+01  3.1430E+01  2.0000E-24  0.0000E+00  1.9900E+12  2.6533E-12  1.0000E+04
  3.1500E+01  3.1570E+01  2.0000E-24  0.0000E+00  1.9900E+12  2.6533E-12  1.0000E+04
  3.1640E+01  3.1710E+01  2.0000E-24  0.0000E+00  1.9900E+12  2.6533E-12  1.0000E+04
  3.1780E+01  3.1850E+01  2.0000E-24  0.0000E+00  1.9900E+12  2.6533E-12  1.0000E+04
  3.1920E+01  3.1990E+01  2.0000E-24  0.0000E+00  1.9900E+12  2.6533E-12  1.0000E+04
  3.2060E+01  3.2130E+01  2.0000E-24  0.0000E+00  1.9900E+12  2.6533E-12  1.0000E+04
  3.2200E+01  3.2270E+01  2.0000E-24  0.0000E+00  1.9900E+12  2.6533E-12  1.0000E+04
  3.2340E+01  3.2410E+01  2.0000E-24  0.0000E+00  1.9900E+12  2.6533E-12  1.0000E+04
  3.2480E+01  3.2550E+01  2.0000E-24  0.0000E+00  1.9900E+12  2.6533E-12  1.0000E+04
  3.2620E+01  3.2690E+01  2.0000E-24  0.0000E+00  1.9900E+12  2.6533E-12  1.0000E+04
  3.2760E+01  3.2830E+01  2.0000E-24  0.0000E+00  1.9900E+12  2.6533E-12  1.0000E+04
  3.2900E+01  3.2970E+01  2.0000E-24  0.0000E+00  1.9900E+12  2.6533E-12  1.0000E+04
  3.3040E+01  3.3110E+01  2.0000E-24  0.0000E+00  1.9900E+12  2.6533E-12  1.0000E+04
  3.3180E+01  3.3250E+01  2.0000E-24  0.0000E+00  1.9900E+12  2.6533E-12  1.0000E+04
  3.3320E+01  3.3390E+01  2.0000E-24  0.0000E+00  1.9900E+12  2.6533E-12  1.0000E+04
  3.3460E+01  3.3530E+01  2.0000E-24  0.0000E+00  1.9900E+12  2.6533E-12  1.0000E+04
  3.3600E+01  3.3670E+01  2.0000E-24  0.0000E+00  1.9900E+12  2.6533E-12  1.0000E+04
  3.3740E+01  3.3810E+01  2.0000E-24  0.0000E+00  1.9900E+12  2.6533E-12  1.0000E+04
  3.3880E+01  3.3950E+01  2.0000E-24  0.0000E+00  1.9900E+12  2.6533E-12  1.0000E+04
  3.4020E+01  3.4090E+01  2.0000E-24  0.0000E+00  1.9900E+12  2.6533E-12  1.0000E+04
  3.4160E+01  3.4230E+01  2.0000E-24  0.0000E+00  1.9900E+12  2.6533E-12  1.0000E+04
  3.4300E+01  3.4370E+01  2.0000E-24  0.0000E+00  1.9900E+12  2.6533E-12  1.0000E+04
  3.4440E+01  3.4510E+01  2.0000E-24  0.0000E+00  1.9900E+12  2.6533E-12  1.0000E+04
  3.4580E+01  3.4650E+01  2.0000E-24  0.0000E+00  1.9900E+12  2.6533E-12  1.0000E+04
  3.4720E+01  3.4790E+01  2.0000E-24  0.0000E+00  1.9900E+12  2.6533E-12  1.0000E+04
  3.4860E+01  3.4930E+01  2.0000E-24  0.0000E+00  1.9900E+12  2.6533E-12  1.0000E+04
  3.5000E+01  3.5070E+01  2.0000E-24  0.0000E+00  1.9900E+12  2.6533E-12  1.0000E+04
  3.5140E+01  3.5210E+01  2.0000E-24  0.0000E+00  1.9900E+12  2.6533E-12  1.0000E+04
  3.5280E+01  3.5350E+01  2.0000E-24  0.0000E+00  1.9900E+12  2.6533E-12  1.0000E+04
  3.5420E+01  3.5490E+01  2.0000E-24  0.0000E+00  1.9900E+12  2.6533E-12  1.0000E+04
  3.5560E+01  3.5630E+01  2.0000E-24  0.0000E+00  1.9900E+12  2.6533E-12  1.0000E+04
  3.5700E+01  3.5770E+01  2.0000E-24  0.0000E+00  1.9900E+12  2.6533E-12  1.0000E+04
  3.5840E+01  3.5910E+01  2.0000E-24  0.0000E+00  1.9900E+12  2.6533E-12  1.0000E+04
  3.5980E+01  3.6050E+01  2.0000E-24  0.0000E+00  1.9900E+12  2.6533E-12  1.0000E+04
  3.6120E+01  3.6190E+01  2.0000E-24  0.0000E+00  1.9900E+12  2.6533E-12  1.0000E+04
  3.6260E+01  3.6330E+01  2.0000E-24  0.0000E+00  1.9900E+12  2.6533E-12  1.0000E+04
  3.6400E+01  3.6470E+01  2.0000E-24  0.0000E+00  1.9900E+12  2.6533E-12  1.0000E+04
  3.6540E+01  3.6610E+01  2.0000E-24  0.0000E+00  1.9900E+12  2.6533E-12  1.0000E+04
  3.6680E+01  3.6750E+01  2.0000E-24  0.0000E+00  1.9900E+12  2.6533E-12  1.0000E+04
  3.6820E+01  3.6890E+01  2.0000E-24  0.0000E+00  1.9900E+12  2.6533E-12  1.0000E+04
  3.6960E+01  3.7030E+01  2.0000E-24  0.0000E+00  1.9900E+12  2.6533E-12  1.0000E+04
  3.7100E+01  3.7170E+01  2.0000E-24  0.0000E+00  1.9900E+12  2.6533E-12  1.0000E+04
  3.7240E+01  3.7310E+01  2.0000E-24  0.0000E+00  1.9900E+12  2.6533E-12  1.0000E+04
  3.7380E+01  3.7450E+01  2.0000E-24  0.0000E+00  1.9900E+12  2.6533E-12  1.0000E+04
  3.7520E+01  3.7590E+01  2.0000E-24  0.0000E+00  1.9900E+12  2.6533E-12  1.0000E+04
  3.7660E+01  3.7730E+01  2.0000E-24  0.0000E+00  1.9900E+12  2.6533E-12  1.0000E+04
  3.7800E+01  3.7870E+01  2.0000E-24  0.0000E+00  1.9900E+12  2.6533E-12  1.0000E+04
  3.7940E+01  3.8010E+01  2.0000E-24  0.0000E+00  1.9900E+12  2.6533E-12  1.0000E+04
  3.8080E+01  3.8150E+01  2.0000E-24  0.0000E+00  1.9900E+12  2.6533E-12  1.0000E+04
  3.8220E+01  3.8290E+01  2.0000E-24  0.0000E+00  1.9900E+12  2.6533E-12  1.0000E+04
  3.8360E+01  3.8430E+01  2.0000E-24  0.0000E+00  1.9900E+12  2.6533E-12  1.0000E+04
  3.8500E+01  3.8570E+01  2.0000E-24  0.0000E+00  1.9900E+12  2.6533E-12  1.0000E+04
  3.8640E+01  3.8710E+01  2.0000E-24  0.0000E+00  1.9900E+12  2.6533E-12  1.0000E+04
  3.8780E+01  3.8850E+01  2.0000E-24  0.0000E+00  1.9900E+12  2.6533E-12  1.0000E+04
  3.8920E+01  3.8990E+01  2.0000E-24  0.0000E+00  1.9900E+12  2.6533E-12  1.0000E+04
  3.9060E+01  3.9130E+01  2.0000E-24  0.0000E+00  1.9900E+12  2.6533E-12  1.0000E+04
  3.9200E+01  3.9270E+01  2.0000E-24  0.0000E+00  1.9900E+12  2.6533E-12  1.0000E+04
  3.9340E+01  3.9410E+01  2.0000E-24  0.0000E+00  1.9900E+12  2.6533E-12  1.0000E+04
  3.9480E+01  3.9550E+01  2.0000E-24  0.0000E+00  1.9900E+12  2.6533E-12  1.0000E+04
  3.9620E+01  3.9690E+01  2.0000E-24  0.0000E+00  1.9900E+12  2.6533E-12  1.0000E+04
  3.9760E+01  3.9830E+01  2.0000E-24  0.0000E+00  1.9900E+12  2.6533E-12  1.0000E+04
  3.9900E+01  3.9970E+01  2.0000E-24  0.0000E+00  1.9900E+12  2.6533E-12  1.0000E+04
  4.0040E+01  4.0110E+01  2.0000E-24  0.0000E+00  1.9900E+12  2.6533E-12  1.0000E+04
  4.0180E+01  4.0250E+01  2.0000E-24  0.0000E+00  1.9900E+12  2.6533E-12  1.0000E+04
  4.0320E+01  4.0390E+01  2.0000E-24  0.0000E+00  1.9900E+12  2.6533E-12  1.0000E+04
  4.0460E+01  4.0530E+01  2.0000E-24  0.0000E+00  1.9900E+12  2.6533E-12  1.0000E+04
  4.0600E+01  4.0670E+01  2.0000E-24  0.0000E+00  1.9900E+12  2.6533E-12  1.0000E+04
  4.0740E+01  4.0810E+01  2.0000E-24  0.0000E+00  1.9900E+12  2.6533E-12  1.0000E+04
  4.0880E+01  4.0950E+01  2.0000E-24  0.0000E+00  1.9900E+12  2.6533E-12  1.0000E+04
  4.1020E+01  4.1090E+01  2.0000E-24  0.0000E+00  1.9900E+12  2.6533E-12  1.0000E+04
  4.1160E+01  4.1230E+01  2.0000E-24  0.0000E+00  1.9900E+12  2.6533E-12  1.0000E+04
  4.1300E+01  4.1370E+01  2.0000E-24  0.0000E+00  1.9900E+12  2.6533E-12  1.0000E+04
  4.1440E+01  4.1510E+01  2.0000E-24  0.0000E+00  1.9900E+12  2.6533E-12  1.0000E+04
  4.1580E+01  4.1650E+01  2.0000E-24  0.0000E+00  1.9900E+12  2.6533E-12  1.0000E+04
  4.1720E+01  4.1790E+01  2.0000E-24  0.0000E+00  1.9900E+12  2.6533E-12  1.0000E+04
  4.1860E+01  4.1930E+01  2.0000E-24  0.0000E+00  1.9900E+12  2.6533E-12  1.0000E+04
  4.2000E+01  4.2070E+01  2.0000E-24  0.0000E+00  1.9900E+12  2.6533E-12  1.0000E+04
  4.2140E+01  4.2210E+01  2.0000E-24  0.0000E+00  1.9900E+12  2.6533E-12  1.0000E+04
  4.2280E+01  4.2350E+01  2.0000E-24  0.0000E+00  1.9900E+12  2.6533E-12  1.0000E+04
  4.2420E+01  4.2490E+01  2.0000E-24  0.0000E+00  1.9900E+12  2.6533E-12  1.0000E+04
  4.2560E+01  4.2630E+01  2.0000E-24  0.0000E+00  1.9900E+12  2.6533E-12  1.0000E+04
  4.2700E+01  4.2770E+01  2.0000E-24  0.0000E+00  1.9900E+12  2.6533E-12  1.0000E+04
  4.2840E+01  4.2910E+01  2.0000E-24  0.0000E+00  1.9900E+12  2.6533E-12  1.0000E+04
  4.2980E+01  4.3050E+01  2.0000E-24  0.0000E+00  1.9900E+12  2.6533E-12  1.0000E+04
  4.3120E+01  4.3190E+01  2.0000E-24  0.0000E+00  1.9900E+12  2.6533E-12  1.0000E+04
  4.3260E+01  4.3330E+01  2.0000E-24  0.0000E+00  1.9900E+12  2.6533E-12  1.0000E+04
  4.3400E+01  4.3470E+01  2.0000E-24  0.0000E+00  1.9900E+12  2.6533E-12  1.0000E+04
  4.3540E+01  4.3610E+01  2.0000E-24  0.0000E+00  1.9900E+12  2.6533E-12  1.0000E+04
  4.3680E+01  4.3750E+01  2.0000E-24  0.0000E+00  1.9900E+12  2.6533E-12  1.0000E+04
  4.3820E+01  4.3890E+01  2.0000E-24  0.0000E+00  1.9900E+12  2.6533E-12  1.0000E+04
  4.3960E+01  4.4030E+01  2.0000E-24  0.0000E+00  1.9900E+12  2.6533E-12  1.0000E+04
  4.4100E+01  4.4170E+01  2.0000E-24  0.0000E+00  1.9900E+12  2.6533E-12  1.0000E+04
  4.4240E+01  4.4310E+01  2.0000E-24  0.0000E+00  1.9900E+12  2.6533E-12  1.0000E+04
  4.4380E+01  4.4450E+01  2.0000E-24  0.0000E+00  1.9900E+12  2.6533E-12  1.0000E+04
  4.4520E+01  4.4590E+01  2.0000E-24  0.0000E+00  1.9900E+12  2.6533E-12  1.0000E+04
  4.4660E+01  4.4730E+01  2.0000E-24  0.0000E+00  1.9900E+12  2.6533E-12  1.0000E+04
  4.4800E+01  4.4870E+01  2.0000E-24  0.0000E+00  1.9900E+12  2.6533E-12  1.0000E+04
  4.4940E+01  4.5010E+01  2.0000E-24  0.0000E+00  1.9900E+12  2.6533E-12  1.0000E+04
  4.5080E+01  4.5150E+01  2.0000E-24  0.0000E+00  1.9900E+12  2.6533E-12  1.0000E+04
  4.5220E+01  4.5290E+01  2.0000E-24  0.0000E+00  1.9900E+12  2.6533E-12  1.0000E+04
  4.5360E+01  4.5430E+01  2.0000E-24  0.0000E+00  1.9900E+12  2.6533E-12  1.0000E+04
  4.5500E+01  4.5570E+01  2.0000E-24  0.0000E+00  1.9900E+12  2.6533E-12  1.0000E+04
  4.5640E+01  4.5710E+01  2.0000E-24  0.0000E+00  1.9900E+12  2.6533E-12  1.0000E+04
  4.5780E+01  4.5850E+01  2.0000E-24  0.0000E+00  1.9900E+12  2.6533E-12  1.0000E+04
  4.5920E+01  4.5990E+01  2.0000E-24  0.0000E+00  1.9900E+12  2.6533E-12  1.0000E+04
  4.6060E+01  4.6130E+01  2.0000E-24  0.0000E+00  1.9900E+12  2.6533E-12  1.0000E+04
  4.6200E+01  4.6270E+01  2.0000E-24  0.0000E+00  1.9900E+12  2.6533E-12  1.0000E+04
  4.6340E+01  4.6410E+01  2.0000E-24  0.0000E+00  1.9900E+12  2.6533E-12  1.0000E+04
  4.6480E+01  4.6550E+01  2.0000E-24  0.0000E+00  1.9900E+12  2.6533E-12  1.0000E+04
  4.6620E+01  4.6690E+01  2.0000E-24  0.0000E+00  1.9900E+12  2.6533E-12  1.0000E+04
  4.6760E+01  4.6830E+01  2.0000E-24  0.0000E+00  1.9900E+12  2.6533E-12  1.0000E+04
  4.6900E+01  4.6970E+01  2.0000E-24  0.0000E+00  1.9900E+12  2.6533E-12  1.0000E+04
  4.7040E+01  4.7110E+01  2.0000E-24  0.0000E+00  1.9900E+12  2.6533E-12  1.0000E+04
  4.7180E+01  4.7250E+01  2.0000E-24  0.0000E+00  1.9900E+12  2.6533E-12  1.0000E+04
  4.7320E+01  4.7390E+01  2.0000E-24  0.0000E+00  1.9900E+12  2.6533E-12  1.0000E+04
  4.7460E+01  4.7530E+01  2.0000E-24  0.0000E+00  1.9900E+12  2.6533E-12  1.0000E+04
  4.7600E+01  4.7670E+01  2.0000E-24  0.0000E+00  1.9900E+12  2.6533E-12  1.0000E+04
  4.7740E+01  4.7810E+01  2.0000E-24  0.0000E+00  1.9900E+12  2.6533E-12  1.0000E+04
  4.7880E+01  4.7950E+01  2.0000E-24  0.0000E+00  1.9900E+12  2.6533E-12  1.0000E+04
  4.8020E+01  4.8090E+01  2.0000E-24  0.0000E+00  1.9900E+12  2.6533E-12  1.0000E+04
  4.8160E+01  4.8230E+01  2.0000E-24  0.0000E+00  1.9900E+12  2.6533E-12  1.0000E+04
  4.8300E+01  4.8370E+01  2.0000E-24  0.0000E+00  1.9900E+12  2.6533E-12  1.0000E+04
  4.8440E+01  4.8510E+01  2.0000E-24  0.0000E+00  1.9900E+12  2.6533E-12  1.0000E+04
  4.8580E+01  4.8650E+01  2.0000E-24  0.0000E+00  1.9900E+12  2.6533E-12  1.0000E+04
  4.8720E+01  4.8790E+01  2.0000E-24  0.0000E+00  1.9900E+12  2.6533E-12  1.0000E+04
  4.8860E+01  4.8930E+01  2.0000E-24  0.0000E+00  1.9900E+12  2.6533E-12  1.0000E+04
  4.9000E+01  4.9070E+01  2.0000E-24  0.0000E+00  1.9900E+12  2.6533E-12  1.0000E+04
  4.9140E+01  4.9210E+01  2.0000E-24  0.0000E+00  1.9900E+12  2.6533E-12  1.0000E+04
  4.9280E+01  4.9350E+01  2.0000E-24  0.0000E+00  1.9900E+12  2.6533E-12  1.0000E+04
  4.9420E+01  4.9490E+01  2.0000E-24  0.0000E+00  1.9900E+12  2.6533E-12  1.0000E+04
  4.9560E+01  4.9630E+01  2.0000E-24  0.0000E+00  1.9900E+12  2.6533E-12  1.0000E+04
  4.9700E+01  4.9770E+01  2.0000E-24  0.0000E+00  1.9900E+12  2.6533E-12  1.0000E+04
  4.9840E+01  4.9910E+01  2.0000E-24  0.0000E+00  1.9900E+12  2.6533E-12  1.0000E+04
  4.9980E+01  5.0050E+01  2.0000E-24  0.0000E+00  1.9900E+12  2.6533E-12  1.0000E+04
  5.0120E+01  5.0190E+01  2.0000E-24  0.0000E+00  1.9900E+12  2.6533E-12  1.0000E+04
  5.0260E+01  5.0330E+01  2.0000E-24  0.0000E+00  1.9900E+12  2.6533E-12  1.0000E+04
  5.0400E+01  5.0470E+01  2.0000E-24  0.0000E+00  1.9900E+12  2.6533E-12  1.0000E+04
  5.0540E+01  5.0610E+01  2.0000E-24  0.0000E+00  1.9900E+12  2.6533E-12  1.0000E+04
  5.0680E+01  5.0750E+01  2.0000E-24  0.0000E+00  1.9900E+12  2.6533E-12  1.0000E+04
  5.0820E+01  5.0890E+01  2.0000E-24  0.0000E+00  1.9900E+12  2.6533E-12  1.0000E+04
  5.0960E+01  5.1030E+01  2.0000E-24  0.0000E+00  1.9900E+12  2.6533E-12  1.0000E+04
  5.1100E+01  5.1170E+01  2.0000E-24  0.0000E+00  1.9900E+12  2.6533E-12  1.0000E+04
  5.1240E+01  5.1310E+01  2.0000E-24  0.0000E+00  1.9900E+12  2.6533E-12  1.0000E+04
  5.1380E+01  5.1450E+01  2.0000E-24  0.0000E+00  1.9900E+12  2.6533E-12  1.0000E+04
  5.1520E+01  5.1590E+01  2.0000E-24  0.0000E+00  1.9900E+12  2.6533E-12  1.0000E+04
  5.1660E+01  5.1730E+01  2.0000E-24  0.0000E+00  1.9900E+12  2.6533E-12  1.0000E+04
  5.1800E+01  5.1870E+01  2.0000E-24  0.0000E+00  1.9900E+12  2.6533E-12  1.0000E+04
  5.1940E+01  5.2010E+01  2.0000E-24  0.0000E+00  1.9900E+12  2.6533E-12  1.0000E+04
  5.2080E+01  5.2150E+01  2.0000E-24  0.0000E+00  1.9900E+12  2.6533E-12  1.0000E+04
  5.2220E+01  5.2290E+01  2.0000E-24  0.0000E+00  1.9900E+12  2.6533E-12  1.0000E+04
  5.2360E+01  5.2430E+01  2.0000E-24  0.0000E+00  1.9900E+12  2.6533E-12  1.0000E+04
  5.2500E+01  5.2570E+01  2.0000E-24  0.0000E+00  1.9900E+12  2.6533E-12  1.0000E+04
  5.2640E+01  5.2710E+01  2.0000E-24  0.0000E+00  1.9900E+12  2.6533E-12  1.0000E+04
  5.2780E+01  5.2850E+01  2.0000E-24  0.0000E+00  1.9900E+12  2.6533E-12  1.0000E+04
  5.2920E+01  5.2990E+01  2.0000E-24  0.0000E+00  1.9900E+12  2.6533E-12  1.0000E+04
  5.3060E+01  5.3130E+01  2.0000E-24  0.0000E+00  1.9900E+12  2.6533E-12  1.0000E+04
  5.3200E+01  5.3270E+01  2.0000E-24  0.0000E+00  1.9900E+12  2.6533E-12  1.0000E+04
  5.3340E+01  5.3410E+01  2.0000E-24  0.0000E+00  1.9900E+12  2.6533E-12  1.0000E+04
  5.3480E+01  5.3550E+01  2.0000E-24  0.0000E+00  1.9900E+12  2.6533E-12  1.0000E+04
  5.3620E+01  5.3690E+01  2.0000E-24  0.0000E+00  1.9900E+12  2.6533E-12  1.0000E+04
  5.3760E+01  5.3830E+01  2.0000E-24  0.0000E+00  1.9900E+12  2.6533E-12  1.0000E+04
  5.3900E+01  5.3970E+01  2.0000E-24  0.0000E+00  1.9900E+12  2.6533E-12  1.0000E+04
  5.4040E+01  5.4110E+01  2.0000E-24  0.0000E+00  1.9900E+12  2.6533E-12  1.0000E+04
  5.4180E+01  5.4250E+01  2.0000E-24  0.0000E+00  1.9900E+12  2.6533E-12  1.0000E+04
  5.4320E+01  5.4390E+01  2.0000E-24  0.0000E+00  1.9900E+12  2.6533E-12  1.0000E+04
  5.4460E+01  5.4530E+01  2.0000E-24  0.0000E+00  1.9900E+12  2.6533E-12  1.0000E+04
  5.4600E+01  5.4670E+01  2.0000E-24  0.0000E+00  1.9900E+12  2.6533E-12  1.0000E+04
  5.4740E+01  5.4810E+01  2.0000E-24  0.0000E+00  1.9900E+12  2.6533E-12  1.0000E+04
  5.4880E+01  5.4950E+01  2.0000E-24  0.0000E+00  1.9900E+12  2.6533E-12  1.0000E+04
  5.5020E+01  5.5090E+01  2.0000E-24  0.0000E+00  1.9900E+12  2.6533E-12  1.0000E+04
  5.5160E+01  5.5230E+01  2.0000E-24  0.0000E+00  1.9900E+12  2.6533E-12  1.0000E+04
  5.5300E+01  5.5370E+01  2.0000E-24  0.0000E+00  1.9900E+12  2.6533E-12  1.0000E+04
  5.5440E+01  5.5510E+01  2.0000E-24  0.0000E+00  1.9900E+12  2.6533E-12  1.0000E+04
  5.5580E+01  5.5650E+01  2.0000E-24  0.0000E+00  1.9900E+12  2.6533E-12  1.0000E+04
  5.5720E+01  5.5790E+01  2.0000E-24  0.0000E+00  1.9900E+12  2.6533E-12  1.0000E+04
  5.5860E+01  5.5930E+01  2.0000E-24  0.0000E+00  1.9900E+12  2.6533E-12  1.0000E+04
  5.6000E+01  5.6070E+01  2.0000E-24  0.0000E+00  1.9900E+12  2.6533E-12  1.0000E+04
  5.6140E+01  5.6210E+01  2.0000E-24  0.0000E+00  1.9900E+12  2.6533E-12  1.0000E+04
  5.6280E+01  5.6350E+01  2.0000E-24  0.0000E+00  1.9900E+12  2.6533E-12  1.0000E+04
  5.6420E+01  5.6490E+01  2.0000E-24  0.0000E+00  1.9900E+12  2.6533E-12  1.0000E+04
  5.6560E+01  5.6630E+01  2.0000E-24  0.0000E+00  1.9900E+12  2.6533E-12  1.0000E+04
  5.6700E+01  5.6770E+01  2.0000E-24  0.0000E+00  1.9900E+12  2.6533E-12  1.0000E+04
  5.6840E+01  5.6910E+01  2.0000E-24  0.0000E+00  1.9900E+12  2.6533E-12  1.0000E+04
  5.6980E+01  5.7050E+01  2.0000E-24  0.0000E+00  1.9900E+12  2.6533E-12  1.0000E+04
  5.7120E+01  5.7190E+01  2.0000E-24  0.0000E+00  1.9900E+12  2.6533E-12  1.0000E+04
  5.7260E+01  5.7330E+01  2.0000E-24  0.0000E+00  1.9900E+12  2.6533E-12  1.0000E+04
  5.7400E+01  5.7470E+01  2.0000E-24  0.0000E+00  1.9900E+12  2.6533E-12  1.0000E+04
  5.7540E+01  5.7610E+01  2.0000E-24  0.0000E+00  1.9900E+12  2.6533E-12  1.0000E+04
  5.7680E+01  5.7750E+01  2.0000E-24  0.0000E+00  1.9900E+12  2.6533E-12  1.0000E+04
  5.7820E+01  5.7890E+01  2.0000E-24  0.0000E+00  1.9900E+12  2.6533E-12  1.0000E+04
  5.7960E+01  5.8030E+01  2.0000E-24  0.0000E+00  1.9900E+12  2.6533E-12  1.0000E+04
  5.8100E+01  5.8170E+01  2.0000E-24  0.0000E+00  1.9900E+12  2.6533E-12  1.0000E+04
  5.8240E+01  5.8310E+01  2.0000E-24  0.0000E+00  1.9900E+12  2.6533E-12  1.0000E+04
  5.8380E+01  5.8450E+01  2.0000E-24  0.0000E+00  1.9900E+12  2.6533E-12  1.0000E+04
  5.8520E+01  5.8590E+01  2.0000E-24  0.0000E+00  1.9900E+12  2.6533E-12  1.0000E+04
  5.8660E+01  5.8730E+01  2.0000E-24  0.0000E+00  1.9900E+12  2.6533E-12  1.0000E+04
  5.8800E+01  5.8870E+01  2.0000E-24  0.0000E+00  1.9900E+12  2.6533E-12  1.0000E+04
  5.8940E+01  5.9010E+01  2.0000E-24  0.0000E+00  1.9900E+12  2.6533E-12  1.0000E+04
  5.9080E+01  5.9150E+01  2.0000E-24  0.0000E+00  1.9900E+12  2.6533E-12  1.0000E+04
  5.9220E+01  5.9290E+01  2.0000E-24  0.0000E+00  1.9900E+12  2.6533E-12  1.0000E+04
  5.9360E+01  5.9430E+01  2.0000E-24  0.0000E+00  1.9900E+12  2.6533E-12  1.0000E+04
  5.9500E+01  5.9570E+01  2.0000E-24  0.0000E+00  1.9900E+12  2.6533E-12  1.0000E+04
  5.9640E+01  5.9710E+01  2.0000E-24  0.0000E+00  1.9900E+12  2.6533E-12  1.0000E+04
  5.9780E+01  5.9850E+01  2.0000E-24  0.0000E+00  1.9900E+12  2.6533E-12  1.0000E+04
  5.9920E+01  5.9990E+01  2.0000E-24  0.0000E+00  1.9900E+12  2.6533E-12  1.0000E+04
  6.0060E+01  6.0130E+01  2.0000E-24  0.0000E+00  1.9900E+12  2.6533E-12  1.0000E+04
  6.0200E+01  6.0270E+01  2.0000E-24  0.0000E+00  1.9900E+12  2.6533E-12  1.0000E+04
  6.0340E+01  6.0410E+01  2.0000E-24  0.0000E+00  1.9900E+12  2.6533E-12  1.0000E+04
  6.0480E+01  6.0550E+01  2.0000E-24  0.0000E+00  1.9900E+12  2.6533E-12  1.0000E+04
  6.0620E+01  6.0690E+01  2.0000E-24  0.0000E+00  1.9900E+12  2.6533E-12  1.0000E+04
  6.0760E+01  6.0830E+01  2.0000E-24  0.0000E+00  1.9900E+12  2.6533E-12  1.0000E+04
  6.0900E+01  6.0970E+01  2.0000E-24  0.0000E+00  1.9900E+12  2.6533E-12  1.0000E+04
  6.1040E+01  6.1110E+01  2.0000E-24  0.0000E+00  1.9900E+12  2.6533E-12  1.0000E+04
  6.1180E+01  6.1250E+01  2.0000E-24  0.0000E+00  1.9900E+12  2.6533E-12  1.0000E+04
  6.1320E+01  6.1390E+01  2.0000E-24  0.0000E+00  1.9900E+12  2.6533E-12  1.0000E+04
  6.1460E+01  6.1530E+01  2.0000E-24  0.0000E+00  1.9900E+12  2.6533E-12  1.0000E+04
  6.1600E+01  6.1670E+01  2.0000E-24  0.0000E+00  1.9900E+12  2.6533E-12  1.0000E+04
  6.1740E+01  6.1810E+01  2.0000E-24  0.0000E+00  1.9900E+12  2.6533E-12  1.0000E+04
  6.1880E+01  6.1950E+01  2.0000E-24  0.0000E+00  1.9900E+12  2.6533E-12  1.0000E+04
  6.2020E+01  6.2090E+01  2.0000E-24  0.0000E+00  1.9900E+12  2.6533E-12  1.0000E+04
  6.2160E+01  6.2230E+01  2.0000E-24  0.0000E+00  1.9900E+12  2.6533E-12  1.0000E+04
  6.2300E+01  6.2370E+01  2.0000E-24  0.0000E+00  1.9900E+12  2.6533E-12  1.0000E+04
  6.2440E+01  6.2510E+01  2.0000E-24  0.0000E+00  1.9900E+12  2.6533E-12  1.0000E+04
  6.2580E+01  6.2650E+01  2.0000E-24  0.0000E+00  1.9900E+12  2.6533E-12  1.0000E+04
  6.2720E+01  6.2790E+01  2.0000E-24  0.0000E+00  1.9900E+12  2.6533E-12  1.0000E+04
  6.2860E+01  6.2930E+01  2.0000E-24  0.0000E+00  1.9900E+12  2.6533E-12  1.0000E+04
  6.3000E+01  6.3070E+01  2.0000E-24  0.0000E+00  1.9900E+12  2.6533E-12  1.0000E+04
  6.3140E+01  6.3210E+01  2.0000E-24  0.0000E+00  1.9900E+12  2.6533E-12  1.0000E+04
  6.3280E+01  6.3350E+01  2.0000E-24  0.0000E+00  1.9900E+12  2.6533E-12  1.0000E+04
  6.3420E+01  6.3490E+01  2.0000E-24  0.0000E+00  1.9900E+12  2.6533E-12  1.0000E+04
  6.3560E+01  6.3630E+01  2.0000E-24  0.0000E+00  1.9900E+12  2.6533E-12  1.0000E+04
  6.3700E+01  6.3770E+01  2.0000E-24  0.0000E+00  1.9900E+12  2.6533E-12  1.0000E+04
  6.3840E+01  6.3910E+01  2.0000E-24  0.0000E+00  1.9900E+12  2.6533E-12  1.0000E+04
  6.3980E+01  6.4050E+01  2.0000E-24  0.0000E+00  1.9900E+12  2.6533E-12  1.0000E+04
  6.4120E+01  6.4190E+01  2.0000E-24  0.0000E+00  1.9900E+12  2.6533E-12  1.0000E+04
  6.4260E+01  6.4330E+01  2.0000E-24  0.0000E+00  1.9900E+12  2.6533E-12  1.0000E+04
  6.4400E+01  6.4470E+01  2.0000E-24  0.0000E+00  1.9900E+12  2.6533E-12  1.0000E+04
  6.4540E+01  6.4610E+01  2.0000E-24  0.0000E+00  1.9900E+12  2.6533E-12  1.0000E+04
  6.4680E+01  6.4750E+01  2.0000E-24  0.0000E+00  1.9900E+12  2.6533E-12  1.0000E+04
  6.4820E+01  6.4890E+01  2.0000E-24  0.0000E+00  1.9900E+12  2.6533E-12  1.0000E+04
  6.4960E+01  6.5030E+01  2.0000E-24  0.0000E+00  1.9900E+12  2.6533E-12  1.0000E+04
  6.5100E+01  6.5170E+01  2.0000E-24  0.0000E+00  1.9900E+12  2.6533E-12  1.0000E+04
  6.5240E+01  6.5310E+01  2.0000E-24  0.0000E+00  1.9900E+12  2.6533E-12  1.0000E+04
  6.5380E+01  6.5450E+01  2.0000E-24  0.0000E+00  1.9900E+12  2.6533E-12  1.0000E+04
  6.5520E+01  6.5590E+01  2.0000E-24  0.0000E+00  1.9900E+12  2.6533E-12  1.0000E+04
  6.5660E+01  6.5730E+01  2.0000E-24  0.0000E+00  1.9900E+12  2.6533E-12  1.0000E+04
  6.5800E+01  6.5870E+01  2.0000E-24  0.0000E+00  1.9900E+12  2.6533E-12  1.0000E+04
  6.5940E+01  6.6010E+01  2.0000E-24  0.0000E+00  1.9900E+12  2.6533E-12  1.0000E+04
  6.6080E+01  6.6150E+01  2.0000E-24  0.0000E+00  1.9900E+12  2.6533E-12  1.0000E+04
  6.6220E+01  6.6290E+01  2.0000E-24  0.0000E+00  1.9900E+12  2.6533E-12  1.0000E+04
  6.6360E+01  6.6430E+01  2.0000E-24  0.0000E+00  1.9900E+12  2.6533E-12  1.0000E+04
  6.6500E+01  6.6570E+01  2.0000E-24  0.0000E+00  1.9900E+12  2.6533E-12  1.0000E+04
  6.6640E+01  6.6710E+01  2.0000E-24  0.0000E+00  1.9900E+12  2.6533E-12  1.0000E+04
  6.6780E+01  6.6850E+01  2.0000E-24  0.0000E+00  1.9900E+12  2.6533E-12  1.0000E+04
  6.6920E+01  6.6990E+01  2.0000E-24  0.0000E+00  1.9900E+12  2.6533E-12  1.0000E+04
  6.7060E+01  6.7130E+01  2.0000E-24  0.0000E+00  1.9900E+12  2.6533E-12  1.0000E+04
  6.7200E+01  6.7270E+01  2.0000E-24  0.0000E+00  1.9900E+12  2.6533E-12  1.0000E+04
  6.7340E+01  6.7410E+01  2.0000E-24  0.0000E+00  1.9900E+12  2.6533E-12  1.0000E+04
  6.7480E+01  6.7550E+01  2.0000E-24  0.0000E+00  1.9900E+12  2.6533E-12  1.0000E+04
  6.7620E+01  6.7690E+01  2.0000E-24  0.0000E+00  1.9900E+12  2.6533E-12  1.0000E+04
  6.7760E+01  6.7830E+01  2.0000E-24  0.0000E+00  1.9900E+12  2.6533E-12  1.0000E+04
  6.7900E+01  6.7970E+01  2.0000E-24  0.0000E+00  1.9900E+12  2.6533E-12  1.0000E+04
  6.8040E+01  6.8110E+01  2.0000E-24  0.0000E+00  1.9900E+12  2.6533E-12  1.0000E+04
  6.8180E+01  6.8250E+01  2.0000E-24  0.0000E+00  1.9900E+12  2.6533E-12  1.0000E+04
  6.8320E+01  6.8390E+01  2.0000E-24  0.0000E+00  1.9900E+12  2.6533E-12  1.0000E+04
  6.8460E+01  6.8530E+01  2.0000E-24  0.0000E+00  1.9900E+12  2.6533E-12  1.0000E+04
  6.8600E+01  6.8670E+01  2.0000E-24  0.0000E+00  1.9900E+12  2.6533E-12  1.0000E+04
  6.8740E+01  6.8810E+01  2.0000E-24  0.0000E+00  1.9900E+12  2.6533E-12  1.0000E+04
  6.8880E+01  6.8950E+01  2.0000E-24  0.0000E+00  1.9900E+12  2.6533E-12  1.0000E+04
  6.9020E+01  6.9090E+01  2.0000E-24  0.0000E+00  1.9900E+12  2.6533E-12  1.0000E+04
  6.9160E+01  6.9230E+01  2.0000E-24  0.0000E+00  1.9900E+12  2.6533E-12  1.0000E+04
  6.9300E+01  6.9370E+01  2.0000E-24  0.0000E+00  1.9900E+12  2.6533E-12  1.0000E+04
  6.9440E+01  6.9510E+01  2.0000E-24  0.0000E+00  1.9900E+12  2.6533E-12  1.0000E+04
  6.9580E+01  6.9650E+01  2.0000E-24  0.0000E+00  1.9900E+12  2.6533E-12  1.0000E+04
  6.9720E+01  6.9790E+01  2.0000E-24  0.0000E+00  1.9900E+12  2.6533E-12  1.0000E+04
  6.9860E+01  6.9930E+01  2.0000E-24 -0.0000E+00  1.9900E+12  2.6533E-12  1.0000E+04
