  0.0000E+00  1.0000E+00  0.0000E+00  0.0000E+00  1.4892E+01  1.1089E+12 -8.8709E+12 -7.7620E+12
  3.9999E-03  1.0000E+00  1.2566E-02 -7.4855E-01  1.4892E+01  1.1117E+12 -8.8709E+12 -7.7592E+12
  7.9997E-03  9.9937E-01  2.5133E-02 -1.4969E+00  1.4883E+01  1.1187E+12 -8.8702E+12 -7.7515E+12
  1.2000E-02  9.9811E-01  3.7691E-02 -2.2457E+00  1.4864E+01  1.1299E+12 -8.8737E+12 -7.7438E+12
  1.5999E-02  9.9621E-01  5.0234E-02 -2.9955E+00  1.4835E+01  1.1453E+12 -8.8814E+12 -7.7360E+12
  1.9999E-02  9.9368E-01  6.2752E-02 -3.7469E+00  1.4798E+01  1.1650E+12 -8.8933E+12 -7.7283E+12
  2.3999E-02  9.9052E-01  7.5239E-02 -4.5005E+00  1.4750E+01  1.1891E+12 -8.9095E+12 -7.7204E+12
  2.7999E-02  9.8672E-01  8.7686E-02 -5.2569E+00  1.4693E+01  1.2175E+12 -8.9300E+12 -7.7125E+12
  3.1999E-02  9.8229E-01  1.0008E-01 -6.0167E+00  1.4625E+01  1.2505E+12 -8.9549E+12 -7.7045E+12
  3.5999E-02  9.7721E-01  1.1242E-01 -6.7806E+00  1.4547E+01  1.2880E+12 -8.9843E+12 -7.6963E+12
  3.9999E-02  9.7149E-01  1.2470E-01 -7.5491E+00  1.4459E+01  1.3302E+12 -9.0182E+12 -7.6880E+12
  4.3999E-02  9.6512E-01  1.3690E-01 -8.3231E+00  1.4359E+01  1.3773E+12 -9.0569E+12 -7.6796E+12
  4.7998E-02  9.5809E-01  1.4902E-01 -9.1030E+00  1.4249E+01  1.4295E+12 -9.1004E+12 -7.6709E+12
  5.1998E-02  9.5041E-01  1.6104E-01 -9.8898E+00  1.4126E+01  1.4868E+12 -9.1488E+12 -7.6620E+12
  5.5998E-02  9.4207E-01  1.7296E-01 -1.0684E+01  1.3992E+01  1.5496E+12 -9.2025E+12 -7.6529E+12
  5.9998E-02  9.3305E-01  1.8477E-01 -1.1487E+01  1.3844E+01  1.6181E+12 -9.2616E+12 -7.6435E+12
  6.3998E-02  9.2336E-01  1.9645E-01 -1.2298E+01  1.3684E+01  1.6925E+12 -9.3262E+12 -7.6338E+12
  6.7998E-02  9.1298E-01  2.0800E-01 -1.3120E+01  1.3509E+01  1.7731E+12 -9.3968E+12 -7.6237E+12
  7.1998E-02  9.0191E-01  2.1940E-01 -1.3952E+01  1.3319E+01  1.8603E+12 -9.4736E+12 -7.6133E+12
  7.5997E-02  8.9014E-01  2.3064E-01 -1.4796E+01  1.3114E+01  1.9545E+12 -9.5569E+12 -7.6024E+12
  7.9997E-02  8.7765E-01  2.4170E-01 -1.5653E+01  1.2892E+01  2.0561E+12 -9.6471E+12 -7.5910E+12
  8.3997E-02  8.6444E-01  2.5258E-01 -1.6524E+01  1.2652E+01  2.1656E+12 -9.7447E+12 -7.5791E+12
  8.7997E-02  8.5050E-01  2.6326E-01 -1.7410E+01  1.2393E+01  2.2835E+12 -9.8501E+12 -7.5665E+12
  9.1997E-02  8.3581E-01  2.7372E-01 -1.8312E+01  1.2114E+01  2.4104E+12 -9.9638E+12 -7.5533E+12
  9.5997E-02  8.2036E-01  2.8394E-01 -1.9232E+01  1.1813E+01  2.5470E+12 -1.0086E+13 -7.5394E+12
  9.9997E-02  8.0413E-01  2.9391E-01 -2.0171E+01  1.1488E+01  2.6941E+12 -1.0219E+13 -7.5245E+12
  1.0400E-01  7.8711E-01  3.0360E-01 -2.1130E+01  1.1137E+01  2.8525E+12 -1.0361E+13 -7.5087E+12
  1.0800E-01  7.6928E-01  3.1300E-01 -2.2111E+01  1.0759E+01  3.0233E+12 -1.0515E+13 -7.4919E+12
  1.1200E-01  7.5062E-01  3.2208E-01 -2.3116E+01  1.0350E+01  3.2074E+12 -1.0681E+13 -7.4737E+12
  1.1600E-01  7.3111E-01  3.3081E-01 -2.4147E+01  9.9074E+00  3.4063E+12 -1.0861E+13 -7.4542E+12
  1.2000E-01  7.1074E-01  3.3917E-01 -2.5206E+01  9.4282E+00  3.6213E+12 -1.1054E+13 -7.4331E+12
  1.2400E-01  6.8947E-01  3.4713E-01 -2.6296E+01  8.9084E+00  3.8541E+12 -1.1264E+13 -7.4102E+12
  1.2800E-01  6.6728E-01  3.5464E-01 -2.7418E+01  8.3435E+00  4.1068E+12 -1.1492E+13 -7.3852E+12
  1.3200E-01  6.4414E-01  3.6168E-01 -2.8575E+01  7.7283E+00  4.3814E+12 -1.1739E+13 -7.3577E+12
  1.3600E-01  6.2003E-01  3.6820E-01 -2.9771E+01  7.0567E+00  4.6807E+12 -1.2008E+13 -7.3275E+12
  1.4000E-01  5.9491E-01  3.7416E-01 -3.1009E+01  6.3217E+00  5.0076E+12 -1.2302E+13 -7.2939E+12
  1.4400E-01  5.6874E-01  3.7949E-01 -3.2292E+01  5.5148E+00  5.3659E+12 -1.2622E+13 -7.2565E+12
  1.4800E-01  5.4149E-01  3.8415E-01 -3.3624E+01  4.6260E+00  5.7599E+12 -1.2974E+13 -7.2144E+12
  1.5199E-01  5.1312E-01  3.8805E-01 -3.5009E+01  3.6434E+00  6.1945E+12 -1.3361E+13 -7.1669E+12
  1.5599E-01  4.8357E-01  3.9113E-01 -3.6452E+01  2.5525E+00  6.6762E+12 -1.3789E+13 -7.1128E+12
  1.5999E-01  4.5282E-01  3.9328E-01 -3.7956E+01  1.3355E+00  7.2123E+12 -1.4263E+13 -7.0506E+12
  1.6399E-01  4.2079E-01  3.9441E-01 -3.9527E+01 -2.9052E-02  7.8121E+12 -1.4791E+13 -6.9786E+12
  1.6799E-01  3.8743E-01  3.9438E-01 -4.1169E+01 -1.5681E+00  8.4869E+12 -1.5381E+13 -6.8944E+12
  1.7199E-01  3.5269E-01  3.9306E-01 -4.2886E+01 -3.3152E+00  9.2509E+12 -1.6046E+13 -6.7949E+12
  1.7599E-01  3.1650E-01  3.9026E-01 -4.4678E+01 -5.3129E+00  1.0122E+13 -1.6798E+13 -6.6759E+12
  1.7999E-01  2.7880E-01  3.8578E-01 -4.6546E+01 -7.6157E+00  1.1123E+13 -1.7654E+13 -6.5319E+12
  1.8399E-01  2.3953E-01  3.7935E-01 -4.8481E+01 -1.0294E+01  1.2282E+13 -1.8637E+13 -6.3552E+12
  1.8799E-01  1.9862E-01  3.7067E-01 -5.0467E+01 -1.3438E+01  1.3637E+13 -1.9773E+13 -6.1353E+12
  1.9199E-01  1.5603E-01  3.5933E-01 -5.2466E+01 -1.7169E+01  1.5237E+13 -2.1095E+13 -5.8575E+12
  1.9599E-01  1.1176E-01  3.4484E-01 -5.4409E+01 -2.1643E+01  1.7144E+13 -2.2645E+13 -5.5010E+12
  1.9999E-01  6.5846E-02  3.2657E-01 -5.6165E+01 -2.7063E+01  1.9434E+13 -2.4472E+13 -5.0372E+12
  2.0399E-01  1.8452E-02  3.0374E-01 -5.7498E+01 -3.3674E+01  2.2200E+13 -2.6627E+13 -4.4277E+12
  2.0799E-01 -3.0067E-02  2.7532E-01 -5.7988E+01 -4.1743E+01  2.5526E+13 -2.9152E+13 -3.6263E+12
  2.1199E-01 -7.8999E-02  2.4010E-01 -5.6929E+01 -5.1444E+01  2.9437E+13 -3.2029E+13 -2.5925E+12
  2.1599E-01 -1.2704E-01  1.9669E-01 -5.3267E+01 -6.2574E+01  3.3764E+13 -3.5096E+13 -1.3317E+12
  2.1999E-01 -1.7199E-01  1.4389E-01 -4.5859E+01 -7.4043E+01  3.7927E+13 -3.7886E+13  4.1260E+10
  2.2399E-01 -2.1068E-01  8.1406E-02 -3.4441E+01 -8.3596E+01  4.0872E+13 -3.9560E+13  1.3119E+12
  2.2799E-01 -2.3975E-01  1.0866E-02 -2.0754E+01 -8.8884E+01  4.1656E+13 -3.9275E+13  2.3803E+12
  2.3199E-01 -2.5726E-01 -6.4138E-02 -7.7706E+00 -8.9473E+01  4.0329E+13 -3.6963E+13  3.3654E+12
  2.3599E-01 -2.6382E-01 -1.3964E-01  2.5617E+00 -8.6897E+01  3.7788E+13 -3.3458E+13  4.3298E+12
  2.3999E-01 -2.6165E-01 -2.1296E-01  9.9872E+00 -8.2966E+01  3.4916E+13 -2.9719E+13  5.1968E+12
  2.4399E-01 -2.5323E-01 -2.8297E-01  1.5088E+01 -7.8815E+01  3.2197E+13 -2.6294E+13  5.9026E+12
  2.4799E-01 -2.4049E-01 -3.4948E-01  1.8550E+01 -7.4946E+01  2.9805E+13 -2.3361E+13  6.4444E+12
  2.5199E-01 -2.2484E-01 -4.1272E-01  2.0908E+01 -7.1520E+01  2.7761E+13 -2.0910E+13  6.8508E+12
  2.5599E-01 -2.0720E-01 -4.7307E-01  2.2529E+01 -6.8544E+01  2.6029E+13 -1.8874E+13  7.1547E+12
  2.5999E-01 -1.8819E-01 -5.3091E-01  2.3655E+01 -6.5973E+01  2.4560E+13 -1.7176E+13  7.3839E+12
  2.6399E-01 -1.6823E-01 -5.8658E-01  2.4443E+01 -6.3750E+01  2.3307E+13 -1.5749E+13  7.5588E+12
  2.6799E-01 -1.4760E-01 -6.4038E-01  2.4997E+01 -6.1817E+01  2.2231E+13 -1.4537E+13  7.6943E+12
  2.7199E-01 -1.2651E-01 -6.9254E-01  2.5386E+01 -6.0128E+01  2.1299E+13 -1.3499E+13  7.8009E+12
  2.7599E-01 -1.0509E-01 -7.4328E-01  2.5658E+01 -5.8643E+01  2.0486E+13 -1.2601E+13  7.8858E+12
  2.7999E-01 -8.3436E-02 -7.9276E-01  2.5844E+01 -5.7327E+01  1.9772E+13 -1.1817E+13  7.9544E+12
  2.8399E-01 -6.1629E-02 -8.4114E-01  2.5967E+01 -5.6156E+01  1.9139E+13 -1.1128E+13  8.0105E+12
  2.8799E-01 -3.9717E-02 -8.8853E-01  2.6044E+01 -5.5106E+01  1.8575E+13 -1.0518E+13  8.0569E+12
  2.9199E-01 -1.7740E-02 -9.3503E-01  2.6086E+01 -5.4161E+01  1.8069E+13 -9.9738E+12  8.0956E+12
  2.9599E-01  4.2723E-03 -9.8073E-01  2.6102E+01 -5.3305E+01  1.7614E+13 -9.4856E+12  8.1283E+12
  2.9999E-01  2.6298E-02 -1.0257E+00  2.6099E+01 -5.2527E+01  1.7201E+13 -9.0451E+12  8.1561E+12
  3.0399E-01  4.8322E-02 -1.0700E+00  2.6081E+01 -5.1816E+01  1.6826E+13 -8.6457E+12  8.1800E+12
  3.0799E-01  7.0330E-02 -1.1138E+00  2.6051E+01 -5.1164E+01  1.6482E+13 -8.2818E+12  8.2005E+12
  3.1199E-01  9.2313E-02 -1.1569E+00  2.6013E+01 -5.0565E+01  1.6167E+13 -7.9490E+12  8.2184E+12
  3.1599E-01  1.1426E-01 -1.1996E+00  2.5969E+01 -5.0011E+01  1.5877E+13 -7.6433E+12  8.2340E+12
  3.1999E-01  1.3618E-01 -1.2418E+00  2.5920E+01 -4.9497E+01  1.5609E+13 -7.3615E+12  8.2478E+12
  3.2399E-01  1.5805E-01 -1.2836E+00  2.5868E+01 -4.9021E+01  1.5361E+13 -7.1010E+12  8.2599E+12
  3.2799E-01  1.7988E-01 -1.3249E+00  2.5813E+01 -4.8576E+01  1.5130E+13 -6.8593E+12  8.2707E+12
  3.3199E-01  2.0166E-01 -1.3659E+00  2.5757E+01 -4.8162E+01  1.4915E+13 -6.6345E+12  8.2803E+12
  3.3599E-01  2.2340E-01 -1.4066E+00  2.5700E+01 -4.7773E+01  1.4714E+13 -6.4248E+12  8.2890E+12
  3.3999E-01  2.4508E-01 -1.4469E+00  2.5642E+01 -4.7409E+01  1.4525E+13 -6.2287E+12  8.2967E+12
  3.4399E-01  2.6672E-01 -1.4869E+00  2.5584E+01 -4.7066E+01  1.4349E+13 -6.0449E+12  8.3037E+12
  3.4799E-01  2.8831E-01 -1.5266E+00  2.5526E+01 -4.6743E+01  1.4182E+13 -5.8723E+12  8.3101E+12
  3.5199E-01  3.0985E-01 -1.5660E+00  2.5468E+01 -4.6438E+01  1.4026E+13 -5.7099E+12  8.3158E+12
  3.5599E-01  3.3134E-01 -1.6052E+00  2.5411E+01 -4.6150E+01  1.3878E+13 -5.5568E+12  8.3211E+12
  3.5999E-01  3.5278E-01 -1.6442E+00  2.5355E+01 -4.5877E+01  1.3738E+13 -5.4121E+12  8.3258E+12
  3.6399E-01  3.7418E-01 -1.6829E+00  2.5299E+01 -4.5618E+01  1.3606E+13 -5.2753E+12  8.3302E+12
  3.6799E-01  3.9553E-01 -1.7214E+00  2.5245E+01 -4.5373E+01  1.3480E+13 -5.1456E+12  8.3343E+12
  3.7199E-01  4.1683E-01 -1.7597E+00  2.5191E+01 -4.5139E+01  1.3360E+13 -5.0225E+12  8.3380E+12
  3.7599E-01  4.3808E-01 -1.7978E+00  2.5138E+01 -4.4916E+01  1.3247E+13 -4.9055E+12  8.3414E+12
  3.7999E-01  4.5930E-01 -1.8357E+00  2.5087E+01 -4.4704E+01  1.3139E+13 -4.7941E+12  8.3446E+12
  3.8399E-01  4.8047E-01 -1.8734E+00  2.5036E+01 -4.4501E+01  1.3036E+13 -4.6880E+12  8.3475E+12
  3.8799E-01  5.0159E-01 -1.9109E+00  2.4986E+01 -4.4307E+01  1.2937E+13 -4.5868E+12  8.3503E+12
  3.9199E-01  5.2268E-01 -1.9483E+00  2.4937E+01 -4.4121E+01  1.2843E+13 -4.4901E+12  8.3528E+12
  3.9599E-01  5.4372E-01 -1.9855E+00  2.4890E+01 -4.3944E+01  1.2753E+13 -4.3976E+12  8.3552E+12
  3.9999E-01  5.6472E-01 -2.0226E+00  2.4843E+01 -4.3773E+01  1.2666E+13 -4.3091E+12  8.3574E+12
  4.0399E-01  5.8569E-01 -2.0596E+00  2.4797E+01 -4.3610E+01  1.2584E+13 -4.2242E+12  8.3594E+12
  4.0799E-01  6.0661E-01 -2.0964E+00  2.4753E+01 -4.3453E+01  1.2504E+13 -4.1429E+12  8.3614E+12
  4.1199E-01  6.2750E-01 -2.1330E+00  2.4709E+01 -4.3302E+01  1.2428E+13 -4.0648E+12  8.3632E+12
  4.1599E-01  6.4835E-01 -2.1696E+00  2.4666E+01 -4.3157E+01  1.2355E+13 -3.9897E+12  8.3649E+12
  4.1999E-01  6.6916E-01 -2.2060E+00  2.4625E+01 -4.3017E+01  1.2284E+13 -3.9176E+12  8.3665E+12
  4.2399E-01  6.8994E-01 -2.2423E+00  2.4584E+01 -4.2882E+01  1.2216E+13 -3.8481E+12  8.3680E+12
  4.2799E-01  7.1069E-01 -2.2785E+00  2.4544E+01 -4.2752E+01  1.2151E+13 -3.7812E+12  8.3694E+12
  4.3199E-01  7.3140E-01 -2.3146E+00  2.4505E+01 -4.2626E+01  1.2087E+13 -3.7167E+12  8.3707E+12
  4.3599E-01  7.5207E-01 -2.3505E+00  2.4466E+01 -4.2505E+01  1.2027E+13 -3.6545E+12  8.3720E+12
  4.3999E-01  7.7272E-01 -2.3864E+00  2.4429E+01 -4.2388E+01  1.1968E+13 -3.5945E+12  8.3732E+12
  4.4399E-01  7.9333E-01 -2.4222E+00  2.4392E+01 -4.2275E+01  1.1911E+13 -3.5365E+12  8.3743E+12
  4.4799E-01  8.1392E-01 -2.4578E+00  2.4356E+01 -4.2166E+01  1.1856E+13 -3.4804E+12  8.3754E+12
  4.5199E-01  8.3447E-01 -2.4934E+00  2.4321E+01 -4.2060E+01  1.1803E+13 -3.4262E+12  8.3764E+12
  4.5599E-01  8.5499E-01 -2.5289E+00  2.4287E+01 -4.1957E+01  1.1751E+13 -3.3738E+12  8.3774E+12
  4.5999E-01  8.7549E-01 -2.5643E+00  2.4253E+01 -4.1857E+01  1.1701E+13 -3.3230E+12  8.3783E+12
  4.6399E-01  8.9595E-01 -2.5996E+00  2.4220E+01 -4.1761E+01  1.1653E+13 -3.2738E+12  8.3792E+12
  4.6798E-01  9.1639E-01 -2.6349E+00  2.4188E+01 -4.1667E+01  1.1606E+13 -3.2261E+12  8.3800E+12
  4.7198E-01  9.3680E-01 -2.6700E+00  2.4156E+01 -4.1576E+01  1.1561E+13 -3.1799E+12  8.3808E+12
  4.7598E-01  9.5718E-01 -2.7051E+00  2.4125E+01 -4.1488E+01  1.1517E+13 -3.1350E+12  8.3815E+12
  4.7998E-01  9.7754E-01 -2.7401E+00  2.4095E+01 -4.1403E+01  1.1474E+13 -3.0915E+12  8.3822E+12
  4.8398E-01  9.9787E-01 -2.7751E+00  2.4065E+01 -4.1319E+01  1.1432E+13 -3.0492E+12  8.3829E+12
  4.8798E-01  1.0182E+00 -2.8099E+00  2.4036E+01 -4.1238E+01  1.1392E+13 -3.0081E+12  8.3836E+12
  4.9198E-01  1.0385E+00 -2.8447E+00  2.4008E+01 -4.1159E+01  1.1352E+13 -2.9681E+12  8.3842E+12
  4.9598E-01  1.0587E+00 -2.8795E+00  2.3980E+01 -4.1083E+01  1.1314E+13 -2.9293E+12  8.3848E+12
  4.9998E-01  1.0790E+00 -2.9141E+00  2.3952E+01 -4.1008E+01  1.1277E+13 -2.8915E+12  8.3854E+12
  5.0398E-01  1.0992E+00 -2.9487E+00  2.3925E+01 -4.0935E+01  1.1241E+13 -2.8547E+12  8.3860E+12
  5.0798E-01  1.1194E+00 -2.9833E+00  2.3899E+01 -4.0865E+01  1.1205E+13 -2.8189E+12  8.3865E+12
  5.1198E-01  1.1395E+00 -3.0177E+00  2.3873E+01 -4.0796E+01  1.1171E+13 -2.7840E+12  8.3870E+12
  5.1598E-01  1.1597E+00 -3.0522E+00  2.3848E+01 -4.0728E+01  1.1138E+13 -2.7500E+12  8.3875E+12
  5.1998E-01  1.1798E+00 -3.0865E+00  2.3823E+01 -4.0663E+01  1.1105E+13 -2.7169E+12  8.3879E+12
  5.2398E-01  1.1999E+00 -3.1209E+00  2.3798E+01 -4.0599E+01  1.1073E+13 -2.6846E+12  8.3884E+12
  5.2798E-01  1.2200E+00 -3.1551E+00  2.3774E+01 -4.0536E+01  1.1042E+13 -2.6531E+12  8.3888E+12
  5.3198E-01  1.2400E+00 -3.1893E+00  2.3751E+01 -4.0475E+01  1.1012E+13 -2.6224E+12  8.3892E+12
  5.3598E-01  1.2601E+00 -3.2235E+00  2.3727E+01 -4.0416E+01  1.0982E+13 -2.5924E+12  8.3896E+12
  5.3998E-01  1.2801E+00 -3.2576E+00  2.3705E+01 -4.0357E+01  1.0953E+13 -2.5631E+12  8.3900E+12
  5.4398E-01  1.3001E+00 -3.2916E+00  2.3682E+01 -4.0300E+01  1.0925E+13 -2.5345E+12  8.3904E+12
  5.4798E-01  1.3201E+00 -3.3256E+00  2.3660E+01 -4.0245E+01  1.0897E+13 -2.5065E+12  8.3908E+12
  5.5198E-01  1.3401E+00 -3.3596E+00  2.3639E+01 -4.0191E+01  1.0870E+13 -2.4792E+12  8.3911E+12
  5.5598E-01  1.3600E+00 -3.3935E+00  2.3618E+01 -4.0137E+01  1.0844E+13 -2.4525E+12  8.3914E+12
  5.5998E-01  1.3799E+00 -3.4274E+00  2.3597E+01 -4.0085E+01  1.0818E+13 -2.4265E+12  8.3918E+12
  5.6398E-01  1.3998E+00 -3.4612E+00  2.3576E+01 -4.0035E+01  1.0793E+13 -2.4009E+12  8.3921E+12
  5.6798E-01  1.4197E+00 -3.4950E+00  2.3556E+01 -3.9985E+01  1.0768E+13 -2.3760E+12  8.3924E+12
  5.7198E-01  1.4396E+00 -3.5287E+00  2.3536E+01 -3.9936E+01  1.0744E+13 -2.3515E+12  8.3927E+12
  5.7598E-01  1.4595E+00 -3.5624E+00  2.3517E+01 -3.9888E+01  1.0721E+13 -2.3276E+12  8.3929E+12
  5.7998E-01  1.4793E+00 -3.5961E+00  2.3498E+01 -3.9842E+01  1.0697E+13 -2.3042E+12  8.3932E+12
  5.8398E-01  1.4991E+00 -3.6297E+00  2.3479E+01 -3.9796E+01  1.0675E+13 -2.2813E+12  8.3935E+12
  5.8798E-01  1.5190E+00 -3.6633E+00  2.3460E+01 -3.9751E+01  1.0653E+13 -2.2589E+12  8.3937E+12
  5.9198E-01  1.5388E+00 -3.6968E+00  2.3442E+01 -3.9707E+01  1.0631E+13 -2.2369E+12  8.3940E+12
  5.9598E-01  1.5585E+00 -3.7303E+00  2.3424E+01 -3.9664E+01  1.0610E+13 -2.2153E+12  8.3942E+12
  5.9998E-01  1.5783E+00 -3.7638E+00  2.3407E+01 -3.9622E+01  1.0589E+13 -2.1942E+12  8.3945E+12
  6.0398E-01  1.5981E+00 -3.7972E+00  2.3389E+01 -3.9580E+01  1.0568E+13 -2.1735E+12  8.3947E+12
  6.0798E-01  1.6178E+00 -3.8306E+00  2.3372E+01 -3.9539E+01  1.0548E+13 -2.1532E+12  8.3949E+12
  6.1198E-01  1.6375E+00 -3.8640E+00  2.3355E+01 -3.9500E+01  1.0528E+13 -2.1333E+12  8.3951E+12
  6.1598E-01  1.6572E+00 -3.8973E+00  2.3339E+01 -3.9460E+01  1.0509E+13 -2.1138E+12  8.3953E+12
  6.1998E-01  1.6769E+00 -3.9306E+00  2.3322E+01 -3.9422E+01  1.0490E+13 -2.0946E+12  8.3955E+12
  6.2398E-01  1.6966E+00 -3.9639E+00  2.3306E+01 -3.9384E+01  1.0472E+13 -2.0758E+12  8.3957E+12
  6.2798E-01  1.7163E+00 -3.9971E+00  2.3290E+01 -3.9347E+01  1.0453E+13 -2.0574E+12  8.3959E+12
  6.3198E-01  1.7359E+00 -4.0303E+00  2.3275E+01 -3.9311E+01  1.0435E+13 -2.0393E+12  8.3961E+12
  6.3598E-01  1.7556E+00 -4.0635E+00  2.3259E+01 -3.9275E+01  1.0418E+13 -2.0215E+12  8.3962E+12
  6.3998E-01  1.7752E+00 -4.0967E+00  2.3244E+01 -3.9240E+01  1.0400E+13 -2.0040E+12  8.3964E+12
  6.4398E-01  1.7948E+00 -4.1298E+00  2.3229E+01 -3.9206E+01  1.0383E+13 -1.9869E+12  8.3966E+12
  6.4798E-01  1.8144E+00 -4.1628E+00  2.3215E+01 -3.9172E+01  1.0367E+13 -1.9700E+12  8.3967E+12
  6.5198E-01  1.8340E+00 -4.1959E+00  2.3200E+01 -3.9139E+01  1.0350E+13 -1.9535E+12  8.3969E+12
  6.5598E-01  1.8536E+00 -4.2289E+00  2.3186E+01 -3.9106E+01  1.0334E+13 -1.9372E+12  8.3971E+12
  6.5998E-01  1.8731E+00 -4.2619E+00  2.3172E+01 -3.9074E+01  1.0318E+13 -1.9212E+12  8.3972E+12
  6.6398E-01  1.8927E+00 -4.2949E+00  2.3158E+01 -3.9042E+01  1.0303E+13 -1.9055E+12  8.3974E+12
  6.6798E-01  1.9122E+00 -4.3278E+00  2.3144E+01 -3.9011E+01  1.0288E+13 -1.8901E+12  8.3975E+12
  6.7198E-01  1.9318E+00 -4.3608E+00  2.3131E+01 -3.8980E+01  1.0272E+13 -1.8749E+12  8.3976E+12
  6.7598E-01  1.9513E+00 -4.3937E+00  2.3117E+01 -3.8950E+01  1.0258E+13 -1.8599E+12  8.3978E+12
  6.7998E-01  1.9708E+00 -4.4265E+00  2.3104E+01 -3.8921E+01  1.0243E+13 -1.8452E+12  8.3979E+12
  6.8398E-01  1.9903E+00 -4.4594E+00  2.3091E+01 -3.8892E+01  1.0229E+13 -1.8308E+12  8.3980E+12
  6.8798E-01  2.0098E+00 -4.4922E+00  2.3078E+01 -3.8863E+01  1.0215E+13 -1.8165E+12  8.3982E+12
  6.9198E-01  2.0292E+00 -4.5250E+00  2.3066E+01 -3.8835E+01  1.0201E+13 -1.8026E+12  8.3983E+12
  6.9598E-01  2.0487E+00 -4.5577E+00  2.3053E+01 -3.8807E+01  1.0187E+13 -1.7888E+12  8.3984E+12
  6.9998E-01  2.0682E+00 -4.5905E+00  2.3041E+01 -3.8780E+01  1.0174E+13 -1.7752E+12  8.3985E+12
  7.0398E-01  2.0876E+00 -4.6232E+00  2.3029E+01 -3.8753E+01  1.0161E+13 -1.7619E+12  8.3986E+12
  7.0798E-01  2.1070E+00 -4.6559E+00  2.3017E+01 -3.8726E+01  1.0147E+13 -1.7487E+12  8.3987E+12
  7.1198E-01  2.1265E+00 -4.6886E+00  2.3005E+01 -3.8700E+01  1.0135E+13 -1.7358E+12  8.3988E+12
  7.1598E-01  2.1459E+00 -4.7213E+00  2.2993E+01 -3.8674E+01  1.0122E+13 -1.7231E+12  8.3989E+12
  7.1998E-01  2.1653E+00 -4.7539E+00  2.2982E+01 -3.8649E+01  1.0110E+13 -1.7105E+12  8.3990E+12
  7.2398E-01  2.1847E+00 -4.7865E+00  2.2971E+01 -3.8624E+01  1.0097E+13 -1.6982E+12  8.3991E+12
  7.2798E-01  2.2040E+00 -4.8191E+00  2.2959E+01 -3.8599E+01  1.0085E+13 -1.6860E+12  8.3992E+12
  7.3198E-01  2.2234E+00 -4.8517E+00  2.2948E+01 -3.8575E+01  1.0073E+13 -1.6740E+12  8.3993E+12
  7.3598E-01  2.2428E+00 -4.8842E+00  2.2937E+01 -3.8551E+01  1.0062E+13 -1.6622E+12  8.3994E+12
  7.3998E-01  2.2621E+00 -4.9167E+00  2.2926E+01 -3.8528E+01  1.0050E+13 -1.6505E+12  8.3995E+12
  7.4398E-01  2.2815E+00 -4.9493E+00  2.2916E+01 -3.8505E+01  1.0039E+13 -1.6391E+12  8.3996E+12
  7.4798E-01  2.3008E+00 -4.9818E+00  2.2905E+01 -3.8482E+01  1.0027E+13 -1.6277E+12  8.3997E+12
  7.5198E-01  2.3201E+00 -5.0142E+00  2.2895E+01 -3.8459E+01  1.0016E+13 -1.6166E+12  8.3998E+12
  7.5598E-01  2.3395E+00 -5.0467E+00  2.2884E+01 -3.8437E+01  1.0005E+13 -1.6056E+12  8.3999E+12
  7.5998E-01  2.3588E+00 -5.0791E+00  2.2874E+01 -3.8415E+01  9.9947E+12 -1.5947E+12  8.4000E+12
  7.6398E-01  2.3781E+00 -5.1115E+00  2.2864E+01 -3.8393E+01  9.9841E+12 -1.5841E+12  8.4000E+12
  7.6798E-01  2.3974E+00 -5.1439E+00  2.2854E+01 -3.8372E+01  9.9736E+12 -1.5735E+12  8.4001E+12
  7.7198E-01  2.4167E+00 -5.1763E+00  2.2844E+01 -3.8351E+01  9.9633E+12 -1.5631E+12  8.4002E+12
  7.7598E-01  2.4359E+00 -5.2087E+00  2.2835E+01 -3.8330E+01  9.9531E+12 -1.5528E+12  8.4003E+12
  7.7998E-01  2.4552E+00 -5.2410E+00  2.2825E+01 -3.8310E+01  9.9431E+12 -1.5427E+12  8.4003E+12
  7.8397E-01  2.4745E+00 -5.2733E+00  2.2816E+01 -3.8289E+01  9.9331E+12 -1.5327E+12  8.4004E+12
  7.8797E-01  2.4937E+00 -5.3056E+00  2.2806E+01 -3.8269E+01  9.9234E+12 -1.5229E+12  8.4005E+12
  7.9197E-01  2.5130E+00 -5.3379E+00  2.2797E+01 -3.8250E+01  9.9137E+12 -1.5132E+12  8.4005E+12
  7.9597E-01  2.5322E+00 -5.3702E+00  2.2788E+01 -3.8230E+01  9.9042E+12 -1.5036E+12  8.4006E+12
  7.9997E-01  2.5514E+00 -5.4025E+00  2.2779E+01 -3.8211E+01  9.8948E+12 -1.4941E+12  8.4007E+12
  8.0397E-01  2.5707E+00 -5.4347E+00  2.2770E+01 -3.8192E+01  9.8855E+12 -1.4847E+12  8.4007E+12
  8.0797E-01  2.5899E+00 -5.4669E+00  2.2761E+01 -3.8173E+01  9.8763E+12 -1.4755E+12  8.4008E+12
  8.1197E-01  2.6091E+00 -5.4992E+00  2.2752E+01 -3.8155E+01  9.8673E+12 -1.4664E+12  8.4009E+12
  8.1597E-01  2.6283E+00 -5.5314E+00  2.2744E+01 -3.8137E+01  9.8583E+12 -1.4574E+12  8.4009E+12
  8.1997E-01  2.6475E+00 -5.5635E+00  2.2735E+01 -3.8119E+01  9.8495E+12 -1.4485E+12  8.4010E+12
  8.2397E-01  2.6666E+00 -5.5957E+00  2.2727E+01 -3.8101E+01  9.8408E+12 -1.4398E+12  8.4011E+12
  8.2797E-01  2.6858E+00 -5.6279E+00  2.2718E+01 -3.8083E+01  9.8322E+12 -1.4311E+12  8.4011E+12
  8.3197E-01  2.7050E+00 -5.6600E+00  2.2710E+01 -3.8066E+01  9.8237E+12 -1.4225E+12  8.4012E+12
  8.3597E-01  2.7242E+00 -5.6921E+00  2.2702E+01 -3.8049E+01  9.8153E+12 -1.4141E+12  8.4012E+12
  8.3997E-01  2.7433E+00 -5.7242E+00  2.2694E+01 -3.8032E+01  9.8070E+12 -1.4058E+12  8.4013E+12
  8.4397E-01  2.7625E+00 -5.7563E+00  2.2686E+01 -3.8015E+01  9.7988E+12 -1.3975E+12  8.4013E+12
  8.4797E-01  2.7816E+00 -5.7884E+00  2.2678E+01 -3.7998E+01  9.7907E+12 -1.3894E+12  8.4014E+12
  8.5197E-01  2.8007E+00 -5.8205E+00  2.2670E+01 -3.7982E+01  9.7827E+12 -1.3813E+12  8.4014E+12
  8.5597E-01  2.8199E+00 -5.8525E+00  2.2662E+01 -3.7966E+01  9.7748E+12 -1.3734E+12  8.4015E+12
  8.5997E-01  2.8390E+00 -5.8845E+00  2.2654E+01 -3.7950E+01  9.7670E+12 -1.3655E+12  8.4015E+12
  8.6397E-01  2.8581E+00 -5.9166E+00  2.2647E+01 -3.7934E+01  9.7593E+12 -1.3577E+12  8.4016E+12
  8.6797E-01  2.8772E+00 -5.9486E+00  2.2639E+01 -3.7918E+01  9.7517E+12 -1.3501E+12  8.4016E+12
  8.7197E-01  2.8963E+00 -5.9806E+00  2.2632E+01 -3.7903E+01  9.7441E+12 -1.3425E+12  8.4017E+12
  8.7597E-01  2.9154E+00 -6.0126E+00  2.2624E+01 -3.7888E+01  9.7367E+12 -1.3350E+12  8.4017E+12
  8.7997E-01  2.9345E+00 -6.0445E+00  2.2617E+01 -3.7873E+01  9.7293E+12 -1.3276E+12  8.4018E+12
  8.8397E-01  2.9536E+00 -6.0765E+00  2.2610E+01 -3.7858E+01  9.7220E+12 -1.3202E+12  8.4018E+12
  8.8797E-01  2.9727E+00 -6.1084E+00  2.2603E+01 -3.7843E+01  9.7148E+12 -1.3130E+12  8.4019E+12
  8.9197E-01  2.9918E+00 -6.1404E+00  2.2595E+01 -3.7828E+01  9.7077E+12 -1.3058E+12  8.4019E+12
  8.9597E-01  3.0108E+00 -6.1723E+00  2.2588E+01 -3.7814E+01  9.7007E+12 -1.2987E+12  8.4019E+12
  8.9997E-01  3.0299E+00 -6.2042E+00  2.2581E+01 -3.7800E+01  9.6937E+12 -1.2917E+12  8.4020E+12
  9.0397E-01  3.0489E+00 -6.2361E+00  2.2575E+01 -3.7786E+01  9.6868E+12 -1.2848E+12  8.4020E+12
  9.0797E-01  3.0680E+00 -6.2680E+00  2.2568E+01 -3.7772E+01  9.6800E+12 -1.2779E+12  8.4021E+12
  9.1197E-01  3.0870E+00 -6.2998E+00  2.2561E+01 -3.7758E+01  9.6733E+12 -1.2712E+12  8.4021E+12
  9.1597E-01  3.1061E+00 -6.3317E+00  2.2554E+01 -3.7744E+01  9.6666E+12 -1.2645E+12  8.4021E+12
  9.1997E-01  3.1251E+00 -6.3636E+00  2.2548E+01 -3.7731E+01  9.6600E+12 -1.2578E+12  8.4022E+12
  9.2397E-01  3.1441E+00 -6.3954E+00  2.2541E+01 -3.7717E+01  9.6535E+12 -1.2513E+12  8.4022E+12
  9.2797E-01  3.1631E+00 -6.4272E+00  2.2535E+01 -3.7704E+01  9.6470E+12 -1.2448E+12  8.4023E+12
  9.3197E-01  3.1822E+00 -6.4590E+00  2.2528E+01 -3.7691E+01  9.6406E+12 -1.2384E+12  8.4023E+12
  9.3597E-01  3.2012E+00 -6.4908E+00  2.2522E+01 -3.7678E+01  9.6343E+12 -1.2320E+12  8.4023E+12
  9.3997E-01  3.2202E+00 -6.5226E+00  2.2515E+01 -3.7665E+01  9.6281E+12 -1.2257E+12  8.4024E+12
  9.4397E-01  3.2392E+00 -6.5544E+00  2.2509E+01 -3.7653E+01  9.6219E+12 -1.2195E+12  8.4024E+12
  9.4797E-01  3.2582E+00 -6.5862E+00  2.2503E+01 -3.7640E+01  9.6158E+12 -1.2133E+12  8.4024E+12
  9.5197E-01  3.2772E+00 -6.6180E+00  2.2497E+01 -3.7628E+01  9.6097E+12 -1.2072E+12  8.4025E+12
  9.5597E-01  3.2961E+00 -6.6497E+00  2.2491E+01 -3.7615E+01  9.6037E+12 -1.2012E+12  8.4025E+12
  9.5997E-01  3.3151E+00 -6.6814E+00  2.2485E+01 -3.7603E+01  9.5978E+12 -1.1952E+12  8.4025E+12
  9.6397E-01  3.3341E+00 -6.7132E+00  2.2479E+01 -3.7591E+01  9.5919E+12 -1.1893E+12  8.4026E+12
  9.6797E-01  3.3531E+00 -6.7449E+00  2.2473E+01 -3.7579E+01  9.5861E+12 -1.1835E+12  8.4026E+12
  9.7197E-01  3.3720E+00 -6.7766E+00  2.2467E+01 -3.7567E+01  9.5803E+12 -1.1777E+12  8.4026E+12
  9.7597E-01  3.3910E+00 -6.8083E+00  2.2461E+01 -3.7556E+01  9.5746E+12 -1.1720E+12  8.4027E+12
  9.7997E-01  3.4099E+00 -6.8400E+00  2.2455E+01 -3.7544E+01  9.5690E+12 -1.1663E+12  8.4027E+12
  9.8397E-01  3.4289E+00 -6.8717E+00  2.2450E+01 -3.7533E+01  9.5634E+12 -1.1607E+12  8.4027E+12
  9.8797E-01  3.4478E+00 -6.9034E+00  2.2444E+01 -3.7521E+01  9.5578E+12 -1.1551E+12  8.4027E+12
  9.9197E-01  3.4668E+00 -6.9350E+00  2.2438E+01 -3.7510E+01  9.5524E+12 -1.1496E+12  8.4028E+12
  9.9597E-01  3.4857E+00 -6.9667E+00  2.2433E+01 -3.7499E+01  9.5469E+12 -1.1441E+12  8.4028E+12
  9.9997E-01  3.5046E+00 -6.9983E+00  2.2427E+01 -3.7488E+01  9.5416E+12 -1.1387E+12  8.4028E+12
  1.0040E+00  3.5236E+00 -7.0299E+00  2.2422E+01 -3.7477E+01  9.5362E+12 -1.1334E+12  8.4029E+12
  1.0080E+00  3.5425E+00 -7.0616E+00  2.2416E+01 -3.7466E+01  9.5310E+12 -1.1281E+12  8.4029E+12
  1.0120E+00  3.5614E+00 -7.0932E+00  2.2411E+01 -3.7455E+01  9.5258E+12 -1.1228E+12  8.4029E+12
  1.0160E+00  3.5803E+00 -7.1248E+00  2.2406E+01 -3.7445E+01  9.5206E+12 -1.1177E+12  8.4029E+12
  1.0200E+00  3.5992E+00 -7.1564E+00  2.2400E+01 -3.7434E+01  9.5155E+12 -1.1125E+12  8.4030E+12
  1.0240E+00  3.6181E+00 -7.1880E+00  2.2395E+01 -3.7424E+01  9.5104E+12 -1.1074E+12  8.4030E+12
  1.0280E+00  3.6370E+00 -7.2196E+00  2.2390E+01 -3.7413E+01  9.5054E+12 -1.1024E+12  8.4030E+12
  1.0320E+00  3.6559E+00 -7.2511E+00  2.2385E+01 -3.7403E+01  9.5004E+12 -1.0973E+12  8.4030E+12
  1.0360E+00  3.6748E+00 -7.2827E+00  2.2380E+01 -3.7393E+01  9.4954E+12 -1.0924E+12  8.4031E+12
  1.0400E+00  3.6937E+00 -7.3142E+00  2.2375E+01 -3.7383E+01  9.4906E+12 -1.0875E+12  8.4031E+12
  1.0440E+00  3.7126E+00 -7.3458E+00  2.2370E+01 -3.7373E+01  9.4857E+12 -1.0826E+12  8.4031E+12
  1.0480E+00  3.7314E+00 -7.3773E+00  2.2365E+01 -3.7363E+01  9.4809E+12 -1.0778E+12  8.4031E+12
  1.0520E+00  3.7503E+00 -7.4089E+00  2.2360E+01 -3.7353E+01  9.4762E+12 -1.0730E+12  8.4031E+12
  1.0560E+00  3.7692E+00 -7.4404E+00  2.2355E+01 -3.7344E+01  9.4714E+12 -1.0683E+12  8.4032E+12
  1.0600E+00  3.7880E+00 -7.4719E+00  2.2350E+01 -3.7334E+01  9.4668E+12 -1.0636E+12  8.4032E+12
  1.0640E+00  3.8069E+00 -7.5034E+00  2.2345E+01 -3.7325E+01  9.4621E+12 -1.0589E+12  8.4032E+12
  1.0680E+00  3.8258E+00 -7.5349E+00  2.2340E+01 -3.7315E+01  9.4576E+12 -1.0543E+12  8.4032E+12
  1.0720E+00  3.8446E+00 -7.5664E+00  2.2336E+01 -3.7306E+01  9.4530E+12 -1.0497E+12  8.4033E+12
  1.0760E+00  3.8635E+00 -7.5979E+00  2.2331E+01 -3.7297E+01  9.4485E+12 -1.0452E+12  8.4033E+12
  1.0800E+00  3.8823E+00 -7.6293E+00  2.2326E+01 -3.7287E+01  9.4440E+12 -1.0407E+12  8.4033E+12
  1.0840E+00  3.9011E+00 -7.6608E+00  2.2322E+01 -3.7278E+01  9.4396E+12 -1.0363E+12  8.4033E+12
  1.0880E+00  3.9200E+00 -7.6922E+00  2.2317E+01 -3.7269E+01  9.4352E+12 -1.0319E+12  8.4033E+12
  1.0920E+00  3.9388E+00 -7.7237E+00  2.2312E+01 -3.7260E+01  9.4309E+12 -1.0275E+12  8.4034E+12
  1.0960E+00  3.9576E+00 -7.7551E+00  2.2308E+01 -3.7251E+01  9.4265E+12 -1.0232E+12  8.4034E+12
  1.1000E+00  3.9765E+00 -7.7866E+00  2.2303E+01 -3.7243E+01  9.4223E+12 -1.0189E+12  8.4034E+12
  1.1040E+00  3.9953E+00 -7.8180E+00  2.2299E+01 -3.7234E+01  9.4180E+12 -1.0146E+12  8.4034E+12
  1.1080E+00  4.0141E+00 -7.8494E+00  2.2294E+01 -3.7225E+01  9.4138E+12 -1.0104E+12  8.4034E+12
  1.1120E+00  4.0329E+00 -7.8808E+00  2.2290E+01 -3.7217E+01  9.4097E+12 -1.0062E+12  8.4035E+12
  1.1160E+00  4.0517E+00 -7.9122E+00  2.2286E+01 -3.7208E+01  9.4055E+12 -1.0020E+12  8.4035E+12
  1.1200E+00  4.0705E+00 -7.9436E+00  2.2281E+01 -3.7200E+01  9.4014E+12 -9.9792E+11  8.4035E+12
  1.1240E+00  4.0893E+00 -7.9750E+00  2.2277E+01 -3.7191E+01  9.3974E+12 -9.9384E+11  8.4035E+12
  1.1280E+00  4.1081E+00 -8.0064E+00  2.2273E+01 -3.7183E+01  9.3933E+12 -9.8979E+11  8.4035E+12
  1.1320E+00  4.1269E+00 -8.0378E+00  2.2269E+01 -3.7175E+01  9.3893E+12 -9.8578E+11  8.4035E+12
  1.1360E+00  4.1457E+00 -8.0691E+00  2.2264E+01 -3.7167E+01  9.3854E+12 -9.8180E+11  8.4036E+12
  1.1400E+00  4.1645E+00 -8.1005E+00  2.2260E+01 -3.7159E+01  9.3814E+12 -9.7785E+11  8.4036E+12
  1.1440E+00  4.1833E+00 -8.1319E+00  2.2256E+01 -3.7151E+01  9.3775E+12 -9.7393E+11  8.4036E+12
  1.1480E+00  4.2021E+00 -8.1632E+00  2.2252E+01 -3.7143E+01  9.3737E+12 -9.7005E+11  8.4036E+12
  1.1520E+00  4.2208E+00 -8.1946E+00  2.2248E+01 -3.7135E+01  9.3698E+12 -9.6619E+11  8.4036E+12
  1.1560E+00  4.2396E+00 -8.2259E+00  2.2244E+01 -3.7127E+01  9.3660E+12 -9.6237E+11  8.4036E+12
  1.1600E+00  4.2584E+00 -8.2572E+00  2.2240E+01 -3.7119E+01  9.3622E+12 -9.5858E+11  8.4037E+12
  1.1640E+00  4.2771E+00 -8.2885E+00  2.2236E+01 -3.7111E+01  9.3585E+12 -9.5482E+11  8.4037E+12
  1.1680E+00  4.2959E+00 -8.3199E+00  2.2232E+01 -3.7104E+01  9.3548E+12 -9.5109E+11  8.4037E+12
  1.1720E+00  4.3147E+00 -8.3512E+00  2.2228E+01 -3.7096E+01  9.3511E+12 -9.4739E+11  8.4037E+12
  1.1760E+00  4.3334E+00 -8.3825E+00  2.2224E+01 -3.7089E+01  9.3474E+12 -9.4372E+11  8.4037E+12
  1.1800E+00  4.3522E+00 -8.4138E+00  2.2220E+01 -3.7081E+01  9.3438E+12 -9.4007E+11  8.4037E+12
  1.1840E+00  4.3709E+00 -8.4451E+00  2.2217E+01 -3.7074E+01  9.3402E+12 -9.3646E+11  8.4038E+12
  1.1880E+00  4.3897E+00 -8.4763E+00  2.2213E+01 -3.7066E+01  9.3366E+12 -9.3287E+11  8.4038E+12
  1.1920E+00  4.4084E+00 -8.5076E+00  2.2209E+01 -3.7059E+01  9.3331E+12 -9.2932E+11  8.4038E+12
  1.1960E+00  4.4272E+00 -8.5389E+00  2.2205E+01 -3.7052E+01  9.3296E+12 -9.2579E+11  8.4038E+12
  1.2000E+00  4.4459E+00 -8.5702E+00  2.2202E+01 -3.7045E+01  9.3261E+12 -9.2229E+11  8.4038E+12
  1.2040E+00  4.4646E+00 -8.6014E+00  2.2198E+01 -3.7038E+01  9.3226E+12 -9.1881E+11  8.4038E+12
  1.2080E+00  4.4834E+00 -8.6327E+00  2.2194E+01 -3.7031E+01  9.3192E+12 -9.1536E+11  8.4038E+12
  1.2120E+00  4.5021E+00 -8.6639E+00  2.2191E+01 -3.7024E+01  9.3158E+12 -9.1194E+11  8.4039E+12
  1.2160E+00  4.5208E+00 -8.6952E+00  2.2187E+01 -3.7017E+01  9.3124E+12 -9.0854E+11  8.4039E+12
  1.2200E+00  4.5395E+00 -8.7264E+00  2.2183E+01 -3.7010E+01  9.3091E+12 -9.0517E+11  8.4039E+12
  1.2240E+00  4.5583E+00 -8.7576E+00  2.2180E+01 -3.7003E+01  9.3057E+12 -9.0183E+11  8.4039E+12
  1.2280E+00  4.5770E+00 -8.7889E+00  2.2176E+01 -3.6996E+01  9.3024E+12 -8.9851E+11  8.4039E+12
  1.2320E+00  4.5957E+00 -8.8201E+00  2.2173E+01 -3.6989E+01  9.2991E+12 -8.9521E+11  8.4039E+12
  1.2360E+00  4.6144E+00 -8.8513E+00  2.2169E+01 -3.6982E+01  9.2959E+12 -8.9194E+11  8.4039E+12
  1.2400E+00  4.6331E+00 -8.8825E+00  2.2166E+01 -3.6976E+01  9.2926E+12 -8.8870E+11  8.4039E+12
  1.2440E+00  4.6518E+00 -8.9137E+00  2.2162E+01 -3.6969E+01  9.2894E+12 -8.8547E+11  8.4040E+12
  1.2480E+00  4.6705E+00 -8.9449E+00  2.2159E+01 -3.6963E+01  9.2863E+12 -8.8228E+11  8.4040E+12
  1.2520E+00  4.6892E+00 -8.9761E+00  2.2155E+01 -3.6956E+01  9.2831E+12 -8.7910E+11  8.4040E+12
  1.2560E+00  4.7079E+00 -9.0073E+00  2.2152E+01 -3.6950E+01  9.2799E+12 -8.7595E+11  8.4040E+12
  1.2600E+00  4.7266E+00 -9.0384E+00  2.2149E+01 -3.6943E+01  9.2768E+12 -8.7282E+11  8.4040E+12
  1.2640E+00  4.7453E+00 -9.0696E+00  2.2145E+01 -3.6937E+01  9.2737E+12 -8.6972E+11  8.4040E+12
  1.2680E+00  4.7640E+00 -9.1008E+00  2.2142E+01 -3.6931E+01  9.2707E+12 -8.6663E+11  8.4040E+12
  1.2720E+00  4.7827E+00 -9.1319E+00  2.2139E+01 -3.6924E+01  9.2676E+12 -8.6357E+11  8.4040E+12
  1.2760E+00  4.8013E+00 -9.1631E+00  2.2135E+01 -3.6918E+01  9.2646E+12 -8.6053E+11  8.4041E+12
  1.2800E+00  4.8200E+00 -9.1943E+00  2.2132E+01 -3.6912E+01  9.2616E+12 -8.5752E+11  8.4041E+12
  1.2840E+00  4.8387E+00 -9.2254E+00  2.2129E+01 -3.6906E+01  9.2586E+12 -8.5452E+11  8.4041E+12
  1.2880E+00  4.8574E+00 -9.2565E+00  2.2126E+01 -3.6900E+01  9.2556E+12 -8.5155E+11  8.4041E+12
  1.2920E+00  4.8760E+00 -9.2877E+00  2.2123E+01 -3.6893E+01  9.2527E+12 -8.4859E+11  8.4041E+12
  1.2960E+00  4.8947E+00 -9.3188E+00  2.2119E+01 -3.6887E+01  9.2498E+12 -8.4566E+11  8.4041E+12
  1.3000E+00  4.9134E+00 -9.3499E+00  2.2116E+01 -3.6881E+01  9.2469E+12 -8.4275E+11  8.4041E+12
  1.3040E+00  4.9320E+00 -9.3811E+00  2.2113E+01 -3.6876E+01  9.2440E+12 -8.3986E+11  8.4041E+12
  1.3080E+00  4.9507E+00 -9.4122E+00  2.2110E+01 -3.6870E+01  9.2411E+12 -8.3699E+11  8.4041E+12
  1.3120E+00  4.9693E+00 -9.4433E+00  2.2107E+01 -3.6864E+01  9.2383E+12 -8.3414E+11  8.4042E+12
  1.3160E+00  4.9880E+00 -9.4744E+00  2.2104E+01 -3.6858E+01  9.2355E+12 -8.3130E+11  8.4042E+12
  1.3200E+00  5.0067E+00 -9.5055E+00  2.2101E+01 -3.6852E+01  9.2327E+12 -8.2849E+11  8.4042E+12
  1.3240E+00  5.0253E+00 -9.5366E+00  2.2098E+01 -3.6846E+01  9.2299E+12 -8.2570E+11  8.4042E+12
  1.3280E+00  5.0440E+00 -9.5677E+00  2.2095E+01 -3.6841E+01  9.2271E+12 -8.2293E+11  8.4042E+12
  1.3320E+00  5.0626E+00 -9.5988E+00  2.2092E+01 -3.6835E+01  9.2244E+12 -8.2017E+11  8.4042E+12
  1.3360E+00  5.0812E+00 -9.6299E+00  2.2089E+01 -3.6829E+01  9.2217E+12 -8.1744E+11  8.4042E+12
  1.3400E+00  5.0999E+00 -9.6609E+00  2.2086E+01 -3.6824E+01  9.2189E+12 -8.1472E+11  8.4042E+12
  1.3440E+00  5.1185E+00 -9.6920E+00  2.2083E+01 -3.6818E+01  9.2163E+12 -8.1202E+11  8.4042E+12
  1.3480E+00  5.1371E+00 -9.7231E+00  2.2080E+01 -3.6813E+01  9.2136E+12 -8.0934E+11  8.4042E+12
  1.3520E+00  5.1558E+00 -9.7541E+00  2.2077E+01 -3.6807E+01  9.2109E+12 -8.0668E+11  8.4043E+12
  1.3560E+00  5.1744E+00 -9.7852E+00  2.2074E+01 -3.6802E+01  9.2083E+12 -8.0403E+11  8.4043E+12
  1.3600E+00  5.1930E+00 -9.8163E+00  2.2072E+01 -3.6797E+01  9.2057E+12 -8.0141E+11  8.4043E+12
  1.3640E+00  5.2117E+00 -9.8473E+00  2.2069E+01 -3.6791E+01  9.2031E+12 -7.9880E+11  8.4043E+12
  1.3680E+00  5.2303E+00 -9.8784E+00  2.2066E+01 -3.6786E+01  9.2005E+12 -7.9621E+11  8.4043E+12
  1.3720E+00  5.2489E+00 -9.9094E+00  2.2063E+01 -3.6781E+01  9.1979E+12 -7.9363E+11  8.4043E+12
  1.3760E+00  5.2675E+00 -9.9404E+00  2.2060E+01 -3.6775E+01  9.1954E+12 -7.9107E+11  8.4043E+12
  1.3800E+00  5.2861E+00 -9.9715E+00  2.2058E+01 -3.6770E+01  9.1928E+12 -7.8853E+11  8.4043E+12
  1.3840E+00  5.3047E+00 -1.0002E+01  2.2055E+01 -3.6765E+01  9.1903E+12 -7.8601E+11  8.4043E+12
  1.3880E+00  5.3234E+00 -1.0034E+01  2.2052E+01 -3.6760E+01  9.1878E+12 -7.8350E+11  8.4043E+12
  1.3920E+00  5.3420E+00 -1.0065E+01  2.2049E+01 -3.6755E+01  9.1853E+12 -7.8101E+11  8.4043E+12
  1.3960E+00  5.3606E+00 -1.0096E+01  2.2047E+01 -3.6749E+01  9.1829E+12 -7.7853E+11  8.4043E+12
  1.4000E+00  5.3792E+00 -1.0127E+01  2.2044E+01 -3.6744E+01  9.1804E+12 -7.7607E+11  8.4044E+12
  1.4040E+00  5.3978E+00 -1.0158E+01  2.2041E+01 -3.6739E+01  9.1780E+12 -7.7363E+11  8.4044E+12
  1.4080E+00  5.4164E+00 -1.0189E+01  2.2039E+01 -3.6734E+01  9.1756E+12 -7.7120E+11  8.4044E+12
  1.4120E+00  5.4350E+00 -1.0220E+01  2.2036E+01 -3.6729E+01  9.1732E+12 -7.6878E+11  8.4044E+12
  1.4160E+00  5.4536E+00 -1.0251E+01  2.2033E+01 -3.6724E+01  9.1708E+12 -7.6639E+11  8.4044E+12
  1.4200E+00  5.4722E+00 -1.0282E+01  2.2031E+01 -3.6720E+01  9.1684E+12 -7.6400E+11  8.4044E+12
  1.4240E+00  5.4908E+00 -1.0313E+01  2.2028E+01 -3.6715E+01  9.1660E+12 -7.6164E+11  8.4044E+12
  1.4280E+00  5.5093E+00 -1.0344E+01  2.2026E+01 -3.6710E+01  9.1637E+12 -7.5928E+11  8.4044E+12
  1.4320E+00  5.5279E+00 -1.0374E+01  2.2023E+01 -3.6705E+01  9.1614E+12 -7.5695E+11  8.4044E+12
  1.4360E+00  5.5465E+00 -1.0405E+01  2.2020E+01 -3.6700E+01  9.1591E+12 -7.5462E+11  8.4044E+12
  1.4400E+00  5.5651E+00 -1.0436E+01  2.2018E+01 -3.6696E+01  9.1567E+12 -7.5231E+11  8.4044E+12
  1.4440E+00  5.5837E+00 -1.0467E+01  2.2015E+01 -3.6691E+01  9.1545E+12 -7.5002E+11  8.4044E+12
  1.4480E+00  5.6023E+00 -1.0498E+01  2.2013E+01 -3.6686E+01  9.1522E+12 -7.4774E+11  8.4045E+12
  1.4520E+00  5.6208E+00 -1.0529E+01  2.2010E+01 -3.6681E+01  9.1499E+12 -7.4547E+11  8.4045E+12
  1.4560E+00  5.6394E+00 -1.0560E+01  2.2008E+01 -3.6677E+01  9.1477E+12 -7.4322E+11  8.4045E+12
  1.4600E+00  5.6580E+00 -1.0591E+01  2.2005E+01 -3.6672E+01  9.1455E+12 -7.4098E+11  8.4045E+12
  1.4640E+00  5.6765E+00 -1.0622E+01  2.2003E+01 -3.6668E+01  9.1432E+12 -7.3876E+11  8.4045E+12
  1.4680E+00  5.6951E+00 -1.0653E+01  2.2001E+01 -3.6663E+01  9.1410E+12 -7.3655E+11  8.4045E+12
  1.4720E+00  5.7137E+00 -1.0684E+01  2.1998E+01 -3.6659E+01  9.1388E+12 -7.3435E+11  8.4045E+12
  1.4760E+00  5.7322E+00 -1.0715E+01  2.1996E+01 -3.6654E+01  9.1367E+12 -7.3217E+11  8.4045E+12
  1.4800E+00  5.7508E+00 -1.0746E+01  2.1993E+01 -3.6650E+01  9.1345E+12 -7.3000E+11  8.4045E+12
  1.4840E+00  5.7694E+00 -1.0777E+01  2.1991E+01 -3.6645E+01  9.1324E+12 -7.2784E+11  8.4045E+12
  1.4880E+00  5.7879E+00 -1.0808E+01  2.1989E+01 -3.6641E+01  9.1302E+12 -7.2569E+11  8.4045E+12
  1.4920E+00  5.8065E+00 -1.0839E+01  2.1986E+01 -3.6636E+01  9.1281E+12 -7.2356E+11  8.4045E+12
  1.4960E+00  5.8250E+00 -1.0870E+01  2.1984E+01 -3.6632E+01  9.1260E+12 -7.2144E+11  8.4045E+12
  1.5000E+00  5.8436E+00 -1.0901E+01  2.1982E+01 -3.6628E+01  9.1239E+12 -7.1933E+11  8.4045E+12
  1.5040E+00  5.8621E+00 -1.0931E+01  2.1979E+01 -3.6623E+01  9.1218E+12 -7.1724E+11  8.4045E+12
  1.5080E+00  5.8807E+00 -1.0962E+01  2.1977E+01 -3.6619E+01  9.1197E+12 -7.1516E+11  8.4046E+12
  1.5120E+00  5.8992E+00 -1.0993E+01  2.1975E+01 -3.6615E+01  9.1176E+12 -7.1309E+11  8.4046E+12
  1.5160E+00  5.9178E+00 -1.1024E+01  2.1972E+01 -3.6611E+01  9.1156E+12 -7.1103E+11  8.4046E+12
  1.5200E+00  5.9363E+00 -1.1055E+01  2.1970E+01 -3.6606E+01  9.1136E+12 -7.0899E+11  8.4046E+12
  1.5240E+00  5.9548E+00 -1.1086E+01  2.1968E+01 -3.6602E+01  9.1115E+12 -7.0695E+11  8.4046E+12
  1.5280E+00  5.9734E+00 -1.1117E+01  2.1966E+01 -3.6598E+01  9.1095E+12 -7.0493E+11  8.4046E+12
  1.5320E+00  5.9919E+00 -1.1148E+01  2.1963E+01 -3.6594E+01  9.1075E+12 -7.0292E+11  8.4046E+12
  1.5360E+00  6.0104E+00 -1.1179E+01  2.1961E+01 -3.6590E+01  9.1055E+12 -7.0092E+11  8.4046E+12
  1.5400E+00  6.0290E+00 -1.1209E+01  2.1959E+01 -3.6586E+01  9.1035E+12 -6.9894E+11  8.4046E+12
  1.5440E+00  6.0475E+00 -1.1240E+01  2.1957E+01 -3.6582E+01  9.1016E+12 -6.9696E+11  8.4046E+12
  1.5480E+00  6.0660E+00 -1.1271E+01  2.1955E+01 -3.6577E+01  9.0996E+12 -6.9500E+11  8.4046E+12
  1.5520E+00  6.0846E+00 -1.1302E+01  2.1953E+01 -3.6573E+01  9.0977E+12 -6.9304E+11  8.4046E+12
  1.5560E+00  6.1031E+00 -1.1333E+01  2.1950E+01 -3.6569E+01  9.0957E+12 -6.9110E+11  8.4046E+12
  1.5600E+00  6.1216E+00 -1.1364E+01  2.1948E+01 -3.6565E+01  9.0938E+12 -6.8917E+11  8.4046E+12
  1.5640E+00  6.1401E+00 -1.1395E+01  2.1946E+01 -3.6562E+01  9.0919E+12 -6.8725E+11  8.4046E+12
  1.5680E+00  6.1586E+00 -1.1425E+01  2.1944E+01 -3.6558E+01  9.0900E+12 -6.8534E+11  8.4046E+12
  1.5719E+00  6.1772E+00 -1.1456E+01  2.1942E+01 -3.6554E+01  9.0881E+12 -6.8345E+11  8.4046E+12
  1.5759E+00  6.1957E+00 -1.1487E+01  2.1940E+01 -3.6550E+01  9.0862E+12 -6.8156E+11  8.4047E+12
  1.5799E+00  6.2142E+00 -1.1518E+01  2.1938E+01 -3.6546E+01  9.0843E+12 -6.7968E+11  8.4047E+12
  1.5839E+00  6.2327E+00 -1.1549E+01  2.1936E+01 -3.6542E+01  9.0825E+12 -6.7782E+11  8.4047E+12
  1.5879E+00  6.2512E+00 -1.1580E+01  2.1934E+01 -3.6538E+01  9.0806E+12 -6.7596E+11  8.4047E+12
  1.5919E+00  6.2697E+00 -1.1610E+01  2.1931E+01 -3.6534E+01  9.0788E+12 -6.7411E+11  8.4047E+12
  1.5959E+00  6.2882E+00 -1.1641E+01  2.1929E+01 -3.6531E+01  9.0770E+12 -6.7228E+11  8.4047E+12
  1.5999E+00  6.3067E+00 -1.1672E+01  2.1927E+01 -3.6527E+01  9.0751E+12 -6.7045E+11  8.4047E+12
  1.6039E+00  6.3252E+00 -1.1703E+01  2.1925E+01 -3.6523E+01  9.0733E+12 -6.6864E+11  8.4047E+12
  1.6079E+00  6.3437E+00 -1.1734E+01  2.1923E+01 -3.6519E+01  9.0715E+12 -6.6683E+11  8.4047E+12
  1.6119E+00  6.3622E+00 -1.1765E+01  2.1921E+01 -3.6516E+01  9.0697E+12 -6.6504E+11  8.4047E+12
  1.6159E+00  6.3807E+00 -1.1795E+01  2.1919E+01 -3.6512E+01  9.0680E+12 -6.6325E+11  8.4047E+12
  1.6199E+00  6.3992E+00 -1.1826E+01  2.1917E+01 -3.6508E+01  9.0662E+12 -6.6148E+11  8.4047E+12
  1.6239E+00  6.4177E+00 -1.1857E+01  2.1915E+01 -3.6505E+01  9.0644E+12 -6.5971E+11  8.4047E+12
  1.6279E+00  6.4362E+00 -1.1888E+01  2.1913E+01 -3.6501E+01  9.0627E+12 -6.5796E+11  8.4047E+12
  1.6319E+00  6.4547E+00 -1.1919E+01  2.1912E+01 -3.6498E+01  9.0609E+12 -6.5621E+11  8.4047E+12
  1.6359E+00  6.4732E+00 -1.1949E+01  2.1910E+01 -3.6494E+01  9.0592E+12 -6.5447E+11  8.4047E+12
  1.6399E+00  6.4917E+00 -1.1980E+01  2.1908E+01 -3.6490E+01  9.0575E+12 -6.5274E+11  8.4047E+12
  1.6439E+00  6.5102E+00 -1.2011E+01  2.1906E+01 -3.6487E+01  9.0558E+12 -6.5102E+11  8.4047E+12
  1.6479E+00  6.5287E+00 -1.2042E+01  2.1904E+01 -3.6483E+01  9.0541E+12 -6.4931E+11  8.4047E+12
  1.6519E+00  6.5471E+00 -1.2073E+01  2.1902E+01 -3.6480E+01  9.0524E+12 -6.4761E+11  8.4048E+12
  1.6559E+00  6.5656E+00 -1.2103E+01  2.1900E+01 -3.6476E+01  9.0507E+12 -6.4592E+11  8.4048E+12
  1.6599E+00  6.5841E+00 -1.2134E+01  2.1898E+01 -3.6473E+01  9.0490E+12 -6.4424E+11  8.4048E+12
  1.6639E+00  6.6026E+00 -1.2165E+01  2.1896E+01 -3.6469E+01  9.0473E+12 -6.4257E+11  8.4048E+12
  1.6679E+00  6.6211E+00 -1.2196E+01  2.1894E+01 -3.6466E+01  9.0457E+12 -6.4090E+11  8.4048E+12
  1.6719E+00  6.6395E+00 -1.2226E+01  2.1893E+01 -3.6463E+01  9.0440E+12 -6.3924E+11  8.4048E+12
  1.6759E+00  6.6580E+00 -1.2257E+01  2.1891E+01 -3.6459E+01  9.0424E+12 -6.3760E+11  8.4048E+12
  1.6799E+00  6.6765E+00 -1.2288E+01  2.1889E+01 -3.6456E+01  9.0407E+12 -6.3596E+11  8.4048E+12
  1.6839E+00  6.6949E+00 -1.2319E+01  2.1887E+01 -3.6452E+01  9.0391E+12 -6.3433E+11  8.4048E+12
  1.6879E+00  6.7134E+00 -1.2350E+01  2.1885E+01 -3.6449E+01  9.0375E+12 -6.3271E+11  8.4048E+12
  1.6919E+00  6.7319E+00 -1.2380E+01  2.1883E+01 -3.6446E+01  9.0359E+12 -6.3109E+11  8.4048E+12
  1.6959E+00  6.7503E+00 -1.2411E+01  2.1882E+01 -3.6442E+01  9.0343E+12 -6.2949E+11  8.4048E+12
  1.6999E+00  6.7688E+00 -1.2442E+01  2.1880E+01 -3.6439E+01  9.0327E+12 -6.2789E+11  8.4048E+12
  1.7039E+00  6.7873E+00 -1.2473E+01  2.1878E+01 -3.6436E+01  9.0311E+12 -6.2630E+11  8.4048E+12
  1.7079E+00  6.8057E+00 -1.2503E+01  2.1876E+01 -3.6433E+01  9.0295E+12 -6.2472E+11  8.4048E+12
  1.7119E+00  6.8242E+00 -1.2534E+01  2.1875E+01 -3.6429E+01  9.0280E+12 -6.2315E+11  8.4048E+12
  1.7159E+00  6.8427E+00 -1.2565E+01  2.1873E+01 -3.6426E+01  9.0264E+12 -6.2158E+11  8.4048E+12
  1.7199E+00  6.8611E+00 -1.2596E+01  2.1871E+01 -3.6423E+01  9.0249E+12 -6.2003E+11  8.4048E+12
  1.7239E+00  6.8796E+00 -1.2626E+01  2.1869E+01 -3.6420E+01  9.0233E+12 -6.1848E+11  8.4048E+12
  1.7279E+00  6.8980E+00 -1.2657E+01  2.1868E+01 -3.6417E+01  9.0218E+12 -6.1694E+11  8.4048E+12
  1.7319E+00  6.9165E+00 -1.2688E+01  2.1866E+01 -3.6413E+01  9.0202E+12 -6.1541E+11  8.4048E+12
  1.7359E+00  6.9349E+00 -1.2718E+01  2.1864E+01 -3.6410E+01  9.0187E+12 -6.1388E+11  8.4048E+12
  1.7399E+00  6.9534E+00 -1.2749E+01  2.1862E+01 -3.6407E+01  9.0172E+12 -6.1236E+11  8.4048E+12
  1.7439E+00  6.9718E+00 -1.2780E+01  2.1861E+01 -3.6404E+01  9.0157E+12 -6.1085E+11  8.4049E+12
  1.7479E+00  6.9903E+00 -1.2811E+01  2.1859E+01 -3.6401E+01  9.0142E+12 -6.0935E+11  8.4049E+12
  1.7519E+00  7.0087E+00 -1.2841E+01  2.1857E+01 -3.6398E+01  9.0127E+12 -6.0786E+11  8.4049E+12
  1.7559E+00  7.0272E+00 -1.2872E+01  2.1856E+01 -3.6395E+01  9.0112E+12 -6.0637E+11  8.4049E+12
  1.7599E+00  7.0456E+00 -1.2903E+01  2.1854E+01 -3.6392E+01  9.0098E+12 -6.0489E+11  8.4049E+12
  1.7639E+00  7.0640E+00 -1.2933E+01  2.1852E+01 -3.6389E+01  9.0083E+12 -6.0342E+11  8.4049E+12
  1.7679E+00  7.0825E+00 -1.2964E+01  2.1851E+01 -3.6386E+01  9.0068E+12 -6.0195E+11  8.4049E+12
  1.7719E+00  7.1009E+00 -1.2995E+01  2.1849E+01 -3.6383E+01  9.0054E+12 -6.0049E+11  8.4049E+12
  1.7759E+00  7.1194E+00 -1.3026E+01  2.1847E+01 -3.6380E+01  9.0039E+12 -5.9904E+11  8.4049E+12
  1.7799E+00  7.1378E+00 -1.3056E+01  2.1846E+01 -3.6377E+01  9.0025E+12 -5.9760E+11  8.4049E+12
  1.7839E+00  7.1562E+00 -1.3087E+01  2.1844E+01 -3.6374E+01  9.0010E+12 -5.9616E+11  8.4049E+12
  1.7879E+00  7.1747E+00 -1.3118E+01  2.1843E+01 -3.6371E+01  8.9996E+12 -5.9473E+11  8.4049E+12
  1.7919E+00  7.1931E+00 -1.3148E+01  2.1841E+01 -3.6368E+01  8.9982E+12 -5.9331E+11  8.4049E+12
  1.7959E+00  7.2115E+00 -1.3179E+01  2.1839E+01 -3.6365E+01  8.9968E+12 -5.9189E+11  8.4049E+12
  1.7999E+00  7.2300E+00 -1.3210E+01  2.1838E+01 -3.6362E+01  8.9954E+12 -5.9048E+11  8.4049E+12
  1.8039E+00  7.2484E+00 -1.3240E+01  2.1836E+01 -3.6359E+01  8.9940E+12 -5.8908E+11  8.4049E+12
  1.8079E+00  7.2668E+00 -1.3271E+01  2.1835E+01 -3.6356E+01  8.9926E+12 -5.8768E+11  8.4049E+12
  1.8119E+00  7.2852E+00 -1.3302E+01  2.1833E+01 -3.6353E+01  8.9912E+12 -5.8629E+11  8.4049E+12
  1.8159E+00  7.3037E+00 -1.3332E+01  2.1831E+01 -3.6350E+01  8.9898E+12 -5.8491E+11  8.4049E+12
  1.8199E+00  7.3221E+00 -1.3363E+01  2.1830E+01 -3.6348E+01  8.9885E+12 -5.8354E+11  8.4049E+12
  1.8239E+00  7.3405E+00 -1.3394E+01  2.1828E+01 -3.6345E+01  8.9871E+12 -5.8217E+11  8.4049E+12
  1.8279E+00  7.3589E+00 -1.3424E+01  2.1827E+01 -3.6342E+01  8.9857E+12 -5.8080E+11  8.4049E+12
  1.8319E+00  7.3773E+00 -1.3455E+01  2.1825E+01 -3.6339E+01  8.9844E+12 -5.7945E+11  8.4049E+12
  1.8359E+00  7.3958E+00 -1.3486E+01  2.1824E+01 -3.6336E+01  8.9830E+12 -5.7810E+11  8.4049E+12
  1.8399E+00  7.4142E+00 -1.3516E+01  2.1822E+01 -3.6334E+01  8.9817E+12 -5.7675E+11  8.4049E+12
  1.8439E+00  7.4326E+00 -1.3547E+01  2.1821E+01 -3.6331E+01  8.9804E+12 -5.7542E+11  8.4049E+12
  1.8479E+00  7.4510E+00 -1.3578E+01  2.1819E+01 -3.6328E+01  8.9790E+12 -5.7409E+11  8.4049E+12
  1.8519E+00  7.4694E+00 -1.3608E+01  2.1818E+01 -3.6325E+01  8.9777E+12 -5.7276E+11  8.4049E+12
  1.8559E+00  7.4878E+00 -1.3639E+01  2.1816E+01 -3.6323E+01  8.9764E+12 -5.7144E+11  8.4049E+12
  1.8599E+00  7.5062E+00 -1.3670E+01  2.1815E+01 -3.6320E+01  8.9751E+12 -5.7013E+11  8.4050E+12
  1.8639E+00  7.5246E+00 -1.3700E+01  2.1813E+01 -3.6317E+01  8.9738E+12 -5.6883E+11  8.4050E+12
  1.8679E+00  7.5430E+00 -1.3731E+01  2.1812E+01 -3.6315E+01  8.9725E+12 -5.6753E+11  8.4050E+12
  1.8719E+00  7.5614E+00 -1.3762E+01  2.1810E+01 -3.6312E+01  8.9712E+12 -5.6623E+11  8.4050E+12
  1.8759E+00  7.5798E+00 -1.3792E+01  2.1809E+01 -3.6309E+01  8.9699E+12 -5.6494E+11  8.4050E+12
  1.8799E+00  7.5983E+00 -1.3823E+01  2.1807E+01 -3.6307E+01  8.9686E+12 -5.6366E+11  8.4050E+12
  1.8839E+00  7.6167E+00 -1.3854E+01  2.1806E+01 -3.6304E+01  8.9674E+12 -5.6239E+11  8.4050E+12
  1.8879E+00  7.6351E+00 -1.3884E+01  2.1804E+01 -3.6301E+01  8.9661E+12 -5.6111E+11  8.4050E+12
  1.8919E+00  7.6535E+00 -1.3915E+01  2.1803E+01 -3.6299E+01  8.9648E+12 -5.5985E+11  8.4050E+12
  1.8959E+00  7.6719E+00 -1.3945E+01  2.1802E+01 -3.6296E+01  8.9636E+12 -5.5859E+11  8.4050E+12
  1.8999E+00  7.6902E+00 -1.3976E+01  2.1800E+01 -3.6293E+01  8.9623E+12 -5.5734E+11  8.4050E+12
  1.9039E+00  7.7086E+00 -1.4007E+01  2.1799E+01 -3.6291E+01  8.9611E+12 -5.5609E+11  8.4050E+12
  1.9079E+00  7.7270E+00 -1.4037E+01  2.1797E+01 -3.6288E+01  8.9598E+12 -5.5485E+11  8.4050E+12
  1.9119E+00  7.7454E+00 -1.4068E+01  2.1796E+01 -3.6286E+01  8.9586E+12 -5.5361E+11  8.4050E+12
  1.9159E+00  7.7638E+00 -1.4099E+01  2.1795E+01 -3.6283E+01  8.9574E+12 -5.5238E+11  8.4050E+12
  1.9199E+00  7.7822E+00 -1.4129E+01  2.1793E+01 -3.6281E+01  8.9562E+12 -5.5116E+11  8.4050E+12
  1.9239E+00  7.8006E+00 -1.4160E+01  2.1792E+01 -3.6278E+01  8.9549E+12 -5.4994E+11  8.4050E+12
  1.9279E+00  7.8190E+00 -1.4190E+01  2.1790E+01 -3.6276E+01  8.9537E+12 -5.4872E+11  8.4050E+12
  1.9319E+00  7.8374E+00 -1.4221E+01  2.1789E+01 -3.6273E+01  8.9525E+12 -5.4752E+11  8.4050E+12
  1.9359E+00  7.8558E+00 -1.4252E+01  2.1788E+01 -3.6271E+01  8.9513E+12 -5.4631E+11  8.4050E+12
  1.9399E+00  7.8742E+00 -1.4282E+01  2.1786E+01 -3.6268E+01  8.9501E+12 -5.4511E+11  8.4050E+12
  1.9439E+00  7.8925E+00 -1.4313E+01  2.1785E+01 -3.6266E+01  8.9489E+12 -5.4392E+11  8.4050E+12
  1.9479E+00  7.9109E+00 -1.4343E+01  2.1784E+01 -3.6263E+01  8.9478E+12 -5.4273E+11  8.4050E+12
  1.9519E+00  7.9293E+00 -1.4374E+01  2.1782E+01 -3.6261E+01  8.9466E+12 -5.4155E+11  8.4050E+12
  1.9559E+00  7.9477E+00 -1.4405E+01  2.1781E+01 -3.6258E+01  8.9454E+12 -5.4038E+11  8.4050E+12
  1.9599E+00  7.9661E+00 -1.4435E+01  2.1780E+01 -3.6256E+01  8.9442E+12 -5.3920E+11  8.4050E+12
  1.9639E+00  7.9844E+00 -1.4466E+01  2.1778E+01 -3.6254E+01  8.9431E+12 -5.3804E+11  8.4050E+12
  1.9679E+00  8.0028E+00 -1.4496E+01  2.1777E+01 -3.6251E+01  8.9419E+12 -5.3688E+11  8.4050E+12
  1.9719E+00  8.0212E+00 -1.4527E+01  2.1776E+01 -3.6249E+01  8.9408E+12 -5.3572E+11  8.4050E+12
  1.9759E+00  8.0396E+00 -1.4558E+01  2.1774E+01 -3.6246E+01  8.9396E+12 -5.3457E+11  8.4050E+12
  1.9799E+00  8.0579E+00 -1.4588E+01  2.1773E+01 -3.6244E+01  8.9385E+12 -5.3342E+11  8.4050E+12
  1.9839E+00  8.0763E+00 -1.4619E+01  2.1772E+01 -3.6242E+01  8.9373E+12 -5.3228E+11  8.4050E+12
  1.9879E+00  8.0947E+00 -1.4649E+01  2.1770E+01 -3.6239E+01  8.9362E+12 -5.3114E+11  8.4050E+12
  1.9919E+00  8.1131E+00 -1.4680E+01  2.1769E+01 -3.6237E+01  8.9351E+12 -5.3001E+11  8.4050E+12
  1.9959E+00  8.1314E+00 -1.4711E+01  2.1768E+01 -3.6235E+01  8.9339E+12 -5.2889E+11  8.4050E+12
  1.9999E+00  8.1498E+00 -1.4741E+01  2.1766E+01 -3.6232E+01  8.9328E+12 -5.2777E+11  8.4051E+12
  2.0039E+00  8.1682E+00 -1.4772E+01  2.1765E+01 -3.6230E+01  8.9317E+12 -5.2665E+11  8.4051E+12
  2.0079E+00  8.1865E+00 -1.4802E+01  2.1764E+01 -3.6228E+01  8.9306E+12 -5.2554E+11  8.4051E+12
  2.0119E+00  8.2049E+00 -1.4833E+01  2.1763E+01 -3.6225E+01  8.9295E+12 -5.2443E+11  8.4051E+12
  2.0159E+00  8.2233E+00 -1.4863E+01  2.1761E+01 -3.6223E+01  8.9284E+12 -5.2333E+11  8.4051E+12
  2.0199E+00  8.2416E+00 -1.4894E+01  2.1760E+01 -3.6221E+01  8.9273E+12 -5.2223E+11  8.4051E+12
  2.0239E+00  8.2600E+00 -1.4925E+01  2.1759E+01 -3.6219E+01  8.9262E+12 -5.2113E+11  8.4051E+12
  2.0279E+00  8.2783E+00 -1.4955E+01  2.1758E+01 -3.6216E+01  8.9251E+12 -5.2005E+11  8.4051E+12
  2.0319E+00  8.2967E+00 -1.4986E+01  2.1756E+01 -3.6214E+01  8.9240E+12 -5.1896E+11  8.4051E+12
  2.0359E+00  8.3151E+00 -1.5016E+01  2.1755E+01 -3.6212E+01  8.9230E+12 -5.1788E+11  8.4051E+12
  2.0399E+00  8.3334E+00 -1.5047E+01  2.1754E+01 -3.6210E+01  8.9219E+12 -5.1681E+11  8.4051E+12
  2.0439E+00  8.3518E+00 -1.5077E+01  2.1753E+01 -3.6208E+01  8.9208E+12 -5.1574E+11  8.4051E+12
  2.0479E+00  8.3701E+00 -1.5108E+01  2.1751E+01 -3.6205E+01  8.9197E+12 -5.1467E+11  8.4051E+12
  2.0519E+00  8.3885E+00 -1.5138E+01  2.1750E+01 -3.6203E+01  8.9187E+12 -5.1361E+11  8.4051E+12
  2.0559E+00  8.4068E+00 -1.5169E+01  2.1749E+01 -3.6201E+01  8.9176E+12 -5.1255E+11  8.4051E+12
  2.0599E+00  8.4252E+00 -1.5200E+01  2.1748E+01 -3.6199E+01  8.9166E+12 -5.1150E+11  8.4051E+12
  2.0639E+00  8.4435E+00 -1.5230E+01  2.1747E+01 -3.6197E+01  8.9155E+12 -5.1045E+11  8.4051E+12
  2.0679E+00  8.4619E+00 -1.5261E+01  2.1745E+01 -3.6194E+01  8.9145E+12 -5.0941E+11  8.4051E+12
  2.0719E+00  8.4802E+00 -1.5291E+01  2.1744E+01 -3.6192E+01  8.9135E+12 -5.0837E+11  8.4051E+12
  2.0759E+00  8.4986E+00 -1.5322E+01  2.1743E+01 -3.6190E+01  8.9124E+12 -5.0733E+11  8.4051E+12
  2.0799E+00  8.5169E+00 -1.5352E+01  2.1742E+01 -3.6188E+01  8.9114E+12 -5.0630E+11  8.4051E+12
  2.0839E+00  8.5353E+00 -1.5383E+01  2.1741E+01 -3.6186E+01  8.9104E+12 -5.0528E+11  8.4051E+12
  2.0879E+00  8.5536E+00 -1.5413E+01  2.1740E+01 -3.6184E+01  8.9094E+12 -5.0425E+11  8.4051E+12
  2.0919E+00  8.5720E+00 -1.5444E+01  2.1738E+01 -3.6182E+01  8.9083E+12 -5.0323E+11  8.4051E+12
  2.0959E+00  8.5903E+00 -1.5474E+01  2.1737E+01 -3.6180E+01  8.9073E+12 -5.0222E+11  8.4051E+12
  2.0999E+00  8.6087E+00 -1.5505E+01  2.1736E+01 -3.6177E+01  8.9063E+12 -5.0121E+11  8.4051E+12
  2.1039E+00  8.6270E+00 -1.5535E+01  2.1735E+01 -3.6175E+01  8.9053E+12 -5.0020E+11  8.4051E+12
  2.1079E+00  8.6453E+00 -1.5566E+01  2.1734E+01 -3.6173E+01  8.9043E+12 -4.9920E+11  8.4051E+12
  2.1119E+00  8.6637E+00 -1.5596E+01  2.1733E+01 -3.6171E+01  8.9033E+12 -4.9820E+11  8.4051E+12
  2.1159E+00  8.6820E+00 -1.5627E+01  2.1731E+01 -3.6169E+01  8.9023E+12 -4.9721E+11  8.4051E+12
  2.1199E+00  8.7004E+00 -1.5658E+01  2.1730E+01 -3.6167E+01  8.9013E+12 -4.9622E+11  8.4051E+12
  2.1239E+00  8.7187E+00 -1.5688E+01  2.1729E+01 -3.6165E+01  8.9004E+12 -4.9524E+11  8.4051E+12
  2.1279E+00  8.7370E+00 -1.5719E+01  2.1728E+01 -3.6163E+01  8.8994E+12 -4.9425E+11  8.4051E+12
  2.1319E+00  8.7554E+00 -1.5749E+01  2.1727E+01 -3.6161E+01  8.8984E+12 -4.9328E+11  8.4051E+12
  2.1359E+00  8.7737E+00 -1.5780E+01  2.1726E+01 -3.6159E+01  8.8974E+12 -4.9230E+11  8.4051E+12
  2.1399E+00  8.7920E+00 -1.5810E+01  2.1725E+01 -3.6157E+01  8.8965E+12 -4.9133E+11  8.4051E+12
  2.1439E+00  8.8104E+00 -1.5841E+01  2.1724E+01 -3.6155E+01  8.8955E+12 -4.9036E+11  8.4051E+12
  2.1479E+00  8.8287E+00 -1.5871E+01  2.1722E+01 -3.6153E+01  8.8945E+12 -4.8940E+11  8.4051E+12
  2.1519E+00  8.8470E+00 -1.5902E+01  2.1721E+01 -3.6151E+01  8.8936E+12 -4.8844E+11  8.4051E+12
  2.1559E+00  8.8654E+00 -1.5932E+01  2.1720E+01 -3.6149E+01  8.8926E+12 -4.8749E+11  8.4051E+12
  2.1599E+00  8.8837E+00 -1.5963E+01  2.1719E+01 -3.6147E+01  8.8917E+12 -4.8654E+11  8.4051E+12
  2.1639E+00  8.9020E+00 -1.5993E+01  2.1718E+01 -3.6145E+01  8.8907E+12 -4.8559E+11  8.4051E+12
  2.1679E+00  8.9203E+00 -1.6024E+01  2.1717E+01 -3.6143E+01  8.8898E+12 -4.8465E+11  8.4051E+12
  2.1719E+00  8.9387E+00 -1.6054E+01  2.1716E+01 -3.6141E+01  8.8889E+12 -4.8371E+11  8.4051E+12
  2.1759E+00  8.9570E+00 -1.6085E+01  2.1715E+01 -3.6139E+01  8.8879E+12 -4.8277E+11  8.4051E+12
  2.1799E+00  8.9753E+00 -1.6115E+01  2.1714E+01 -3.6137E+01  8.8870E+12 -4.8184E+11  8.4051E+12
  2.1839E+00  8.9936E+00 -1.6146E+01  2.1713E+01 -3.6135E+01  8.8861E+12 -4.8091E+11  8.4051E+12
  2.1879E+00  9.0120E+00 -1.6176E+01  2.1712E+01 -3.6134E+01  8.8851E+12 -4.7998E+11  8.4051E+12
  2.1919E+00  9.0303E+00 -1.6207E+01  2.1711E+01 -3.6132E+01  8.8842E+12 -4.7906E+11  8.4052E+12
  2.1959E+00  9.0486E+00 -1.6237E+01  2.1709E+01 -3.6130E+01  8.8833E+12 -4.7815E+11  8.4052E+12
  2.1999E+00  9.0669E+00 -1.6268E+01  2.1708E+01 -3.6128E+01  8.8824E+12 -4.7723E+11  8.4052E+12
  2.2039E+00  9.0852E+00 -1.6298E+01  2.1707E+01 -3.6126E+01  8.8815E+12 -4.7632E+11  8.4052E+12
  2.2079E+00  9.1036E+00 -1.6329E+01  2.1706E+01 -3.6124E+01  8.8806E+12 -4.7541E+11  8.4052E+12
  2.2119E+00  9.1219E+00 -1.6359E+01  2.1705E+01 -3.6122E+01  8.8797E+12 -4.7451E+11  8.4052E+12
  2.2159E+00  9.1402E+00 -1.6390E+01  2.1704E+01 -3.6120E+01  8.8788E+12 -4.7361E+11  8.4052E+12
  2.2199E+00  9.1585E+00 -1.6420E+01  2.1703E+01 -3.6118E+01  8.8779E+12 -4.7271E+11  8.4052E+12
  2.2239E+00  9.1768E+00 -1.6450E+01  2.1702E+01 -3.6117E+01  8.8770E+12 -4.7182E+11  8.4052E+12
  2.2279E+00  9.1951E+00 -1.6481E+01  2.1701E+01 -3.6115E+01  8.8761E+12 -4.7093E+11  8.4052E+12
  2.2319E+00  9.2134E+00 -1.6511E+01  2.1700E+01 -3.6113E+01  8.8752E+12 -4.7004E+11  8.4052E+12
  2.2359E+00  9.2318E+00 -1.6542E+01  2.1699E+01 -3.6111E+01  8.8743E+12 -4.6916E+11  8.4052E+12
  2.2399E+00  9.2501E+00 -1.6572E+01  2.1698E+01 -3.6109E+01  8.8734E+12 -4.6828E+11  8.4052E+12
  2.2439E+00  9.2684E+00 -1.6603E+01  2.1697E+01 -3.6107E+01  8.8726E+12 -4.6740E+11  8.4052E+12
  2.2479E+00  9.2867E+00 -1.6633E+01  2.1696E+01 -3.6106E+01  8.8717E+12 -4.6653E+11  8.4052E+12
  2.2519E+00  9.3050E+00 -1.6664E+01  2.1695E+01 -3.6104E+01  8.8708E+12 -4.6566E+11  8.4052E+12
  2.2559E+00  9.3233E+00 -1.6694E+01  2.1694E+01 -3.6102E+01  8.8700E+12 -4.6479E+11  8.4052E+12
  2.2599E+00  9.3416E+00 -1.6725E+01  2.1693E+01 -3.6100E+01  8.8691E+12 -4.6393E+11  8.4052E+12
  2.2639E+00  9.3599E+00 -1.6755E+01  2.1692E+01 -3.6099E+01  8.8682E+12 -4.6307E+11  8.4052E+12
  2.2679E+00  9.3782E+00 -1.6786E+01  2.1691E+01 -3.6097E+01  8.8674E+12 -4.6221E+11  8.4052E+12
  2.2719E+00  9.3965E+00 -1.6816E+01  2.1690E+01 -3.6095E+01  8.8665E+12 -4.6136E+11  8.4052E+12
  2.2759E+00  9.4148E+00 -1.6847E+01  2.1689E+01 -3.6093E+01  8.8657E+12 -4.6050E+11  8.4052E+12
  2.2799E+00  9.4331E+00 -1.6877E+01  2.1688E+01 -3.6091E+01  8.8648E+12 -4.5966E+11  8.4052E+12
  2.2839E+00  9.4514E+00 -1.6907E+01  2.1687E+01 -3.6090E+01  8.8640E+12 -4.5881E+11  8.4052E+12
  2.2879E+00  9.4697E+00 -1.6938E+01  2.1686E+01 -3.6088E+01  8.8632E+12 -4.5797E+11  8.4052E+12
  2.2919E+00  9.4880E+00 -1.6968E+01  2.1685E+01 -3.6086E+01  8.8623E+12 -4.5713E+11  8.4052E+12
  2.2959E+00  9.5063E+00 -1.6999E+01  2.1684E+01 -3.6085E+01  8.8615E+12 -4.5630E+11  8.4052E+12
  2.2999E+00  9.5246E+00 -1.7029E+01  2.1683E+01 -3.6083E+01  8.8607E+12 -4.5547E+11  8.4052E+12
  2.3039E+00  9.5429E+00 -1.7060E+01  2.1682E+01 -3.6081E+01  8.8598E+12 -4.5464E+11  8.4052E+12
  2.3079E+00  9.5612E+00 -1.7090E+01  2.1681E+01 -3.6079E+01  8.8590E+12 -4.5381E+11  8.4052E+12
  2.3119E+00  9.5795E+00 -1.7121E+01  2.1680E+01 -3.6078E+01  8.8582E+12 -4.5299E+11  8.4052E+12
  2.3159E+00  9.5978E+00 -1.7151E+01  2.1679E+01 -3.6076E+01  8.8574E+12 -4.5217E+11  8.4052E+12
  2.3199E+00  9.6161E+00 -1.7181E+01  2.1679E+01 -3.6074E+01  8.8566E+12 -4.5135E+11  8.4052E+12
  2.3239E+00  9.6344E+00 -1.7212E+01  2.1678E+01 -3.6073E+01  8.8557E+12 -4.5054E+11  8.4052E+12
  2.3279E+00  9.6527E+00 -1.7242E+01  2.1677E+01 -3.6071E+01  8.8549E+12 -4.4973E+11  8.4052E+12
  2.3319E+00  9.6710E+00 -1.7273E+01  2.1676E+01 -3.6069E+01  8.8541E+12 -4.4892E+11  8.4052E+12
  2.3359E+00  9.6893E+00 -1.7303E+01  2.1675E+01 -3.6068E+01  8.8533E+12 -4.4812E+11  8.4052E+12
  2.3399E+00  9.7076E+00 -1.7334E+01  2.1674E+01 -3.6066E+01  8.8525E+12 -4.4731E+11  8.4052E+12
  2.3439E+00  9.7258E+00 -1.7364E+01  2.1673E+01 -3.6064E+01  8.8517E+12 -4.4651E+11  8.4052E+12
  2.3479E+00  9.7441E+00 -1.7395E+01  2.1672E+01 -3.6063E+01  8.8509E+12 -4.4572E+11  8.4052E+12
  2.3519E+00  9.7624E+00 -1.7425E+01  2.1671E+01 -3.6061E+01  8.8501E+12 -4.4492E+11  8.4052E+12
  2.3559E+00  9.7807E+00 -1.7455E+01  2.1670E+01 -3.6059E+01  8.8494E+12 -4.4413E+11  8.4052E+12
  2.3599E+00  9.7990E+00 -1.7486E+01  2.1669E+01 -3.6058E+01  8.8486E+12 -4.4335E+11  8.4052E+12
  2.3639E+00  9.8173E+00 -1.7516E+01  2.1668E+01 -3.6056E+01  8.8478E+12 -4.4256E+11  8.4052E+12
  2.3679E+00  9.8356E+00 -1.7547E+01  2.1667E+01 -3.6054E+01  8.8470E+12 -4.4178E+11  8.4052E+12
  2.3719E+00  9.8538E+00 -1.7577E+01  2.1667E+01 -3.6053E+01  8.8462E+12 -4.4100E+11  8.4052E+12
  2.3759E+00  9.8721E+00 -1.7608E+01  2.1666E+01 -3.6051E+01  8.8454E+12 -4.4022E+11  8.4052E+12
  2.3799E+00  9.8904E+00 -1.7638E+01  2.1665E+01 -3.6050E+01  8.8447E+12 -4.3945E+11  8.4052E+12
  2.3839E+00  9.9087E+00 -1.7668E+01  2.1664E+01 -3.6048E+01  8.8439E+12 -4.3868E+11  8.4052E+12
  2.3879E+00  9.9270E+00 -1.7699E+01  2.1663E+01 -3.6046E+01  8.8431E+12 -4.3791E+11  8.4052E+12
  2.3919E+00  9.9452E+00 -1.7729E+01  2.1662E+01 -3.6045E+01  8.8424E+12 -4.3715E+11  8.4052E+12
  2.3959E+00  9.9635E+00 -1.7760E+01  2.1661E+01 -3.6043E+01  8.8416E+12 -4.3638E+11  8.4052E+12
  2.3999E+00  9.9818E+00 -1.7790E+01  2.1660E+01 -3.6042E+01  8.8409E+12 -4.3562E+11  8.4052E+12
  2.4039E+00  1.0000E+01 -1.7820E+01  2.1659E+01 -3.6040E+01  8.8401E+12 -4.3487E+11  8.4052E+12
  2.4079E+00  1.0018E+01 -1.7851E+01  2.1659E+01 -3.6039E+01  8.8393E+12 -4.3411E+11  8.4052E+12
  2.4119E+00  1.0037E+01 -1.7881E+01  2.1658E+01 -3.6037E+01  8.8386E+12 -4.3336E+11  8.4052E+12
  2.4159E+00  1.0055E+01 -1.7912E+01  2.1657E+01 -3.6035E+01  8.8378E+12 -4.3261E+11  8.4052E+12
  2.4199E+00  1.0073E+01 -1.7942E+01  2.1656E+01 -3.6034E+01  8.8371E+12 -4.3186E+11  8.4052E+12
  2.4239E+00  1.0091E+01 -1.7973E+01  2.1655E+01 -3.6032E+01  8.8364E+12 -4.3112E+11  8.4052E+12
  2.4279E+00  1.0110E+01 -1.8003E+01  2.1654E+01 -3.6031E+01  8.8356E+12 -4.3038E+11  8.4052E+12
  2.4319E+00  1.0128E+01 -1.8033E+01  2.1653E+01 -3.6029E+01  8.8349E+12 -4.2964E+11  8.4052E+12
  2.4359E+00  1.0146E+01 -1.8064E+01  2.1652E+01 -3.6028E+01  8.8341E+12 -4.2890E+11  8.4052E+12
  2.4399E+00  1.0165E+01 -1.8094E+01  2.1652E+01 -3.6026E+01  8.8334E+12 -4.2817E+11  8.4052E+12
  2.4439E+00  1.0183E+01 -1.8125E+01  2.1651E+01 -3.6025E+01  8.8327E+12 -4.2744E+11  8.4052E+12
  2.4479E+00  1.0201E+01 -1.8155E+01  2.1650E+01 -3.6023E+01  8.8320E+12 -4.2671E+11  8.4052E+12
  2.4519E+00  1.0219E+01 -1.8185E+01  2.1649E+01 -3.6022E+01  8.8312E+12 -4.2598E+11  8.4052E+12
  2.4559E+00  1.0238E+01 -1.8216E+01  2.1648E+01 -3.6020E+01  8.8305E+12 -4.2526E+11  8.4053E+12
  2.4599E+00  1.0256E+01 -1.8246E+01  2.1647E+01 -3.6019E+01  8.8298E+12 -4.2453E+11  8.4053E+12
  2.4639E+00  1.0274E+01 -1.8276E+01  2.1647E+01 -3.6017E+01  8.8291E+12 -4.2382E+11  8.4053E+12
  2.4679E+00  1.0292E+01 -1.8307E+01  2.1646E+01 -3.6016E+01  8.8284E+12 -4.2310E+11  8.4053E+12
  2.4719E+00  1.0311E+01 -1.8337E+01  2.1645E+01 -3.6014E+01  8.8276E+12 -4.2239E+11  8.4053E+12
  2.4759E+00  1.0329E+01 -1.8368E+01  2.1644E+01 -3.6013E+01  8.8269E+12 -4.2167E+11  8.4053E+12
  2.4799E+00  1.0347E+01 -1.8398E+01  2.1643E+01 -3.6011E+01  8.8262E+12 -4.2096E+11  8.4053E+12
  2.4839E+00  1.0365E+01 -1.8428E+01  2.1642E+01 -3.6010E+01  8.8255E+12 -4.2026E+11  8.4053E+12
  2.4879E+00  1.0384E+01 -1.8459E+01  2.1642E+01 -3.6008E+01  8.8248E+12 -4.1955E+11  8.4053E+12
  2.4919E+00  1.0402E+01 -1.8489E+01  2.1641E+01 -3.6007E+01  8.8241E+12 -4.1885E+11  8.4053E+12
  2.4959E+00  1.0420E+01 -1.8520E+01  2.1640E+01 -3.6006E+01  8.8234E+12 -4.1815E+11  8.4053E+12
  2.4999E+00  1.0439E+01 -1.8550E+01  2.1639E+01 -3.6004E+01  8.8227E+12 -4.1745E+11  8.4053E+12
  2.5039E+00  1.0457E+01 -1.8580E+01  2.1638E+01 -3.6003E+01  8.8220E+12 -4.1676E+11  8.4053E+12
  2.5079E+00  1.0475E+01 -1.8611E+01  2.1637E+01 -3.6001E+01  8.8213E+12 -4.1607E+11  8.4053E+12
  2.5119E+00  1.0493E+01 -1.8641E+01  2.1637E+01 -3.6000E+01  8.8206E+12 -4.1538E+11  8.4053E+12
  2.5159E+00  1.0512E+01 -1.8672E+01  2.1636E+01 -3.5998E+01  8.8200E+12 -4.1469E+11  8.4053E+12
  2.5199E+00  1.0530E+01 -1.8702E+01  2.1635E+01 -3.5997E+01  8.8193E+12 -4.1400E+11  8.4053E+12
  2.5239E+00  1.0548E+01 -1.8732E+01  2.1634E+01 -3.5995E+01  8.8186E+12 -4.1332E+11  8.4053E+12
  2.5279E+00  1.0566E+01 -1.8763E+01  2.1633E+01 -3.5994E+01  8.8179E+12 -4.1264E+11  8.4053E+12
  2.5319E+00  1.0585E+01 -1.8793E+01  2.1633E+01 -3.5993E+01  8.8172E+12 -4.1196E+11  8.4053E+12
  2.5359E+00  1.0603E+01 -1.8823E+01  2.1632E+01 -3.5991E+01  8.8166E+12 -4.1128E+11  8.4053E+12
  2.5399E+00  1.0621E+01 -1.8854E+01  2.1631E+01 -3.5990E+01  8.8159E+12 -4.1061E+11  8.4053E+12
  2.5439E+00  1.0639E+01 -1.8884E+01  2.1630E+01 -3.5988E+01  8.8152E+12 -4.0994E+11  8.4053E+12
  2.5479E+00  1.0658E+01 -1.8914E+01  2.1630E+01 -3.5987E+01  8.8145E+12 -4.0927E+11  8.4053E+12
  2.5519E+00  1.0676E+01 -1.8945E+01  2.1629E+01 -3.5986E+01  8.8139E+12 -4.0860E+11  8.4053E+12
  2.5559E+00  1.0694E+01 -1.8975E+01  2.1628E+01 -3.5984E+01  8.8132E+12 -4.0793E+11  8.4053E+12
  2.5599E+00  1.0712E+01 -1.9006E+01  2.1627E+01 -3.5983E+01  8.8126E+12 -4.0727E+11  8.4053E+12
  2.5639E+00  1.0731E+01 -1.9036E+01  2.1626E+01 -3.5982E+01  8.8119E+12 -4.0661E+11  8.4053E+12
  2.5679E+00  1.0749E+01 -1.9066E+01  2.1626E+01 -3.5980E+01  8.8112E+12 -4.0595E+11  8.4053E+12
  2.5719E+00  1.0767E+01 -1.9097E+01  2.1625E+01 -3.5979E+01  8.8106E+12 -4.0529E+11  8.4053E+12
  2.5759E+00  1.0785E+01 -1.9127E+01  2.1624E+01 -3.5978E+01  8.8099E+12 -4.0464E+11  8.4053E+12
  2.5799E+00  1.0804E+01 -1.9157E+01  2.1623E+01 -3.5976E+01  8.8093E+12 -4.0399E+11  8.4053E+12
  2.5839E+00  1.0822E+01 -1.9188E+01  2.1623E+01 -3.5975E+01  8.8086E+12 -4.0334E+11  8.4053E+12
  2.5879E+00  1.0840E+01 -1.9218E+01  2.1622E+01 -3.5973E+01  8.8080E+12 -4.0269E+11  8.4053E+12
  2.5919E+00  1.0858E+01 -1.9248E+01  2.1621E+01 -3.5972E+01  8.8073E+12 -4.0204E+11  8.4053E+12
  2.5959E+00  1.0877E+01 -1.9279E+01  2.1620E+01 -3.5971E+01  8.8067E+12 -4.0140E+11  8.4053E+12
  2.5999E+00  1.0895E+01 -1.9309E+01  2.1620E+01 -3.5969E+01  8.8060E+12 -4.0076E+11  8.4053E+12
  2.6039E+00  1.0913E+01 -1.9340E+01  2.1619E+01 -3.5968E+01  8.8054E+12 -4.0012E+11  8.4053E+12
  2.6079E+00  1.0931E+01 -1.9370E+01  2.1618E+01 -3.5967E+01  8.8048E+12 -3.9948E+11  8.4053E+12
  2.6119E+00  1.0950E+01 -1.9400E+01  2.1617E+01 -3.5965E+01  8.8041E+12 -3.9884E+11  8.4053E+12
  2.6159E+00  1.0968E+01 -1.9431E+01  2.1617E+01 -3.5964E+01  8.8035E+12 -3.9821E+11  8.4053E+12
  2.6199E+00  1.0986E+01 -1.9461E+01  2.1616E+01 -3.5963E+01  8.8029E+12 -3.9758E+11  8.4053E+12
  2.6239E+00  1.1004E+01 -1.9491E+01  2.1615E+01 -3.5962E+01  8.8022E+12 -3.9695E+11  8.4053E+12
  2.6279E+00  1.1023E+01 -1.9522E+01  2.1614E+01 -3.5960E+01  8.8016E+12 -3.9632E+11  8.4053E+12
  2.6319E+00  1.1041E+01 -1.9552E+01  2.1614E+01 -3.5959E+01  8.8010E+12 -3.9569E+11  8.4053E+12
  2.6359E+00  1.1059E+01 -1.9582E+01  2.1613E+01 -3.5958E+01  8.8004E+12 -3.9507E+11  8.4053E+12
  2.6399E+00  1.1077E+01 -1.9613E+01  2.1612E+01 -3.5956E+01  8.7998E+12 -3.9445E+11  8.4053E+12
  2.6439E+00  1.1095E+01 -1.9643E+01  2.1612E+01 -3.5955E+01  8.7991E+12 -3.9383E+11  8.4053E+12
  2.6479E+00  1.1114E+01 -1.9673E+01  2.1611E+01 -3.5954E+01  8.7985E+12 -3.9321E+11  8.4053E+12
  2.6519E+00  1.1132E+01 -1.9704E+01  2.1610E+01 -3.5953E+01  8.7979E+12 -3.9259E+11  8.4053E+12
  2.6559E+00  1.1150E+01 -1.9734E+01  2.1609E+01 -3.5951E+01  8.7973E+12 -3.9198E+11  8.4053E+12
  2.6599E+00  1.1168E+01 -1.9764E+01  2.1609E+01 -3.5950E+01  8.7967E+12 -3.9137E+11  8.4053E+12
  2.6639E+00  1.1187E+01 -1.9795E+01  2.1608E+01 -3.5949E+01  8.7961E+12 -3.9076E+11  8.4053E+12
  2.6679E+00  1.1205E+01 -1.9825E+01  2.1607E+01 -3.5947E+01  8.7955E+12 -3.9015E+11  8.4053E+12
  2.6719E+00  1.1223E+01 -1.9855E+01  2.1606E+01 -3.5946E+01  8.7949E+12 -3.8954E+11  8.4053E+12
  2.6759E+00  1.1241E+01 -1.9886E+01  2.1606E+01 -3.5945E+01  8.7943E+12 -3.8894E+11  8.4053E+12
  2.6799E+00  1.1260E+01 -1.9916E+01  2.1605E+01 -3.5944E+01  8.7936E+12 -3.8834E+11  8.4053E+12
  2.6839E+00  1.1278E+01 -1.9946E+01  2.1604E+01 -3.5942E+01  8.7931E+12 -3.8774E+11  8.4053E+12
  2.6879E+00  1.1296E+01 -1.9977E+01  2.1604E+01 -3.5941E+01  8.7925E+12 -3.8714E+11  8.4053E+12
  2.6919E+00  1.1314E+01 -2.0007E+01  2.1603E+01 -3.5940E+01  8.7919E+12 -3.8654E+11  8.4053E+12
  2.6959E+00  1.1332E+01 -2.0037E+01  2.1602E+01 -3.5939E+01  8.7913E+12 -3.8595E+11  8.4053E+12
  2.6999E+00  1.1351E+01 -2.0068E+01  2.1602E+01 -3.5938E+01  8.7907E+12 -3.8535E+11  8.4053E+12
  2.7039E+00  1.1369E+01 -2.0098E+01  2.1601E+01 -3.5936E+01  8.7901E+12 -3.8476E+11  8.4053E+12
  2.7079E+00  1.1387E+01 -2.0128E+01  2.1600E+01 -3.5935E+01  8.7895E+12 -3.8417E+11  8.4053E+12
  2.7119E+00  1.1405E+01 -2.0159E+01  2.1600E+01 -3.5934E+01  8.7889E+12 -3.8359E+11  8.4053E+12
  2.7159E+00  1.1424E+01 -2.0189E+01  2.1599E+01 -3.5933E+01  8.7883E+12 -3.8300E+11  8.4053E+12
  2.7199E+00  1.1442E+01 -2.0219E+01  2.1598E+01 -3.5931E+01  8.7877E+12 -3.8242E+11  8.4053E+12
  2.7239E+00  1.1460E+01 -2.0250E+01  2.1597E+01 -3.5930E+01  8.7872E+12 -3.8183E+11  8.4053E+12
  2.7279E+00  1.1478E+01 -2.0280E+01  2.1597E+01 -3.5929E+01  8.7866E+12 -3.8125E+11  8.4053E+12
  2.7319E+00  1.1497E+01 -2.0310E+01  2.1596E+01 -3.5928E+01  8.7860E+12 -3.8068E+11  8.4053E+12
  2.7359E+00  1.1515E+01 -2.0341E+01  2.1595E+01 -3.5927E+01  8.7854E+12 -3.8010E+11  8.4053E+12
  2.7399E+00  1.1533E+01 -2.0371E+01  2.1595E+01 -3.5925E+01  8.7849E+12 -3.7952E+11  8.4053E+12
  2.7439E+00  1.1551E+01 -2.0401E+01  2.1594E+01 -3.5924E+01  8.7843E+12 -3.7895E+11  8.4053E+12
  2.7479E+00  1.1569E+01 -2.0431E+01  2.1593E+01 -3.5923E+01  8.7837E+12 -3.7838E+11  8.4053E+12
  2.7519E+00  1.1588E+01 -2.0462E+01  2.1593E+01 -3.5922E+01  8.7831E+12 -3.7781E+11  8.4053E+12
  2.7559E+00  1.1606E+01 -2.0492E+01  2.1592E+01 -3.5921E+01  8.7826E+12 -3.7724E+11  8.4053E+12
  2.7599E+00  1.1624E+01 -2.0522E+01  2.1591E+01 -3.5920E+01  8.7820E+12 -3.7667E+11  8.4053E+12
  2.7639E+00  1.1642E+01 -2.0553E+01  2.1591E+01 -3.5918E+01  8.7814E+12 -3.7611E+11  8.4053E+12
  2.7679E+00  1.1661E+01 -2.0583E+01  2.1590E+01 -3.5917E+01  8.7809E+12 -3.7555E+11  8.4053E+12
  2.7719E+00  1.1679E+01 -2.0613E+01  2.1589E+01 -3.5916E+01  8.7803E+12 -3.7499E+11  8.4053E+12
  2.7759E+00  1.1697E+01 -2.0644E+01  2.1589E+01 -3.5915E+01  8.7798E+12 -3.7443E+11  8.4053E+12
  2.7799E+00  1.1715E+01 -2.0674E+01  2.1588E+01 -3.5914E+01  8.7792E+12 -3.7387E+11  8.4053E+12
  2.7839E+00  1.1733E+01 -2.0704E+01  2.1587E+01 -3.5913E+01  8.7787E+12 -3.7331E+11  8.4053E+12
  2.7879E+00  1.1752E+01 -2.0735E+01  2.1587E+01 -3.5911E+01  8.7781E+12 -3.7276E+11  8.4053E+12
  2.7919E+00  1.1770E+01 -2.0765E+01  2.1586E+01 -3.5910E+01  8.7775E+12 -3.7221E+11  8.4053E+12
  2.7959E+00  1.1788E+01 -2.0795E+01  2.1585E+01 -3.5909E+01  8.7770E+12 -3.7165E+11  8.4053E+12
  2.7999E+00  1.1806E+01 -2.0825E+01  2.1585E+01 -3.5908E+01  8.7764E+12 -3.7110E+11  8.4053E+12
  2.8039E+00  1.1824E+01 -2.0856E+01  2.1584E+01 -3.5907E+01  8.7759E+12 -3.7056E+11  8.4053E+12
  2.8079E+00  1.1843E+01 -2.0886E+01  2.1584E+01 -3.5906E+01  8.7754E+12 -3.7001E+11  8.4053E+12
  2.8119E+00  1.1861E+01 -2.0916E+01  2.1583E+01 -3.5905E+01  8.7748E+12 -3.6947E+11  8.4053E+12
  2.8159E+00  1.1879E+01 -2.0947E+01  2.1582E+01 -3.5903E+01  8.7743E+12 -3.6892E+11  8.4053E+12
  2.8199E+00  1.1897E+01 -2.0977E+01  2.1582E+01 -3.5902E+01  8.7737E+12 -3.6838E+11  8.4053E+12
  2.8239E+00  1.1916E+01 -2.1007E+01  2.1581E+01 -3.5901E+01  8.7732E+12 -3.6784E+11  8.4053E+12
  2.8279E+00  1.1934E+01 -2.1038E+01  2.1580E+01 -3.5900E+01  8.7726E+12 -3.6730E+11  8.4053E+12
  2.8319E+00  1.1952E+01 -2.1068E+01  2.1580E+01 -3.5899E+01  8.7721E+12 -3.6677E+11  8.4053E+12
  2.8359E+00  1.1970E+01 -2.1098E+01  2.1579E+01 -3.5898E+01  8.7716E+12 -3.6623E+11  8.4053E+12
  2.8399E+00  1.1988E+01 -2.1128E+01  2.1578E+01 -3.5897E+01  8.7710E+12 -3.6570E+11  8.4053E+12
  2.8439E+00  1.2007E+01 -2.1159E+01  2.1578E+01 -3.5896E+01  8.7705E+12 -3.6517E+11  8.4053E+12
  2.8479E+00  1.2025E+01 -2.1189E+01  2.1577E+01 -3.5895E+01  8.7700E+12 -3.6464E+11  8.4053E+12
  2.8519E+00  1.2043E+01 -2.1219E+01  2.1577E+01 -3.5893E+01  8.7695E+12 -3.6411E+11  8.4054E+12
  2.8559E+00  1.2061E+01 -2.1250E+01  2.1576E+01 -3.5892E+01  8.7689E+12 -3.6358E+11  8.4054E+12
  2.8599E+00  1.2079E+01 -2.1280E+01  2.1575E+01 -3.5891E+01  8.7684E+12 -3.6305E+11  8.4054E+12
  2.8639E+00  1.2098E+01 -2.1310E+01  2.1575E+01 -3.5890E+01  8.7679E+12 -3.6253E+11  8.4054E+12
  2.8679E+00  1.2116E+01 -2.1340E+01  2.1574E+01 -3.5889E+01  8.7674E+12 -3.6201E+11  8.4054E+12
  2.8719E+00  1.2134E+01 -2.1371E+01  2.1574E+01 -3.5888E+01  8.7668E+12 -3.6149E+11  8.4054E+12
  2.8759E+00  1.2152E+01 -2.1401E+01  2.1573E+01 -3.5887E+01  8.7663E+12 -3.6097E+11  8.4054E+12
  2.8799E+00  1.2170E+01 -2.1431E+01  2.1572E+01 -3.5886E+01  8.7658E+12 -3.6045E+11  8.4054E+12
  2.8839E+00  1.2189E+01 -2.1462E+01  2.1572E+01 -3.5885E+01  8.7653E+12 -3.5993E+11  8.4054E+12
  2.8879E+00  1.2207E+01 -2.1492E+01  2.1571E+01 -3.5884E+01  8.7648E+12 -3.5942E+11  8.4054E+12
  2.8919E+00  1.2225E+01 -2.1522E+01  2.1570E+01 -3.5883E+01  8.7643E+12 -3.5890E+11  8.4054E+12
  2.8959E+00  1.2243E+01 -2.1552E+01  2.1570E+01 -3.5882E+01  8.7638E+12 -3.5839E+11  8.4054E+12
  2.8999E+00  1.2261E+01 -2.1583E+01  2.1569E+01 -3.5881E+01  8.7632E+12 -3.5788E+11  8.4054E+12
  2.9039E+00  1.2280E+01 -2.1613E+01  2.1569E+01 -3.5879E+01  8.7627E+12 -3.5737E+11  8.4054E+12
  2.9079E+00  1.2298E+01 -2.1643E+01  2.1568E+01 -3.5878E+01  8.7622E+12 -3.5686E+11  8.4054E+12
  2.9119E+00  1.2316E+01 -2.1674E+01  2.1567E+01 -3.5877E+01  8.7617E+12 -3.5636E+11  8.4054E+12
  2.9159E+00  1.2334E+01 -2.1704E+01  2.1567E+01 -3.5876E+01  8.7612E+12 -3.5585E+11  8.4054E+12
  2.9199E+00  1.2352E+01 -2.1734E+01  2.1566E+01 -3.5875E+01  8.7607E+12 -3.5535E+11  8.4054E+12
  2.9239E+00  1.2371E+01 -2.1764E+01  2.1566E+01 -3.5874E+01  8.7602E+12 -3.5485E+11  8.4054E+12
  2.9279E+00  1.2389E+01 -2.1795E+01  2.1565E+01 -3.5873E+01  8.7597E+12 -3.5435E+11  8.4054E+12
  2.9319E+00  1.2407E+01 -2.1825E+01  2.1565E+01 -3.5872E+01  8.7592E+12 -3.5385E+11  8.4054E+12
  2.9359E+00  1.2425E+01 -2.1855E+01  2.1564E+01 -3.5871E+01  8.7587E+12 -3.5335E+11  8.4054E+12
  2.9399E+00  1.2443E+01 -2.1885E+01  2.1563E+01 -3.5870E+01  8.7582E+12 -3.5285E+11  8.4054E+12
  2.9439E+00  1.2462E+01 -2.1916E+01  2.1563E+01 -3.5869E+01  8.7577E+12 -3.5236E+11  8.4054E+12
  2.9479E+00  1.2480E+01 -2.1946E+01  2.1562E+01 -3.5868E+01  8.7572E+12 -3.5187E+11  8.4054E+12
  2.9519E+00  1.2498E+01 -2.1976E+01  2.1562E+01 -3.5867E+01  8.7567E+12 -3.5137E+11  8.4054E+12
  2.9559E+00  1.2516E+01 -2.2007E+01  2.1561E+01 -3.5866E+01  8.7563E+12 -3.5088E+11  8.4054E+12
  2.9599E+00  1.2534E+01 -2.2037E+01  2.1560E+01 -3.5865E+01  8.7558E+12 -3.5039E+11  8.4054E+12
  2.9639E+00  1.2553E+01 -2.2067E+01  2.1560E+01 -3.5864E+01  8.7553E+12 -3.4991E+11  8.4054E+12
  2.9679E+00  1.2571E+01 -2.2097E+01  2.1559E+01 -3.5863E+01  8.7548E+12 -3.4942E+11  8.4054E+12
  2.9719E+00  1.2589E+01 -2.2128E+01  2.1559E+01 -3.5862E+01  8.7543E+12 -3.4893E+11  8.4054E+12
  2.9759E+00  1.2607E+01 -2.2158E+01  2.1558E+01 -3.5861E+01  8.7538E+12 -3.4845E+11  8.4054E+12
  2.9799E+00  1.2625E+01 -2.2188E+01  2.1558E+01 -3.5860E+01  8.7533E+12 -3.4797E+11  8.4054E+12
  2.9839E+00  1.2644E+01 -2.2218E+01  2.1557E+01 -3.5859E+01  8.7529E+12 -3.4749E+11  8.4054E+12
  2.9879E+00  1.2662E+01 -2.2249E+01  2.1556E+01 -3.5858E+01  8.7524E+12 -3.4701E+11  8.4054E+12
  2.9919E+00  1.2680E+01 -2.2279E+01  2.1556E+01 -3.5857E+01  8.7519E+12 -3.4653E+11  8.4054E+12
  2.9959E+00  1.2698E+01 -2.2309E+01  2.1555E+01 -3.5856E+01  8.7514E+12 -3.4605E+11  8.4054E+12
  2.9999E+00  1.2716E+01 -2.2339E+01  2.1555E+01 -3.5855E+01  8.7510E+12 -3.4558E+11  8.4054E+12
  3.0039E+00  1.2735E+01 -2.2370E+01  2.1554E+01 -3.5854E+01  8.7505E+12 -3.4510E+11  8.4054E+12
  3.0079E+00  1.2753E+01 -2.2400E+01  2.1554E+01 -3.5853E+01  8.7500E+12 -3.4463E+11  8.4054E+12
  3.0119E+00  1.2771E+01 -2.2430E+01  2.1553E+01 -3.5852E+01  8.7495E+12 -3.4416E+11  8.4054E+12
  3.0159E+00  1.2789E+01 -2.2460E+01  2.1553E+01 -3.5851E+01  8.7491E+12 -3.4369E+11  8.4054E+12
  3.0199E+00  1.2807E+01 -2.2491E+01  2.1552E+01 -3.5850E+01  8.7486E+12 -3.4322E+11  8.4054E+12
  3.0239E+00  1.2825E+01 -2.2521E+01  2.1551E+01 -3.5849E+01  8.7481E+12 -3.4275E+11  8.4054E+12
  3.0279E+00  1.2844E+01 -2.2551E+01  2.1551E+01 -3.5848E+01  8.7477E+12 -3.4228E+11  8.4054E+12
  3.0319E+00  1.2862E+01 -2.2581E+01  2.1550E+01 -3.5847E+01  8.7472E+12 -3.4182E+11  8.4054E+12
  3.0359E+00  1.2880E+01 -2.2612E+01  2.1550E+01 -3.5846E+01  8.7467E+12 -3.4135E+11  8.4054E+12
  3.0399E+00  1.2898E+01 -2.2642E+01  2.1549E+01 -3.5845E+01  8.7463E+12 -3.4089E+11  8.4054E+12
  3.0439E+00  1.2916E+01 -2.2672E+01  2.1549E+01 -3.5844E+01  8.7458E+12 -3.4043E+11  8.4054E+12
  3.0479E+00  1.2935E+01 -2.2702E+01  2.1548E+01 -3.5843E+01  8.7454E+12 -3.3997E+11  8.4054E+12
  3.0519E+00  1.2953E+01 -2.2733E+01  2.1548E+01 -3.5842E+01  8.7449E+12 -3.3951E+11  8.4054E+12
  3.0559E+00  1.2971E+01 -2.2763E+01  2.1547E+01 -3.5841E+01  8.7444E+12 -3.3905E+11  8.4054E+12
  3.0599E+00  1.2989E+01 -2.2793E+01  2.1547E+01 -3.5841E+01  8.7440E+12 -3.3859E+11  8.4054E+12
  3.0639E+00  1.3007E+01 -2.2823E+01  2.1546E+01 -3.5840E+01  8.7435E+12 -3.3814E+11  8.4054E+12
  3.0679E+00  1.3025E+01 -2.2854E+01  2.1545E+01 -3.5839E+01  8.7431E+12 -3.3768E+11  8.4054E+12
  3.0719E+00  1.3044E+01 -2.2884E+01  2.1545E+01 -3.5838E+01  8.7426E+12 -3.3723E+11  8.4054E+12
  3.0759E+00  1.3062E+01 -2.2914E+01  2.1544E+01 -3.5837E+01  8.7422E+12 -3.3678E+11  8.4054E+12
  3.0799E+00  1.3080E+01 -2.2944E+01  2.1544E+01 -3.5836E+01  8.7417E+12 -3.3633E+11  8.4054E+12
  3.0839E+00  1.3098E+01 -2.2975E+01  2.1543E+01 -3.5835E+01  8.7413E+12 -3.3588E+11  8.4054E+12
  3.0879E+00  1.3116E+01 -2.3005E+01  2.1543E+01 -3.5834E+01  8.7408E+12 -3.3543E+11  8.4054E+12
  3.0919E+00  1.3135E+01 -2.3035E+01  2.1542E+01 -3.5833E+01  8.7404E+12 -3.3499E+11  8.4054E+12
  3.0959E+00  1.3153E+01 -2.3065E+01  2.1542E+01 -3.5832E+01  8.7399E+12 -3.3454E+11  8.4054E+12
  3.0999E+00  1.3171E+01 -2.3096E+01  2.1541E+01 -3.5831E+01  8.7395E+12 -3.3410E+11  8.4054E+12
  3.1039E+00  1.3189E+01 -2.3126E+01  2.1541E+01 -3.5830E+01  8.7390E+12 -3.3365E+11  8.4054E+12
  3.1079E+00  1.3207E+01 -2.3156E+01  2.1540E+01 -3.5829E+01  8.7386E+12 -3.3321E+11  8.4054E+12
  3.1119E+00  1.3225E+01 -2.3186E+01  2.1540E+01 -3.5828E+01  8.7382E+12 -3.3277E+11  8.4054E+12
  3.1159E+00  1.3244E+01 -2.3216E+01  2.1539E+01 -3.5828E+01  8.7377E+12 -3.3233E+11  8.4054E+12
  3.1199E+00  1.3262E+01 -2.3247E+01  2.1539E+01 -3.5827E+01  8.7373E+12 -3.3189E+11  8.4054E+12
  3.1239E+00  1.3280E+01 -2.3277E+01  2.1538E+01 -3.5826E+01  8.7369E+12 -3.3145E+11  8.4054E+12
  3.1279E+00  1.3298E+01 -2.3307E+01  2.1538E+01 -3.5825E+01  8.7364E+12 -3.3102E+11  8.4054E+12
  3.1319E+00  1.3316E+01 -2.3337E+01  2.1537E+01 -3.5824E+01  8.7360E+12 -3.3058E+11  8.4054E+12
  3.1359E+00  1.3334E+01 -2.3368E+01  2.1537E+01 -3.5823E+01  8.7355E+12 -3.3015E+11  8.4054E+12
  3.1399E+00  1.3353E+01 -2.3398E+01  2.1536E+01 -3.5822E+01  8.7351E+12 -3.2972E+11  8.4054E+12
  3.1439E+00  1.3371E+01 -2.3428E+01  2.1535E+01 -3.5821E+01  8.7347E+12 -3.2928E+11  8.4054E+12
  3.1479E+00  1.3389E+01 -2.3458E+01  2.1535E+01 -3.5820E+01  8.7343E+12 -3.2885E+11  8.4054E+12
  3.1519E+00  1.3407E+01 -2.3489E+01  2.1534E+01 -3.5819E+01  8.7338E+12 -3.2842E+11  8.4054E+12
  3.1559E+00  1.3425E+01 -2.3519E+01  2.1534E+01 -3.5819E+01  8.7334E+12 -3.2800E+11  8.4054E+12
  3.1599E+00  1.3444E+01 -2.3549E+01  2.1533E+01 -3.5818E+01  8.7330E+12 -3.2757E+11  8.4054E+12
  3.1639E+00  1.3462E+01 -2.3579E+01  2.1533E+01 -3.5817E+01  8.7325E+12 -3.2714E+11  8.4054E+12
  3.1679E+00  1.3480E+01 -2.3609E+01  2.1532E+01 -3.5816E+01  8.7321E+12 -3.2672E+11  8.4054E+12
  3.1719E+00  1.3498E+01 -2.3640E+01  2.1532E+01 -3.5815E+01  8.7317E+12 -3.2630E+11  8.4054E+12
  3.1759E+00  1.3516E+01 -2.3670E+01  2.1531E+01 -3.5814E+01  8.7313E+12 -3.2587E+11  8.4054E+12
  3.1799E+00  1.3534E+01 -2.3700E+01  2.1531E+01 -3.5813E+01  8.7309E+12 -3.2545E+11  8.4054E+12
  3.1839E+00  1.3553E+01 -2.3730E+01  2.1530E+01 -3.5812E+01  8.7304E+12 -3.2503E+11  8.4054E+12
  3.1879E+00  1.3571E+01 -2.3761E+01  2.1530E+01 -3.5812E+01  8.7300E+12 -3.2461E+11  8.4054E+12
  3.1919E+00  1.3589E+01 -2.3791E+01  2.1529E+01 -3.5811E+01  8.7296E+12 -3.2419E+11  8.4054E+12
  3.1959E+00  1.3607E+01 -2.3821E+01  2.1529E+01 -3.5810E+01  8.7292E+12 -3.2378E+11  8.4054E+12
  3.1999E+00  1.3625E+01 -2.3851E+01  2.1528E+01 -3.5809E+01  8.7288E+12 -3.2336E+11  8.4054E+12
  3.2039E+00  1.3643E+01 -2.3881E+01  2.1528E+01 -3.5808E+01  8.7284E+12 -3.2295E+11  8.4054E+12
  3.2079E+00  1.3662E+01 -2.3912E+01  2.1527E+01 -3.5807E+01  8.7279E+12 -3.2253E+11  8.4054E+12
  3.2119E+00  1.3680E+01 -2.3942E+01  2.1527E+01 -3.5806E+01  8.7275E+12 -3.2212E+11  8.4054E+12
  3.2159E+00  1.3698E+01 -2.3972E+01  2.1527E+01 -3.5805E+01  8.7271E+12 -3.2171E+11  8.4054E+12
  3.2199E+00  1.3716E+01 -2.4002E+01  2.1526E+01 -3.5805E+01  8.7267E+12 -3.2130E+11  8.4054E+12
  3.2239E+00  1.3734E+01 -2.4032E+01  2.1526E+01 -3.5804E+01  8.7263E+12 -3.2089E+11  8.4054E+12
  3.2279E+00  1.3752E+01 -2.4063E+01  2.1525E+01 -3.5803E+01  8.7259E+12 -3.2048E+11  8.4054E+12
  3.2319E+00  1.3771E+01 -2.4093E+01  2.1525E+01 -3.5802E+01  8.7255E+12 -3.2007E+11  8.4054E+12
  3.2359E+00  1.3789E+01 -2.4123E+01  2.1524E+01 -3.5801E+01  8.7251E+12 -3.1966E+11  8.4054E+12
  3.2399E+00  1.3807E+01 -2.4153E+01  2.1524E+01 -3.5800E+01  8.7247E+12 -3.1926E+11  8.4054E+12
  3.2439E+00  1.3825E+01 -2.4184E+01  2.1523E+01 -3.5800E+01  8.7243E+12 -3.1885E+11  8.4054E+12
  3.2479E+00  1.3843E+01 -2.4214E+01  2.1523E+01 -3.5799E+01  8.7239E+12 -3.1845E+11  8.4054E+12
  3.2519E+00  1.3861E+01 -2.4244E+01  2.1522E+01 -3.5798E+01  8.7235E+12 -3.1805E+11  8.4054E+12
  3.2559E+00  1.3879E+01 -2.4274E+01  2.1522E+01 -3.5797E+01  8.7231E+12 -3.1765E+11  8.4054E+12
  3.2599E+00  1.3898E+01 -2.4304E+01  2.1521E+01 -3.5796E+01  8.7227E+12 -3.1725E+11  8.4054E+12
  3.2639E+00  1.3916E+01 -2.4335E+01  2.1521E+01 -3.5795E+01  8.7223E+12 -3.1685E+11  8.4054E+12
  3.2679E+00  1.3934E+01 -2.4365E+01  2.1520E+01 -3.5795E+01  8.7219E+12 -3.1645E+11  8.4054E+12
  3.2719E+00  1.3952E+01 -2.4395E+01  2.1520E+01 -3.5794E+01  8.7215E+12 -3.1605E+11  8.4054E+12
  3.2759E+00  1.3970E+01 -2.4425E+01  2.1519E+01 -3.5793E+01  8.7211E+12 -3.1566E+11  8.4054E+12
  3.2799E+00  1.3988E+01 -2.4455E+01  2.1519E+01 -3.5792E+01  8.7207E+12 -3.1526E+11  8.4054E+12
  3.2839E+00  1.4007E+01 -2.4486E+01  2.1518E+01 -3.5791E+01  8.7203E+12 -3.1487E+11  8.4054E+12
  3.2879E+00  1.4025E+01 -2.4516E+01  2.1518E+01 -3.5790E+01  8.7199E+12 -3.1447E+11  8.4054E+12
  3.2919E+00  1.4043E+01 -2.4546E+01  2.1517E+01 -3.5790E+01  8.7195E+12 -3.1408E+11  8.4054E+12
  3.2959E+00  1.4061E+01 -2.4576E+01  2.1517E+01 -3.5789E+01  8.7191E+12 -3.1369E+11  8.4054E+12
  3.2999E+00  1.4079E+01 -2.4606E+01  2.1517E+01 -3.5788E+01  8.7187E+12 -3.1330E+11  8.4054E+12
  3.3039E+00  1.4097E+01 -2.4637E+01  2.1516E+01 -3.5787E+01  8.7183E+12 -3.1291E+11  8.4054E+12
  3.3079E+00  1.4116E+01 -2.4667E+01  2.1516E+01 -3.5786E+01  8.7179E+12 -3.1252E+11  8.4054E+12
  3.3119E+00  1.4134E+01 -2.4697E+01  2.1515E+01 -3.5786E+01  8.7176E+12 -3.1213E+11  8.4054E+12
  3.3159E+00  1.4152E+01 -2.4727E+01  2.1515E+01 -3.5785E+01  8.7172E+12 -3.1175E+11  8.4054E+12
  3.3199E+00  1.4170E+01 -2.4757E+01  2.1514E+01 -3.5784E+01  8.7168E+12 -3.1136E+11  8.4054E+12
  3.3239E+00  1.4188E+01 -2.4788E+01  2.1514E+01 -3.5783E+01  8.7164E+12 -3.1098E+11  8.4054E+12
  3.3279E+00  1.4206E+01 -2.4818E+01  2.1513E+01 -3.5782E+01  8.7160E+12 -3.1059E+11  8.4054E+12
  3.3319E+00  1.4224E+01 -2.4848E+01  2.1513E+01 -3.5782E+01  8.7156E+12 -3.1021E+11  8.4054E+12
  3.3359E+00  1.4243E+01 -2.4878E+01  2.1512E+01 -3.5781E+01  8.7153E+12 -3.0983E+11  8.4054E+12
  3.3399E+00  1.4261E+01 -2.4908E+01  2.1512E+01 -3.5780E+01  8.7149E+12 -3.0945E+11  8.4054E+12
  3.3439E+00  1.4279E+01 -2.4939E+01  2.1512E+01 -3.5779E+01  8.7145E+12 -3.0907E+11  8.4054E+12
  3.3479E+00  1.4297E+01 -2.4969E+01  2.1511E+01 -3.5778E+01  8.7141E+12 -3.0869E+11  8.4054E+12
  3.3519E+00  1.4315E+01 -2.4999E+01  2.1511E+01 -3.5778E+01  8.7137E+12 -3.0831E+11  8.4054E+12
  3.3559E+00  1.4333E+01 -2.5029E+01  2.1510E+01 -3.5777E+01  8.7134E+12 -3.0794E+11  8.4054E+12
  3.3599E+00  1.4352E+01 -2.5059E+01  2.1510E+01 -3.5776E+01  8.7130E+12 -3.0756E+11  8.4054E+12
  3.3639E+00  1.4370E+01 -2.5089E+01  2.1509E+01 -3.5775E+01  8.7126E+12 -3.0718E+11  8.4054E+12
  3.3679E+00  1.4388E+01 -2.5120E+01  2.1509E+01 -3.5775E+01  8.7122E+12 -3.0681E+11  8.4054E+12
  3.3719E+00  1.4406E+01 -2.5150E+01  2.1508E+01 -3.5774E+01  8.7119E+12 -3.0644E+11  8.4054E+12
  3.3759E+00  1.4424E+01 -2.5180E+01  2.1508E+01 -3.5773E+01  8.7115E+12 -3.0606E+11  8.4054E+12
  3.3799E+00  1.4442E+01 -2.5210E+01  2.1507E+01 -3.5772E+01  8.7111E+12 -3.0569E+11  8.4054E+12
  3.3839E+00  1.4460E+01 -2.5240E+01  2.1507E+01 -3.5771E+01  8.7108E+12 -3.0532E+11  8.4054E+12
  3.3879E+00  1.4479E+01 -2.5271E+01  2.1507E+01 -3.5771E+01  8.7104E+12 -3.0495E+11  8.4054E+12
  3.3919E+00  1.4497E+01 -2.5301E+01  2.1506E+01 -3.5770E+01  8.7100E+12 -3.0458E+11  8.4054E+12
  3.3959E+00  1.4515E+01 -2.5331E+01  2.1506E+01 -3.5769E+01  8.7097E+12 -3.0422E+11  8.4054E+12
  3.3999E+00  1.4533E+01 -2.5361E+01  2.1505E+01 -3.5768E+01  8.7093E+12 -3.0385E+11  8.4054E+12
  3.4039E+00  1.4551E+01 -2.5391E+01  2.1505E+01 -3.5768E+01  8.7089E+12 -3.0348E+11  8.4054E+12
  3.4079E+00  1.4569E+01 -2.5422E+01  2.1504E+01 -3.5767E+01  8.7086E+12 -3.0312E+11  8.4054E+12
  3.4119E+00  1.4587E+01 -2.5452E+01  2.1504E+01 -3.5766E+01  8.7082E+12 -3.0275E+11  8.4054E+12
  3.4159E+00  1.4606E+01 -2.5482E+01  2.1504E+01 -3.5765E+01  8.7078E+12 -3.0239E+11  8.4054E+12
  3.4199E+00  1.4624E+01 -2.5512E+01  2.1503E+01 -3.5765E+01  8.7075E+12 -3.0203E+11  8.4054E+12
  3.4239E+00  1.4642E+01 -2.5542E+01  2.1503E+01 -3.5764E+01  8.7071E+12 -3.0167E+11  8.4054E+12
  3.4279E+00  1.4660E+01 -2.5572E+01  2.1502E+01 -3.5763E+01  8.7067E+12 -3.0131E+11  8.4054E+12
  3.4318E+00  1.4678E+01 -2.5603E+01  2.1502E+01 -3.5762E+01  8.7064E+12 -3.0095E+11  8.4054E+12
  3.4358E+00  1.4696E+01 -2.5633E+01  2.1501E+01 -3.5762E+01  8.7060E+12 -3.0059E+11  8.4054E+12
  3.4398E+00  1.4714E+01 -2.5663E+01  2.1501E+01 -3.5761E+01  8.7057E+12 -3.0023E+11  8.4054E+12
  3.4438E+00  1.4733E+01 -2.5693E+01  2.1501E+01 -3.5760E+01  8.7053E+12 -2.9987E+11  8.4054E+12
  3.4478E+00  1.4751E+01 -2.5723E+01  2.1500E+01 -3.5759E+01  8.7050E+12 -2.9952E+11  8.4054E+12
  3.4518E+00  1.4769E+01 -2.5753E+01  2.1500E+01 -3.5759E+01  8.7046E+12 -2.9916E+11  8.4054E+12
  3.4558E+00  1.4787E+01 -2.5784E+01  2.1499E+01 -3.5758E+01  8.7042E+12 -2.9881E+11  8.4054E+12
  3.4598E+00  1.4805E+01 -2.5814E+01  2.1499E+01 -3.5757E+01  8.7039E+12 -2.9845E+11  8.4054E+12
  3.4638E+00  1.4823E+01 -2.5844E+01  2.1498E+01 -3.5756E+01  8.7035E+12 -2.9810E+11  8.4054E+12
  3.4678E+00  1.4841E+01 -2.5874E+01  2.1498E+01 -3.5756E+01  8.7032E+12 -2.9775E+11  8.4054E+12
  3.4718E+00  1.4860E+01 -2.5904E+01  2.1498E+01 -3.5755E+01  8.7028E+12 -2.9739E+11  8.4054E+12
  3.4758E+00  1.4878E+01 -2.5935E+01  2.1497E+01 -3.5754E+01  8.7025E+12 -2.9704E+11  8.4054E+12
  3.4798E+00  1.4896E+01 -2.5965E+01  2.1497E+01 -3.5754E+01  8.7021E+12 -2.9669E+11  8.4054E+12
  3.4838E+00  1.4914E+01 -2.5995E+01  2.1496E+01 -3.5753E+01  8.7018E+12 -2.9635E+11  8.4054E+12
  3.4878E+00  1.4932E+01 -2.6025E+01  2.1496E+01 -3.5752E+01  8.7014E+12 -2.9600E+11  8.4054E+12
  3.4918E+00  1.4950E+01 -2.6055E+01  2.1496E+01 -3.5751E+01  8.7011E+12 -2.9565E+11  8.4054E+12
  3.4958E+00  1.4968E+01 -2.6085E+01  2.1495E+01 -3.5751E+01  8.7007E+12 -2.9530E+11  8.4054E+12
  3.4998E+00  1.4987E+01 -2.6116E+01  2.1495E+01 -3.5750E+01  8.7004E+12 -2.9496E+11  8.4054E+12
  3.5038E+00  1.5005E+01 -2.6146E+01  2.1494E+01 -3.5749E+01  8.7001E+12 -2.9461E+11  8.4054E+12
  3.5078E+00  1.5023E+01 -2.6176E+01  2.1494E+01 -3.5749E+01  8.6997E+12 -2.9427E+11  8.4054E+12
  3.5118E+00  1.5041E+01 -2.6206E+01  2.1493E+01 -3.5748E+01  8.6994E+12 -2.9393E+11  8.4054E+12
  3.5158E+00  1.5059E+01 -2.6236E+01  2.1493E+01 -3.5747E+01  8.6990E+12 -2.9358E+11  8.4054E+12
  3.5198E+00  1.5077E+01 -2.6266E+01  2.1493E+01 -3.5746E+01  8.6987E+12 -2.9324E+11  8.4054E+12
  3.5238E+00  1.5095E+01 -2.6297E+01  2.1492E+01 -3.5746E+01  8.6984E+12 -2.9290E+11  8.4054E+12
  3.5278E+00  1.5114E+01 -2.6327E+01  2.1492E+01 -3.5745E+01  8.6980E+12 -2.9256E+11  8.4054E+12
  3.5318E+00  1.5132E+01 -2.6357E+01  2.1491E+01 -3.5744E+01  8.6977E+12 -2.9222E+11  8.4054E+12
  3.5358E+00  1.5150E+01 -2.6387E+01  2.1491E+01 -3.5744E+01  8.6973E+12 -2.9188E+11  8.4055E+12
  3.5398E+00  1.5168E+01 -2.6417E+01  2.1491E+01 -3.5743E+01  8.6970E+12 -2.9155E+11  8.4055E+12
  3.5438E+00  1.5186E+01 -2.6447E+01  2.1490E+01 -3.5742E+01  8.6967E+12 -2.9121E+11  8.4055E+12
  3.5478E+00  1.5204E+01 -2.6478E+01  2.1490E+01 -3.5741E+01  8.6963E+12 -2.9087E+11  8.4055E+12
  3.5518E+00  1.5222E+01 -2.6508E+01  2.1489E+01 -3.5741E+01  8.6960E+12 -2.9054E+11  8.4055E+12
  3.5558E+00  1.5240E+01 -2.6538E+01  2.1489E+01 -3.5740E+01  8.6957E+12 -2.9020E+11  8.4055E+12
  3.5598E+00  1.5259E+01 -2.6568E+01  2.1489E+01 -3.5739E+01  8.6953E+12 -2.8987E+11  8.4055E+12
  3.5638E+00  1.5277E+01 -2.6598E+01  2.1488E+01 -3.5739E+01  8.6950E+12 -2.8954E+11  8.4055E+12
  3.5678E+00  1.5295E+01 -2.6628E+01  2.1488E+01 -3.5738E+01  8.6947E+12 -2.8921E+11  8.4055E+12
  3.5718E+00  1.5313E+01 -2.6658E+01  2.1487E+01 -3.5737E+01  8.6943E+12 -2.8887E+11  8.4055E+12
  3.5758E+00  1.5331E+01 -2.6689E+01  2.1487E+01 -3.5737E+01  8.6940E+12 -2.8854E+11  8.4055E+12
  3.5798E+00  1.5349E+01 -2.6719E+01  2.1487E+01 -3.5736E+01  8.6937E+12 -2.8821E+11  8.4055E+12
  3.5838E+00  1.5367E+01 -2.6749E+01  2.1486E+01 -3.5735E+01  8.6933E+12 -2.8789E+11  8.4055E+12
  3.5878E+00  1.5386E+01 -2.6779E+01  2.1486E+01 -3.5735E+01  8.6930E+12 -2.8756E+11  8.4055E+12
  3.5918E+00  1.5404E+01 -2.6809E+01  2.1485E+01 -3.5734E+01  8.6927E+12 -2.8723E+11  8.4055E+12
  3.5958E+00  1.5422E+01 -2.6839E+01  2.1485E+01 -3.5733E+01  8.6924E+12 -2.8690E+11  8.4055E+12
  3.5998E+00  1.5440E+01 -2.6870E+01  2.1485E+01 -3.5733E+01  8.6920E+12 -2.8658E+11  8.4055E+12
  3.6038E+00  1.5458E+01 -2.6900E+01  2.1484E+01 -3.5732E+01  8.6917E+12 -2.8625E+11  8.4055E+12
  3.6078E+00  1.5476E+01 -2.6930E+01  2.1484E+01 -3.5731E+01  8.6914E+12 -2.8593E+11  8.4055E+12
  3.6118E+00  1.5494E+01 -2.6960E+01  2.1484E+01 -3.5731E+01  8.6911E+12 -2.8560E+11  8.4055E+12
  3.6158E+00  1.5512E+01 -2.6990E+01  2.1483E+01 -3.5730E+01  8.6907E+12 -2.8528E+11  8.4055E+12
  3.6198E+00  1.5531E+01 -2.7020E+01  2.1483E+01 -3.5729E+01  8.6904E+12 -2.8496E+11  8.4055E+12
  3.6238E+00  1.5549E+01 -2.7050E+01  2.1482E+01 -3.5728E+01  8.6901E+12 -2.8464E+11  8.4055E+12
  3.6278E+00  1.5567E+01 -2.7081E+01  2.1482E+01 -3.5728E+01  8.6898E+12 -2.8432E+11  8.4055E+12
  3.6318E+00  1.5585E+01 -2.7111E+01  2.1482E+01 -3.5727E+01  8.6895E+12 -2.8399E+11  8.4055E+12
  3.6358E+00  1.5603E+01 -2.7141E+01  2.1481E+01 -3.5727E+01  8.6891E+12 -2.8368E+11  8.4055E+12
  3.6398E+00  1.5621E+01 -2.7171E+01  2.1481E+01 -3.5726E+01  8.6888E+12 -2.8336E+11  8.4055E+12
  3.6438E+00  1.5639E+01 -2.7201E+01  2.1480E+01 -3.5725E+01  8.6885E+12 -2.8304E+11  8.4055E+12
  3.6478E+00  1.5657E+01 -2.7231E+01  2.1480E+01 -3.5725E+01  8.6882E+12 -2.8272E+11  8.4055E+12
  3.6518E+00  1.5676E+01 -2.7261E+01  2.1480E+01 -3.5724E+01  8.6879E+12 -2.8241E+11  8.4055E+12
  3.6558E+00  1.5694E+01 -2.7292E+01  2.1479E+01 -3.5723E+01  8.6876E+12 -2.8209E+11  8.4055E+12
  3.6598E+00  1.5712E+01 -2.7322E+01  2.1479E+01 -3.5723E+01  8.6872E+12 -2.8177E+11  8.4055E+12
  3.6638E+00  1.5730E+01 -2.7352E+01  2.1479E+01 -3.5722E+01  8.6869E+12 -2.8146E+11  8.4055E+12
  3.6678E+00  1.5748E+01 -2.7382E+01  2.1478E+01 -3.5721E+01  8.6866E+12 -2.8115E+11  8.4055E+12
  3.6718E+00  1.5766E+01 -2.7412E+01  2.1478E+01 -3.5721E+01  8.6863E+12 -2.8083E+11  8.4055E+12
  3.6758E+00  1.5784E+01 -2.7442E+01  2.1477E+01 -3.5720E+01  8.6860E+12 -2.8052E+11  8.4055E+12
  3.6798E+00  1.5802E+01 -2.7472E+01  2.1477E+01 -3.5719E+01  8.6857E+12 -2.8021E+11  8.4055E+12
  3.6838E+00  1.5821E+01 -2.7503E+01  2.1477E+01 -3.5719E+01  8.6854E+12 -2.7990E+11  8.4055E+12
  3.6878E+00  1.5839E+01 -2.7533E+01  2.1476E+01 -3.5718E+01  8.6851E+12 -2.7959E+11  8.4055E+12
  3.6918E+00  1.5857E+01 -2.7563E+01  2.1476E+01 -3.5717E+01  8.6847E+12 -2.7928E+11  8.4055E+12
  3.6958E+00  1.5875E+01 -2.7593E+01  2.1476E+01 -3.5717E+01  8.6844E+12 -2.7897E+11  8.4055E+12
  3.6998E+00  1.5893E+01 -2.7623E+01  2.1475E+01 -3.5716E+01  8.6841E+12 -2.7866E+11  8.4055E+12
  3.7038E+00  1.5911E+01 -2.7653E+01  2.1475E+01 -3.5715E+01  8.6838E+12 -2.7835E+11  8.4055E+12
  3.7078E+00  1.5929E+01 -2.7683E+01  2.1475E+01 -3.5715E+01  8.6835E+12 -2.7805E+11  8.4055E+12
  3.7118E+00  1.5947E+01 -2.7714E+01  2.1474E+01 -3.5714E+01  8.6832E+12 -2.7774E+11  8.4055E+12
  3.7158E+00  1.5966E+01 -2.7744E+01  2.1474E+01 -3.5714E+01  8.6829E+12 -2.7744E+11  8.4055E+12
  3.7198E+00  1.5984E+01 -2.7774E+01  2.1473E+01 -3.5713E+01  8.6826E+12 -2.7713E+11  8.4055E+12
  3.7238E+00  1.6002E+01 -2.7804E+01  2.1473E+01 -3.5712E+01  8.6823E+12 -2.7683E+11  8.4055E+12
  3.7278E+00  1.6020E+01 -2.7834E+01  2.1473E+01 -3.5712E+01  8.6820E+12 -2.7652E+11  8.4055E+12
  3.7318E+00  1.6038E+01 -2.7864E+01  2.1472E+01 -3.5711E+01  8.6817E+12 -2.7622E+11  8.4055E+12
  3.7358E+00  1.6056E+01 -2.7894E+01  2.1472E+01 -3.5710E+01  8.6814E+12 -2.7592E+11  8.4055E+12
  3.7398E+00  1.6074E+01 -2.7925E+01  2.1472E+01 -3.5710E+01  8.6811E+12 -2.7562E+11  8.4055E+12
  3.7438E+00  1.6092E+01 -2.7955E+01  2.1471E+01 -3.5709E+01  8.6808E+12 -2.7532E+11  8.4055E+12
  3.7478E+00  1.6111E+01 -2.7985E+01  2.1471E+01 -3.5709E+01  8.6805E+12 -2.7502E+11  8.4055E+12
  3.7518E+00  1.6129E+01 -2.8015E+01  2.1471E+01 -3.5708E+01  8.6802E+12 -2.7472E+11  8.4055E+12
  3.7558E+00  1.6147E+01 -2.8045E+01  2.1470E+01 -3.5707E+01  8.6799E+12 -2.7442E+11  8.4055E+12
  3.7598E+00  1.6165E+01 -2.8075E+01  2.1470E+01 -3.5707E+01  8.6796E+12 -2.7412E+11  8.4055E+12
  3.7638E+00  1.6183E+01 -2.8105E+01  2.1469E+01 -3.5706E+01  8.6793E+12 -2.7382E+11  8.4055E+12
  3.7678E+00  1.6201E+01 -2.8135E+01  2.1469E+01 -3.5705E+01  8.6790E+12 -2.7353E+11  8.4055E+12
  3.7718E+00  1.6219E+01 -2.8166E+01  2.1469E+01 -3.5705E+01  8.6787E+12 -2.7323E+11  8.4055E+12
  3.7758E+00  1.6237E+01 -2.8196E+01  2.1468E+01 -3.5704E+01  8.6784E+12 -2.7293E+11  8.4055E+12
  3.7798E+00  1.6255E+01 -2.8226E+01  2.1468E+01 -3.5704E+01  8.6781E+12 -2.7264E+11  8.4055E+12
  3.7838E+00  1.6274E+01 -2.8256E+01  2.1468E+01 -3.5703E+01  8.6778E+12 -2.7235E+11  8.4055E+12
  3.7878E+00  1.6292E+01 -2.8286E+01  2.1467E+01 -3.5702E+01  8.6775E+12 -2.7205E+11  8.4055E+12
  3.7918E+00  1.6310E+01 -2.8316E+01  2.1467E+01 -3.5702E+01  8.6772E+12 -2.7176E+11  8.4055E+12
  3.7958E+00  1.6328E+01 -2.8346E+01  2.1467E+01 -3.5701E+01  8.6769E+12 -2.7147E+11  8.4055E+12
  3.7998E+00  1.6346E+01 -2.8376E+01  2.1466E+01 -3.5701E+01  8.6766E+12 -2.7118E+11  8.4055E+12
  3.8038E+00  1.6364E+01 -2.8407E+01  2.1466E+01 -3.5700E+01  8.6764E+12 -2.7088E+11  8.4055E+12
  3.8078E+00  1.6382E+01 -2.8437E+01  2.1466E+01 -3.5699E+01  8.6761E+12 -2.7059E+11  8.4055E+12
  3.8118E+00  1.6400E+01 -2.8467E+01  2.1465E+01 -3.5699E+01  8.6758E+12 -2.7030E+11  8.4055E+12
  3.8158E+00  1.6418E+01 -2.8497E+01  2.1465E+01 -3.5698E+01  8.6755E+12 -2.7001E+11  8.4055E+12
  3.8198E+00  1.6437E+01 -2.8527E+01  2.1465E+01 -3.5698E+01  8.6752E+12 -2.6973E+11  8.4055E+12
  3.8238E+00  1.6455E+01 -2.8557E+01  2.1464E+01 -3.5697E+01  8.6749E+12 -2.6944E+11  8.4055E+12
  3.8278E+00  1.6473E+01 -2.8587E+01  2.1464E+01 -3.5696E+01  8.6746E+12 -2.6915E+11  8.4055E+12
  3.8318E+00  1.6491E+01 -2.8617E+01  2.1464E+01 -3.5696E+01  8.6743E+12 -2.6886E+11  8.4055E+12
  3.8358E+00  1.6509E+01 -2.8648E+01  2.1463E+01 -3.5695E+01  8.6741E+12 -2.6858E+11  8.4055E+12
  3.8398E+00  1.6527E+01 -2.8678E+01  2.1463E+01 -3.5695E+01  8.6738E+12 -2.6829E+11  8.4055E+12
  3.8438E+00  1.6545E+01 -2.8708E+01  2.1463E+01 -3.5694E+01  8.6735E+12 -2.6801E+11  8.4055E+12
  3.8478E+00  1.6563E+01 -2.8738E+01  2.1462E+01 -3.5693E+01  8.6732E+12 -2.6772E+11  8.4055E+12
  3.8518E+00  1.6581E+01 -2.8768E+01  2.1462E+01 -3.5693E+01  8.6729E+12 -2.6744E+11  8.4055E+12
  3.8558E+00  1.6600E+01 -2.8798E+01  2.1461E+01 -3.5692E+01  8.6726E+12 -2.6716E+11  8.4055E+12
  3.8598E+00  1.6618E+01 -2.8828E+01  2.1461E+01 -3.5692E+01  8.6724E+12 -2.6687E+11  8.4055E+12
  3.8638E+00  1.6636E+01 -2.8858E+01  2.1461E+01 -3.5691E+01  8.6721E+12 -2.6659E+11  8.4055E+12
  3.8678E+00  1.6654E+01 -2.8889E+01  2.1460E+01 -3.5690E+01  8.6718E+12 -2.6631E+11  8.4055E+12
  3.8718E+00  1.6672E+01 -2.8919E+01  2.1460E+01 -3.5690E+01  8.6715E+12 -2.6603E+11  8.4055E+12
  3.8758E+00  1.6690E+01 -2.8949E+01  2.1460E+01 -3.5689E+01  8.6712E+12 -2.6575E+11  8.4055E+12
  3.8798E+00  1.6708E+01 -2.8979E+01  2.1459E+01 -3.5689E+01  8.6710E+12 -2.6547E+11  8.4055E+12
  3.8838E+00  1.6726E+01 -2.9009E+01  2.1459E+01 -3.5688E+01  8.6707E+12 -2.6519E+11  8.4055E+12
  3.8878E+00  1.6744E+01 -2.9039E+01  2.1459E+01 -3.5688E+01  8.6704E+12 -2.6491E+11  8.4055E+12
  3.8918E+00  1.6763E+01 -2.9069E+01  2.1458E+01 -3.5687E+01  8.6701E+12 -2.6464E+11  8.4055E+12
  3.8958E+00  1.6781E+01 -2.9099E+01  2.1458E+01 -3.5686E+01  8.6698E+12 -2.6436E+11  8.4055E+12
  3.8998E+00  1.6799E+01 -2.9129E+01  2.1458E+01 -3.5686E+01  8.6696E+12 -2.6408E+11  8.4055E+12
  3.9038E+00  1.6817E+01 -2.9160E+01  2.1457E+01 -3.5685E+01  8.6693E+12 -2.6381E+11  8.4055E+12
  3.9078E+00  1.6835E+01 -2.9190E+01  2.1457E+01 -3.5685E+01  8.6690E+12 -2.6353E+11  8.4055E+12
  3.9118E+00  1.6853E+01 -2.9220E+01  2.1457E+01 -3.5684E+01  8.6687E+12 -2.6326E+11  8.4055E+12
  3.9158E+00  1.6871E+01 -2.9250E+01  2.1456E+01 -3.5684E+01  8.6685E+12 -2.6298E+11  8.4055E+12
  3.9198E+00  1.6889E+01 -2.9280E+01  2.1456E+01 -3.5683E+01  8.6682E+12 -2.6271E+11  8.4055E+12
  3.9238E+00  1.6907E+01 -2.9310E+01  2.1456E+01 -3.5682E+01  8.6679E+12 -2.6244E+11  8.4055E+12
  3.9278E+00  1.6926E+01 -2.9340E+01  2.1456E+01 -3.5682E+01  8.6676E+12 -2.6216E+11  8.4055E+12
  3.9318E+00  1.6944E+01 -2.9370E+01  2.1455E+01 -3.5681E+01  8.6674E+12 -2.6189E+11  8.4055E+12
  3.9358E+00  1.6962E+01 -2.9400E+01  2.1455E+01 -3.5681E+01  8.6671E+12 -2.6162E+11  8.4055E+12
  3.9398E+00  1.6980E+01 -2.9431E+01  2.1455E+01 -3.5680E+01  8.6668E+12 -2.6135E+11  8.4055E+12
  3.9438E+00  1.6998E+01 -2.9461E+01  2.1454E+01 -3.5680E+01  8.6666E+12 -2.6108E+11  8.4055E+12
  3.9478E+00  1.7016E+01 -2.9491E+01  2.1454E+01 -3.5679E+01  8.6663E+12 -2.6081E+11  8.4055E+12
  3.9518E+00  1.7034E+01 -2.9521E+01  2.1454E+01 -3.5678E+01  8.6660E+12 -2.6054E+11  8.4055E+12
  3.9558E+00  1.7052E+01 -2.9551E+01  2.1453E+01 -3.5678E+01  8.6658E+12 -2.6027E+11  8.4055E+12
  3.9598E+00  1.7070E+01 -2.9581E+01  2.1453E+01 -3.5677E+01  8.6655E+12 -2.6000E+11  8.4055E+12
  3.9638E+00  1.7088E+01 -2.9611E+01  2.1453E+01 -3.5677E+01  8.6652E+12 -2.5974E+11  8.4055E+12
  3.9678E+00  1.7107E+01 -2.9641E+01  2.1452E+01 -3.5676E+01  8.6650E+12 -2.5947E+11  8.4055E+12
  3.9718E+00  1.7125E+01 -2.9671E+01  2.1452E+01 -3.5676E+01  8.6647E+12 -2.5920E+11  8.4055E+12
  3.9758E+00  1.7143E+01 -2.9702E+01  2.1452E+01 -3.5675E+01  8.6644E+12 -2.5894E+11  8.4055E+12
  3.9798E+00  1.7161E+01 -2.9732E+01  2.1451E+01 -3.5675E+01  8.6642E+12 -2.5867E+11  8.4055E+12
  3.9838E+00  1.7179E+01 -2.9762E+01  2.1451E+01 -3.5674E+01  8.6639E+12 -2.5841E+11  8.4055E+12
  3.9878E+00  1.7197E+01 -2.9792E+01  2.1451E+01 -3.5673E+01  8.6636E+12 -2.5814E+11  8.4055E+12
  3.9918E+00  1.7215E+01 -2.9822E+01  2.1450E+01 -3.5673E+01  8.6634E+12 -2.5788E+11  8.4055E+12
  3.9958E+00  1.7233E+01 -2.9852E+01  2.1450E+01 -3.5672E+01  8.6631E+12 -2.5762E+11  8.4055E+12
  3.9998E+00  1.7251E+01 -2.9882E+01  2.1450E+01 -3.5672E+01  8.6628E+12 -2.5736E+11  8.4055E+12
  4.0038E+00  1.7269E+01 -2.9912E+01  2.1449E+01 -3.5671E+01  8.6626E+12 -2.5709E+11  8.4055E+12
