  0.0000E+00  1.0000E+00  0.0000E+00  0.0000E+00  2.9784E+01  4.4354E+12 -8.8709E+12 -4.4354E+12
  1.9999E-02  9.8421E-01  1.2566E-01 -3.7428E+00  2.9784E+01  4.5055E+12 -8.8709E+12 -4.3654E+12
  3.9999E-02  9.5251E-01  2.4930E-01 -7.5140E+00  2.9302E+01  4.5755E+12 -8.9406E+12 -4.3651E+12
  5.9998E-02  9.0504E-01  3.6880E-01 -1.1249E+01  2.8325E+01  4.6442E+12 -9.0097E+12 -4.3655E+12
  7.9997E-02  8.4227E-01  4.8207E-01 -1.4878E+01  2.6846E+01  4.7103E+12 -9.0769E+12 -4.3665E+12
  9.9997E-02  7.6495E-01  5.8701E-01 -1.8327E+01  2.4872E+01  4.7725E+12 -9.1408E+12 -4.3683E+12
  1.2000E-01  6.7415E-01  6.8161E-01 -2.1521E+01  2.2421E+01  4.8293E+12 -9.2000E+12 -4.3707E+12
  1.4000E-01  5.7127E-01  7.6399E-01 -2.4384E+01  1.9526E+01  4.8793E+12 -9.2532E+12 -4.3739E+12
  1.5999E-01  4.5799E-01  8.3248E-01 -2.6847E+01  1.6232E+01  4.9213E+12 -9.2990E+12 -4.3777E+12
  1.7999E-01  3.3629E-01  8.8564E-01 -2.8846E+01  1.2600E+01  4.9541E+12 -9.3363E+12 -4.3822E+12
  1.9999E-01  2.0834E-01  9.2235E-01 -3.0326E+01  8.7009E+00  4.9769E+12 -9.3640E+12 -4.3871E+12
  2.1999E-01  7.6496E-02  9.4183E-01 -3.1248E+01  4.6178E+00  4.9889E+12 -9.3813E+12 -4.3924E+12
  2.3999E-01 -5.6778E-02  9.4369E-01 -3.1588E+01  4.3992E-01  4.9899E+12 -9.3878E+12 -4.3979E+12
  2.5999E-01 -1.8899E-01  9.2791E-01 -3.1336E+01 -3.7401E+00  4.9797E+12 -9.3832E+12 -4.4035E+12
  2.7999E-01 -3.1769E-01  8.9487E-01 -3.0503E+01 -7.8299E+00  4.9588E+12 -9.3677E+12 -4.4090E+12
  2.9999E-01 -4.4053E-01  8.4534E-01 -2.9115E+01 -1.1741E+01  4.9276E+12 -9.3417E+12 -4.4142E+12
  3.1999E-01 -5.5534E-01  7.8038E-01 -2.7211E+01 -1.5394E+01  4.8871E+12 -9.3060E+12 -4.4190E+12
  3.3999E-01 -6.6016E-01  7.0141E-01 -2.4846E+01 -1.8718E+01  4.8384E+12 -9.2616E+12 -4.4232E+12
  3.5999E-01 -7.5333E-01  6.1004E-01 -2.2081E+01 -2.1656E+01  4.7827E+12 -9.2096E+12 -4.4269E+12
  3.7999E-01 -8.3343E-01  5.0809E-01 -1.8985E+01 -2.4162E+01  4.7213E+12 -9.1513E+12 -4.4300E+12
  3.9999E-01 -8.9938E-01  3.9752E-01 -1.5631E+01 -2.6207E+01  4.6558E+12 -9.0881E+12 -4.4323E+12
  4.1999E-01 -9.5039E-01  2.8035E-01 -1.2091E+01 -2.7772E+01  4.5874E+12 -9.0214E+12 -4.4340E+12
  4.3999E-01 -9.8598E-01  1.5862E-01 -8.4344E+00 -2.8851E+01  4.5175E+12 -8.9525E+12 -4.4350E+12
  4.5998E-01 -1.0059E+00  3.4379E-02 -4.7291E+00 -2.9447E+01  4.4474E+12 -8.8828E+12 -4.4354E+12
  4.7998E-01 -1.0103E+00 -9.0395E-02 -1.0368E+00 -2.9573E+01  4.3782E+12 -8.8134E+12 -4.4352E+12
  4.9998E-01 -9.9939E-01 -2.1380E-01  2.5864E+00 -2.9249E+01  4.3109E+12 -8.7454E+12 -4.4345E+12
  5.1998E-01 -9.7370E-01 -3.3404E-01  6.0904E+00 -2.8499E+01  4.2465E+12 -8.6799E+12 -4.4334E+12
  5.3998E-01 -9.3390E-01 -4.4945E-01  9.4313E+00 -2.7353E+01  4.1857E+12 -8.6175E+12 -4.4318E+12
  5.5998E-01 -8.8086E-01 -5.5848E-01  1.2571E+01 -2.5842E+01  4.1292E+12 -8.5591E+12 -4.4299E+12
  5.7998E-01 -8.1557E-01 -6.5974E-01  1.5477E+01 -2.4000E+01  4.0776E+12 -8.5052E+12 -4.4276E+12
  5.9998E-01 -7.3911E-01 -7.5198E-01  1.8121E+01 -2.1861E+01  4.0313E+12 -8.4565E+12 -4.4252E+12
  6.1998E-01 -6.5270E-01 -8.3408E-01  2.0481E+01 -1.9460E+01  3.9907E+12 -8.4132E+12 -4.4225E+12
  6.3998E-01 -5.5761E-01 -9.0510E-01  2.2537E+01 -1.6832E+01  3.9562E+12 -8.3758E+12 -4.4196E+12
  6.5998E-01 -4.5519E-01 -9.6422E-01  2.4274E+01 -1.4012E+01  3.9279E+12 -8.3445E+12 -4.4166E+12
  6.7998E-01 -3.4684E-01 -1.0108E+00  2.5680E+01 -1.1035E+01  3.9061E+12 -8.3196E+12 -4.4135E+12
  6.9998E-01 -2.3401E-01 -1.0443E+00  2.6744E+01 -7.9352E+00  3.8909E+12 -8.3012E+12 -4.4102E+12
  7.1998E-01 -1.1816E-01 -1.0643E+00  2.7458E+01 -4.7461E+00  3.8824E+12 -8.2893E+12 -4.4069E+12
  7.3998E-01 -7.8644E-04 -1.0706E+00  2.7818E+01 -1.5020E+00  3.8806E+12 -8.2842E+12 -4.4036E+12
  7.5998E-01  1.1659E-01 -1.0632E+00  2.7821E+01  1.7633E+00  3.8855E+12 -8.2857E+12 -4.4002E+12
  7.7997E-01  2.3247E-01 -1.0420E+00  2.7464E+01  5.0156E+00  3.8972E+12 -8.2940E+12 -4.3968E+12
  7.9997E-01  3.4533E-01 -1.0073E+00  2.6749E+01  8.2204E+00  3.9154E+12 -8.3089E+12 -4.3935E+12
  8.1997E-01  4.5367E-01 -9.5948E-01  2.5679E+01  1.1343E+01  3.9403E+12 -8.3304E+12 -4.3901E+12
  8.3997E-01  5.5602E-01 -8.9894E-01  2.4258E+01  1.4347E+01  3.9715E+12 -8.3583E+12 -4.3868E+12
  8.5997E-01  6.5094E-01 -8.2639E-01  2.2496E+01  1.7196E+01  4.0088E+12 -8.3924E+12 -4.3836E+12
  8.7997E-01  7.3702E-01 -7.4263E-01  2.0403E+01  1.9852E+01  4.0521E+12 -8.4326E+12 -4.3805E+12
  8.9997E-01  8.1295E-01 -6.4863E-01  1.7995E+01  2.2279E+01  4.1009E+12 -8.4784E+12 -4.3775E+12
  9.1997E-01  8.7746E-01 -5.4553E-01  1.5290E+01  2.4437E+01  4.1549E+12 -8.5296E+12 -4.3748E+12
  9.3997E-01  9.2941E-01 -4.3461E-01  1.2313E+01  2.6288E+01  4.2134E+12 -8.5857E+12 -4.3722E+12
  9.5997E-01  9.6777E-01 -3.1734E-01  9.0921E+00  2.7794E+01  4.2760E+12 -8.6460E+12 -4.3700E+12
  9.7997E-01  9.9167E-01 -1.9533E-01  5.6635E+00  2.8919E+01  4.3418E+12 -8.7100E+12 -4.3681E+12
  9.9997E-01  1.0004E+00 -7.0330E-02  2.0687E+00  2.9627E+01  4.4101E+12 -8.7768E+12 -4.3666E+12
  1.0200E+00  9.9346E-01  5.5771E-02 -1.6435E+00  2.9888E+01  4.4799E+12 -8.8455E+12 -4.3656E+12
  1.0400E+00  9.7060E-01  1.8098E-01 -5.4179E+00  2.9676E+01  4.5501E+12 -8.9152E+12 -4.3652E+12
  1.0600E+00  9.3182E-01  3.0322E-01 -9.1923E+00  2.8972E+01  4.6194E+12 -8.9847E+12 -4.3653E+12
  1.0800E+00  8.7739E-01  4.2037E-01 -1.2899E+01  2.7766E+01  4.6866E+12 -9.0527E+12 -4.3661E+12
  1.1000E+00  8.0793E-01  5.3031E-01 -1.6465E+01  2.6057E+01  4.7504E+12 -9.1180E+12 -4.3676E+12
  1.1200E+00  7.2432E-01  6.3097E-01 -1.9815E+01  2.3859E+01  4.8093E+12 -9.1791E+12 -4.3698E+12
  1.1400E+00  6.2782E-01  7.2039E-01 -2.2873E+01  2.1194E+01  4.8619E+12 -9.2346E+12 -4.3727E+12
  1.1600E+00  5.1995E-01  7.9678E-01 -2.5566E+01  1.8104E+01  4.9070E+12 -9.2833E+12 -4.3763E+12
  1.1800E+00  4.0255E-01  8.5855E-01 -2.7826E+01  1.4642E+01  4.9433E+12 -9.3238E+12 -4.3805E+12
  1.2000E+00  2.7769E-01  9.0443E-01 -2.9593E+01  1.0873E+01  4.9698E+12 -9.3551E+12 -4.3853E+12
  1.2200E+00  1.4765E-01  9.3344E-01 -3.0820E+01  6.8756E+00  4.9858E+12 -9.3762E+12 -4.3904E+12
  1.2400E+00  1.4856E-02  9.4498E-01 -3.1475E+01  2.7363E+00  4.9908E+12 -9.3867E+12 -4.3959E+12
  1.2600E+00 -1.1822E-01  9.3885E-01 -3.1541E+01 -1.4534E+00  4.9847E+12 -9.3862E+12 -4.4015E+12
  1.2800E+00 -2.4909E-01  9.1522E-01 -3.1019E+01 -5.6005E+00  4.9676E+12 -9.3746E+12 -4.4070E+12
  1.3000E+00 -3.7536E-01  8.7466E-01 -2.9926E+01 -9.6146E+00  4.9401E+12 -9.3524E+12 -4.4123E+12
  1.3200E+00 -4.9475E-01  8.1807E-01 -2.8297E+01 -1.3411E+01  4.9029E+12 -9.3201E+12 -4.4173E+12
  1.3400E+00 -6.0519E-01  7.4670E-01 -2.6178E+01 -1.6915E+01  4.8570E+12 -9.2787E+12 -4.4217E+12
  1.3600E+00 -7.0488E-01  6.6206E-01 -2.3627E+01 -2.0063E+01  4.8037E+12 -9.2293E+12 -4.4257E+12
  1.3800E+00 -7.9226E-01  5.6585E-01 -2.0710E+01 -2.2803E+01  4.7442E+12 -9.1732E+12 -4.4289E+12
  1.4000E+00 -8.6608E-01  4.5996E-01 -1.7496E+01 -2.5098E+01  4.6800E+12 -9.1116E+12 -4.4316E+12
  1.4200E+00 -9.2539E-01  3.4636E-01 -1.4059E+01 -2.6923E+01  4.6125E+12 -9.0460E+12 -4.4335E+12
  1.4400E+00 -9.6956E-01  2.2710E-01 -1.0469E+01 -2.8267E+01  4.5431E+12 -8.9778E+12 -4.4347E+12
  1.4600E+00 -9.9823E-01  1.0421E-01 -6.7938E+00 -2.9128E+01  4.4729E+12 -8.9082E+12 -4.4353E+12
  1.4800E+00 -1.0113E+00 -2.0316E-02 -3.0983E+00 -2.9513E+01  4.4032E+12 -8.8386E+12 -4.4354E+12
  1.5000E+00 -1.0089E+00 -1.4453E-01  5.5912E-01 -2.9440E+01  4.3351E+12 -8.7700E+12 -4.4348E+12
  1.5200E+00 -9.9153E-01 -2.6659E-01  4.1255E+00 -2.8929E+01  4.2696E+12 -8.7034E+12 -4.4338E+12
  1.5400E+00 -9.5966E-01 -3.8475E-01  7.5541E+00 -2.8007E+01  4.2074E+12 -8.6398E+12 -4.4324E+12
  1.5599E+00 -9.1408E-01 -4.9742E-01  1.0804E+01 -2.6704E+01  4.1492E+12 -8.5798E+12 -4.4306E+12
  1.5799E+00 -8.5569E-01 -6.0312E-01  1.3839E+01 -2.5052E+01  4.0958E+12 -8.5243E+12 -4.4285E+12
  1.5999E+00 -7.8552E-01 -7.0052E-01  1.6631E+01 -2.3085E+01  4.0475E+12 -8.4736E+12 -4.4261E+12
  1.6199E+00 -7.0471E-01 -7.8843E-01  1.9152E+01 -2.0836E+01  4.0048E+12 -8.4283E+12 -4.4235E+12
  1.6399E+00 -6.1449E-01 -8.6582E-01  2.1383E+01 -1.8341E+01  3.9681E+12 -8.3887E+12 -4.4207E+12
  1.6599E+00 -5.1617E-01 -9.3178E-01  2.3305E+01 -1.5633E+01  3.9375E+12 -8.3552E+12 -4.4177E+12
  1.6799E+00 -4.1110E-01 -9.8556E-01  2.4903E+01 -1.2748E+01  3.9133E+12 -8.3279E+12 -4.4146E+12
  1.6999E+00 -3.0070E-01 -1.0266E+00  2.6167E+01 -9.7184E+00  3.8957E+12 -8.3071E+12 -4.4114E+12
  1.7199E+00 -1.8642E-01 -1.0543E+00  2.7086E+01 -6.5794E+00  3.8847E+12 -8.2929E+12 -4.4081E+12
  1.7399E+00 -6.9736E-02 -1.0685E+00  2.7655E+01 -3.3643E+00  3.8805E+12 -8.2853E+12 -4.4048E+12
  1.7599E+00  4.7840E-02 -1.0690E+00  2.7867E+01 -1.0700E-01  3.8829E+12 -8.2844E+12 -4.4015E+12
  1.7799E+00  1.6480E-01 -1.0556E+00  2.7721E+01  3.1586E+00  3.8921E+12 -8.2902E+12 -4.3981E+12
  1.7999E+00  2.7963E-01 -1.0286E+00  2.7215E+01  6.3980E+00  3.9080E+12 -8.3027E+12 -4.3947E+12
  1.8199E+00  3.9081E-01 -9.8824E-01  2.6351E+01  9.5765E+00  3.9305E+12 -8.3218E+12 -4.3913E+12
  1.8399E+00  4.9684E-01 -9.3484E-01  2.5132E+01  1.2658E+01  3.9594E+12 -8.3474E+12 -4.3880E+12
  1.8599E+00  5.9627E-01 -8.6899E-01  2.3565E+01  1.5607E+01  3.9945E+12 -8.3793E+12 -4.3848E+12
  1.8799E+00  6.8765E-01 -7.9142E-01  2.1659E+01  1.8386E+01  4.0357E+12 -8.4173E+12 -4.3816E+12
  1.8999E+00  7.6961E-01 -7.0300E-01  1.9425E+01  2.0956E+01  4.0825E+12 -8.4611E+12 -4.3786E+12
  1.9199E+00  8.4084E-01 -6.0478E-01  1.6882E+01  2.3279E+01  4.1346E+12 -8.5104E+12 -4.3758E+12
  1.9399E+00  9.0012E-01 -4.9796E-01  1.4050E+01  2.5316E+01  4.1916E+12 -8.5647E+12 -4.3731E+12
  1.9599E+00  9.4634E-01 -3.8393E-01  1.0955E+01  2.7029E+01  4.2528E+12 -8.6236E+12 -4.3708E+12
  1.9799E+00  9.7853E-01 -2.6420E-01  7.6293E+00  2.8378E+01  4.3175E+12 -8.6863E+12 -4.3688E+12
  1.9999E+00  9.9587E-01 -1.4046E-01  4.1120E+00  2.9327E+01  4.3850E+12 -8.7521E+12 -4.3671E+12
