  0.0000E+00  1.0000E+00  0.0000E+00  0.0000E+00  1.4892E+01  1.1089E+12 -8.8709E+12 -7.7620E+12
  3.9999E-03  9.9937E-01  1.2566E-02 -7.4855E-01  1.4892E+01  1.1117E+12 -8.8709E+12 -7.7592E+12
  7.9997E-03  9.9810E-01  2.5125E-02 -1.4979E+00  1.4883E+01  1.1187E+12 -8.8758E+12 -7.7571E+12
  1.2000E-02  9.9621E-01  3.7667E-02 -2.2486E+00  1.4864E+01  1.1299E+12 -8.8849E+12 -7.7550E+12
  1.5999E-02  9.9367E-01  5.0186E-02 -3.0012E+00  1.4835E+01  1.1455E+12 -8.8983E+12 -7.7528E+12
  1.9999E-02  9.9050E-01  6.2672E-02 -3.7564E+00  1.4797E+01  1.1653E+12 -8.9160E+12 -7.7506E+12
  2.3999E-02  9.8669E-01  7.5118E-02 -4.5148E+00  1.4749E+01  1.1896E+12 -8.9380E+12 -7.7484E+12
  2.7999E-02  9.8224E-01  8.7515E-02 -5.2771E+00  1.4691E+01  1.2184E+12 -8.9645E+12 -7.7462E+12
  3.1999E-02  9.7714E-01  9.9854E-02 -6.0438E+00  1.4623E+01  1.2518E+12 -8.9956E+12 -7.7438E+12
  3.5999E-02  9.7139E-01  1.1213E-01 -6.8157E+00  1.4544E+01  1.2899E+12 -9.0313E+12 -7.7414E+12
  3.9999E-02  9.6498E-01  1.2432E-01 -7.5934E+00  1.4454E+01  1.3329E+12 -9.0719E+12 -7.7390E+12
  4.3999E-02  9.5791E-01  1.3643E-01 -8.3776E+00  1.4353E+01  1.3810E+12 -9.1174E+12 -7.7364E+12
  4.7998E-02  9.5018E-01  1.4845E-01 -9.1692E+00  1.4240E+01  1.4343E+12 -9.1681E+12 -7.7338E+12
  5.1998E-02  9.4176E-01  1.6036E-01 -9.9688E+00  1.4115E+01  1.4931E+12 -9.2241E+12 -7.7310E+12
  5.5998E-02  9.3267E-01  1.7216E-01 -1.0777E+01  1.3978E+01  1.5576E+12 -9.2857E+12 -7.7281E+12
  5.9998E-02  9.2289E-01  1.8382E-01 -1.1596E+01  1.3827E+01  1.6282E+12 -9.3532E+12 -7.7250E+12
  6.3998E-02  9.1240E-01  1.9535E-01 -1.2425E+01  1.3662E+01  1.7051E+12 -9.4269E+12 -7.7218E+12
  6.7998E-02  9.0121E-01  2.0673E-01 -1.3266E+01  1.3481E+01  1.7886E+12 -9.5071E+12 -7.7184E+12
  7.1998E-02  8.8929E-01  2.1794E-01 -1.4119E+01  1.3286E+01  1.8793E+12 -9.5941E+12 -7.7148E+12
  7.5997E-02  8.7665E-01  2.2897E-01 -1.4986E+01  1.3073E+01  1.9775E+12 -9.6885E+12 -7.7110E+12
  7.9997E-02  8.6326E-01  2.3981E-01 -1.5868E+01  1.2843E+01  2.0837E+12 -9.7906E+12 -7.7069E+12
  8.3997E-02  8.4911E-01  2.5044E-01 -1.6767E+01  1.2593E+01  2.1986E+12 -9.9011E+12 -7.7025E+12
  8.7997E-02  8.3419E-01  2.6083E-01 -1.7683E+01  1.2323E+01  2.3227E+12 -1.0021E+13 -7.6978E+12
  9.1997E-02  8.1848E-01  2.7099E-01 -1.8618E+01  1.2031E+01  2.4569E+12 -1.0150E+13 -7.6927E+12
  9.5997E-02  8.0196E-01  2.8087E-01 -1.9574E+01  1.1714E+01  2.6019E+12 -1.0289E+13 -7.6871E+12
  9.9997E-02  7.8461E-01  2.9047E-01 -2.0553E+01  1.1371E+01  2.7586E+12 -1.0440E+13 -7.6811E+12
  1.0400E-01  7.6643E-01  2.9975E-01 -2.1556E+01  1.1000E+01  2.9282E+12 -1.0603E+13 -7.6745E+12
  1.0800E-01  7.4737E-01  3.0869E-01 -2.2585E+01  1.0597E+01  3.1119E+12 -1.0779E+13 -7.6673E+12
  1.1200E-01  7.2742E-01  3.1726E-01 -2.3643E+01  1.0160E+01  3.3112E+12 -1.0971E+13 -7.6594E+12
  1.1600E-01  7.0655E-01  3.2544E-01 -2.4733E+01  9.6853E+00  3.5275E+12 -1.1178E+13 -7.6506E+12
  1.2000E-01  6.8473E-01  3.3317E-01 -2.5856E+01  9.1677E+00  3.7629E+12 -1.1404E+13 -7.6408E+12
  1.2400E-01  6.6193E-01  3.4043E-01 -2.7017E+01  8.6029E+00  4.0196E+12 -1.1649E+13 -7.6298E+12
  1.2800E-01  6.3812E-01  3.4717E-01 -2.8218E+01  7.9850E+00  4.3002E+12 -1.1918E+13 -7.6175E+12
  1.3200E-01  6.1326E-01  3.5334E-01 -2.9464E+01  7.3071E+00  4.6077E+12 -1.2211E+13 -7.6036E+12
  1.3600E-01  5.8730E-01  3.5887E-01 -3.0759E+01  6.5611E+00  4.9459E+12 -1.2534E+13 -7.5878E+12
  1.4000E-01  5.6021E-01  3.6371E-01 -3.2108E+01  5.7372E+00  5.3191E+12 -1.2889E+13 -7.5696E+12
  1.4400E-01  5.3193E-01  3.6778E-01 -3.3515E+01  4.8235E+00  5.7326E+12 -1.3281E+13 -7.5487E+12
  1.4800E-01  5.0240E-01  3.7100E-01 -3.4987E+01  3.8055E+00  6.1929E+12 -1.3717E+13 -7.5244E+12
  1.5199E-01  4.7158E-01  3.7324E-01 -3.6531E+01  2.6655E+00  6.7081E+12 -1.4204E+13 -7.4958E+12
  1.5599E-01  4.3938E-01  3.7441E-01 -3.8154E+01  1.3811E+00  7.2881E+12 -1.4750E+13 -7.4620E+12
  1.5999E-01  4.0574E-01  3.7435E-01 -3.9864E+01 -7.5857E-02  7.9455E+12 -1.5367E+13 -7.4214E+12
  1.6399E-01  3.7058E-01  3.7288E-01 -4.1669E+01 -1.7414E+00  8.6966E+12 -1.6069E+13 -7.3723E+12
  1.6799E-01  3.3381E-01  3.6979E-01 -4.3578E+01 -3.6625E+00  9.5623E+12 -1.6874E+13 -7.3119E+12
  1.7199E-01  2.9533E-01  3.6481E-01 -4.5599E+01 -5.9015E+00  1.0571E+13 -1.7807E+13 -7.2364E+12
  1.7599E-01  2.5505E-01  3.5760E-01 -4.7737E+01 -8.5424E+00  1.1759E+13 -1.8900E+13 -7.1406E+12
  1.7999E-01  2.1286E-01  3.4772E-01 -4.9990E+01 -1.1701E+01  1.3180E+13 -2.0196E+13 -7.0166E+12
  1.8399E-01  1.6870E-01  3.3461E-01 -5.2341E+01 -1.5542E+01  1.4906E+13 -2.1758E+13 -6.8522E+12
  1.8799E-01  1.2250E-01  3.1748E-01 -5.4741E+01 -2.0302E+01  1.7044E+13 -2.3673E+13 -6.6289E+12
  1.9199E-01  7.4348E-02  2.9526E-01 -5.7068E+01 -2.6333E+01  1.9751E+13 -2.6068E+13 -6.3172E+12
  1.9599E-01  2.4528E-02  2.6643E-01 -5.9040E+01 -3.4163E+01  2.3264E+13 -2.9135E+13 -5.8708E+12
  1.9999E-01 -2.6101E-02  2.2881E-01 -5.9999E+01 -4.4576E+01  2.7934E+13 -3.3155E+13 -5.2210E+12
  2.0399E-01 -7.5380E-02  1.7937E-01 -5.8399E+01 -5.8599E+01  3.4221E+13 -3.8519E+13 -4.2978E+12
  2.0799E-01 -1.1819E-01  1.1454E-01 -5.0738E+01 -7.6829E+01  4.2385E+13 -4.5594E+13 -3.2091E+12
  2.1199E-01 -1.4426E-01  3.3477E-02 -3.0893E+01 -9.6059E+01  5.0909E+13 -5.3898E+13 -2.9895E+12
  2.1599E-01 -1.4228E-01 -5.4091E-02  2.3537E+00 -1.0377E+02  5.3873E+13 -5.9899E+13 -6.0259E+12
  2.1999E-01 -1.1481E-01 -1.3197E-01  3.2554E+01 -9.2293E+01  4.7889E+13 -5.8280E+13 -1.0391E+13
  2.2399E-01 -7.3787E-02 -1.9428E-01  4.8611E+01 -7.3835E+01  3.9073E+13 -5.0714E+13 -1.1641E+13
  2.2799E-01 -2.7574E-02 -2.4291E-01  5.4765E+01 -5.7631E+01  3.1603E+13 -4.2686E+13 -1.1083E+13
  2.3199E-01  1.9831E-02 -2.8104E-01  5.6178E+01 -4.5186E+01  2.5989E+13 -3.6287E+13 -1.0298E+13
  2.3599E-01  6.6676E-02 -3.1123E-01  5.5514E+01 -3.5779E+01  2.1810E+13 -3.1486E+13 -9.6766E+12
  2.3999E-01  1.1221E-01 -3.3532E-01  5.3966E+01 -2.8554E+01  1.8639E+13 -2.7870E+13 -9.2318E+12
  2.4399E-01  1.5615E-01 -3.5463E-01  5.2066E+01 -2.2877E+01  1.6171E+13 -2.5087E+13 -8.9159E+12
  2.4799E-01  1.9839E-01 -3.7008E-01  5.0057E+01 -1.8314E+01  1.4206E+13 -2.2894E+13 -8.6878E+12
  2.5199E-01  2.3894E-01 -3.8238E-01  4.8052E+01 -1.4572E+01  1.2606E+13 -2.1126E+13 -8.5195E+12
  2.5599E-01  2.7784E-01 -3.9204E-01  4.6100E+01 -1.1450E+01  1.1282E+13 -1.9674E+13 -8.3923E+12
  2.5999E-01  3.1516E-01 -3.9947E-01  4.4226E+01 -8.8046E+00  1.0167E+13 -1.8461E+13 -8.2941E+12
  2.6399E-01  3.5097E-01 -4.0498E-01  4.2435E+01 -6.5347E+00  9.2171E+12 -1.7434E+13 -8.2169E+12
  2.6799E-01  3.8533E-01 -4.0884E-01  4.0728E+01 -4.5650E+00  8.3980E+12 -1.6553E+13 -8.1552E+12
  2.7199E-01  4.1833E-01 -4.1123E-01  3.9101E+01 -2.8391E+00  7.6849E+12 -1.5790E+13 -8.1050E+12
  2.7599E-01  4.5001E-01 -4.1234E-01  3.7550E+01 -1.3141E+00  7.0586E+12 -1.5122E+13 -8.0636E+12
  2.7999E-01  4.8045E-01 -4.1230E-01  3.6069E+01  4.3308E-02  6.5047E+12 -1.4534E+13 -8.0291E+12
  2.8399E-01  5.0969E-01 -4.1124E-01  3.4651E+01  1.2595E+00  6.0115E+12 -1.4012E+13 -8.0001E+12
  2.8799E-01  5.3778E-01 -4.0925E-01  3.3293E+01  2.3554E+00  5.5699E+12 -1.3545E+13 -7.9753E+12
  2.9199E-01  5.6478E-01 -4.0643E-01  3.1989E+01  3.3480E+00  5.1724E+12 -1.3127E+13 -7.9541E+12
  2.9599E-01  5.9071E-01 -4.0284E-01  3.0734E+01  4.2511E+00  4.8132E+12 -1.2749E+13 -7.9357E+12
  2.9999E-01  6.1563E-01 -3.9856E-01  2.9524E+01  5.0761E+00  4.4872E+12 -1.2407E+13 -7.9197E+12
  3.0399E-01  6.3955E-01 -3.9364E-01  2.8356E+01  5.8324E+00  4.1903E+12 -1.2096E+13 -7.9056E+12
  3.0799E-01  6.6253E-01 -3.8813E-01  2.7225E+01  6.5281E+00  3.9192E+12 -1.1812E+13 -7.8931E+12
  3.1199E-01  6.8458E-01 -3.8208E-01  2.6130E+01  7.1699E+00  3.6709E+12 -1.1553E+13 -7.8820E+12
  3.1599E-01  7.0573E-01 -3.7553E-01  2.5066E+01  7.7635E+00  3.4430E+12 -1.1315E+13 -7.8721E+12
  3.1999E-01  7.2601E-01 -3.6851E-01  2.4032E+01  8.3137E+00  3.2334E+12 -1.1097E+13 -7.8633E+12
  3.2399E-01  7.4544E-01 -3.6106E-01  2.3025E+01  8.8248E+00  3.0402E+12 -1.0895E+13 -7.8552E+12
  3.2799E-01  7.6404E-01 -3.5322E-01  2.2043E+01  9.3004E+00  2.8621E+12 -1.0710E+13 -7.8479E+12
  3.3199E-01  7.8183E-01 -3.4499E-01  2.1084E+01  9.7438E+00  2.6975E+12 -1.0539E+13 -7.8413E+12
  3.3599E-01  7.9883E-01 -3.3642E-01  2.0147E+01  1.0158E+01  2.5453E+12 -1.0381E+13 -7.8352E+12
  3.3999E-01  8.1506E-01 -3.2752E-01  1.9228E+01  1.0544E+01  2.4046E+12 -1.0234E+13 -7.8297E+12
  3.4399E-01  8.3052E-01 -3.1832E-01  1.8328E+01  1.0906E+01  2.2743E+12 -1.0099E+13 -7.8245E+12
  3.4799E-01  8.4524E-01 -3.0883E-01  1.7445E+01  1.1245E+01  2.1538E+12 -9.9736E+12 -7.8198E+12
  3.5199E-01  8.5923E-01 -2.9908E-01  1.6577E+01  1.1562E+01  2.0423E+12 -9.8576E+12 -7.8154E+12
  3.5599E-01  8.7250E-01 -2.8907E-01  1.5722E+01  1.1859E+01  1.9392E+12 -9.7504E+12 -7.8112E+12
  3.5999E-01  8.8505E-01 -2.7883E-01  1.4881E+01  1.2138E+01  1.8439E+12 -9.6513E+12 -7.8074E+12
  3.6399E-01  8.9691E-01 -2.6836E-01  1.4052E+01  1.2399E+01  1.7560E+12 -9.5598E+12 -7.8038E+12
  3.6799E-01  9.0808E-01 -2.5770E-01  1.3234E+01  1.2644E+01  1.6750E+12 -9.4754E+12 -7.8003E+12
  3.7199E-01  9.1856E-01 -2.4683E-01  1.2426E+01  1.2873E+01  1.6006E+12 -9.3977E+12 -7.7971E+12
  3.7599E-01  9.2838E-01 -2.3579E-01  1.1627E+01  1.3088E+01  1.5324E+12 -9.3264E+12 -7.7941E+12
  3.7999E-01  9.3752E-01 -2.2457E-01  1.0836E+01  1.3289E+01  1.4700E+12 -9.2612E+12 -7.7912E+12
  3.8399E-01  9.4600E-01 -2.1320E-01  1.0053E+01  1.3476E+01  1.4133E+12 -9.2017E+12 -7.7884E+12
  3.8799E-01  9.5383E-01 -2.0168E-01  9.2761E+00  1.3651E+01  1.3620E+12 -9.1478E+12 -7.7857E+12
  3.9199E-01  9.6101E-01 -1.9003E-01  8.5056E+00  1.3814E+01  1.3159E+12 -9.0991E+12 -7.7832E+12
  3.9599E-01  9.6754E-01 -1.7824E-01  7.7404E+00  1.3966E+01  1.2748E+12 -9.0555E+12 -7.7807E+12
  3.9999E-01  9.7343E-01 -1.6634E-01  6.9798E+00  1.4106E+01  1.2385E+12 -9.0167E+12 -7.7783E+12
  4.0399E-01  9.7868E-01 -1.5433E-01  6.2232E+00  1.4235E+01  1.2068E+12 -8.9828E+12 -7.7760E+12
  4.0799E-01  9.8330E-01 -1.4221E-01  5.4699E+00  1.4354E+01  1.1798E+12 -8.9535E+12 -7.7737E+12
  4.1199E-01  9.8728E-01 -1.3001E-01  4.7194E+00  1.4462E+01  1.1572E+12 -8.9287E+12 -7.7715E+12
  4.1599E-01  9.9063E-01 -1.1772E-01  3.9710E+00  1.4561E+01  1.1390E+12 -8.9083E+12 -7.7693E+12
  4.1999E-01  9.9335E-01 -1.0536E-01  3.2241E+00  1.4650E+01  1.1250E+12 -8.8922E+12 -7.7672E+12
  4.2399E-01  9.9544E-01 -9.2933E-02  2.4781E+00  1.4729E+01  1.1154E+12 -8.8804E+12 -7.7650E+12
  4.2799E-01  9.9690E-01 -8.0445E-02  1.7325E+00  1.4798E+01  1.1100E+12 -8.8729E+12 -7.7629E+12
  4.3199E-01  9.9774E-01 -6.7907E-02  9.8654E-01  1.4859E+01  1.1088E+12 -8.8696E+12 -7.7608E+12
  4.3599E-01  9.9794E-01 -5.5326E-02  2.3978E-01  1.4909E+01  1.1117E+12 -8.8705E+12 -7.7587E+12
  4.3999E-01  9.9751E-01 -4.2710E-02 -5.0842E-01  1.4951E+01  1.1189E+12 -8.8756E+12 -7.7566E+12
  4.4399E-01  9.9645E-01 -3.0067E-02 -1.2587E+00  1.4983E+01  1.1304E+12 -8.8849E+12 -7.7545E+12
  4.4799E-01  9.9475E-01 -1.7404E-02 -2.0115E+00  1.5006E+01  1.1461E+12 -8.8984E+12 -7.7523E+12
  4.5199E-01  9.9241E-01 -4.7305E-03 -2.7677E+00  1.5019E+01  1.1662E+12 -8.9163E+12 -7.7502E+12
  4.5599E-01  9.8944E-01  7.9461E-03 -3.5277E+00  1.5023E+01  1.1906E+12 -8.9386E+12 -7.7479E+12
  4.5999E-01  9.8581E-01  2.0618E-02 -4.2922E+00  1.5017E+01  1.2196E+12 -8.9653E+12 -7.7457E+12
  4.6399E-01  9.8154E-01  3.3275E-02 -5.0620E+00  1.5000E+01  1.2532E+12 -8.9965E+12 -7.7434E+12
  4.6798E-01  9.7662E-01  4.5911E-02 -5.8376E+00  1.4974E+01  1.2915E+12 -9.0325E+12 -7.7410E+12
  4.7198E-01  9.7103E-01  5.8516E-02 -6.6198E+00  1.4937E+01  1.3347E+12 -9.0732E+12 -7.7385E+12
  4.7598E-01  9.6478E-01  7.1080E-02 -7.4094E+00  1.4890E+01  1.3830E+12 -9.1190E+12 -7.7359E+12
  4.7998E-01  9.5785E-01  8.3595E-02 -8.2071E+00  1.4831E+01  1.4366E+12 -9.1698E+12 -7.7333E+12
  4.8398E-01  9.5025E-01  9.6051E-02 -9.0137E+00  1.4761E+01  1.4956E+12 -9.2261E+12 -7.7305E+12
  4.8798E-01  9.4195E-01  1.0844E-01 -9.8302E+00  1.4678E+01  1.5604E+12 -9.2880E+12 -7.7276E+12
  4.9198E-01  9.3296E-01  1.2074E-01 -1.0657E+01  1.4583E+01  1.6312E+12 -9.3557E+12 -7.7245E+12
  4.9598E-01  9.2326E-01  1.3296E-01 -1.1496E+01  1.4474E+01  1.7083E+12 -9.4297E+12 -7.7213E+12
  4.9998E-01  9.1284E-01  1.4507E-01 -1.2348E+01  1.4352E+01  1.7922E+12 -9.5101E+12 -7.7179E+12
  5.0398E-01  9.0169E-01  1.5706E-01 -1.3213E+01  1.4214E+01  1.8831E+12 -9.5974E+12 -7.7143E+12
  5.0798E-01  8.8980E-01  1.6893E-01 -1.4093E+01  1.4061E+01  1.9816E+12 -9.6921E+12 -7.7105E+12
  5.1198E-01  8.7715E-01  1.8065E-01 -1.4990E+01  1.3891E+01  2.0882E+12 -9.7946E+12 -7.7063E+12
  5.1598E-01  8.6373E-01  1.9221E-01 -1.5904E+01  1.3702E+01  2.2035E+12 -9.9054E+12 -7.7019E+12
  5.1998E-01  8.4952E-01  2.0360E-01 -1.6837E+01  1.3495E+01  2.3280E+12 -1.0025E+13 -7.6972E+12
  5.2398E-01  8.3451E-01  2.1479E-01 -1.7791E+01  1.3266E+01  2.4626E+12 -1.0155E+13 -7.6921E+12
  5.2798E-01  8.1867E-01  2.2577E-01 -1.8767E+01  1.3015E+01  2.6080E+12 -1.0295E+13 -7.6865E+12
  5.3198E-01  8.0199E-01  2.3652E-01 -1.9768E+01  1.2739E+01  2.7653E+12 -1.0446E+13 -7.6805E+12
  5.3598E-01  7.8444E-01  2.4702E-01 -2.0795E+01  1.2436E+01  2.9354E+12 -1.0609E+13 -7.6739E+12
  5.3998E-01  7.6600E-01  2.5723E-01 -2.1851E+01  1.2104E+01  3.1197E+12 -1.0786E+13 -7.6666E+12
  5.4398E-01  7.4665E-01  2.6714E-01 -2.2937E+01  1.1739E+01  3.3196E+12 -1.0978E+13 -7.6586E+12
  5.4798E-01  7.2635E-01  2.7670E-01 -2.4058E+01  1.1338E+01  3.5367E+12 -1.1186E+13 -7.6498E+12
  5.5198E-01  7.0507E-01  2.8590E-01 -2.5216E+01  1.0896E+01  3.7729E+12 -1.1413E+13 -7.6400E+12
  5.5598E-01  6.8278E-01  2.9468E-01 -2.6414E+01  1.0411E+01  4.0305E+12 -1.1659E+13 -7.6290E+12
  5.5998E-01  6.5944E-01  3.0301E-01 -2.7657E+01  9.8742E+00  4.3121E+12 -1.1929E+13 -7.6166E+12
  5.6398E-01  6.3501E-01  3.1085E-01 -2.8949E+01  9.2808E+00  4.6208E+12 -1.2223E+13 -7.6026E+12
  5.6798E-01  6.0945E-01  3.1812E-01 -3.0294E+01  8.6224E+00  4.9603E+12 -1.2547E+13 -7.5867E+12
  5.7198E-01  5.8270E-01  3.2478E-01 -3.1698E+01  7.8895E+00  5.3349E+12 -1.2903E+13 -7.5685E+12
  5.7598E-01  5.5472E-01  3.3075E-01 -3.3167E+01  7.0706E+00  5.7502E+12 -1.3298E+13 -7.5474E+12
  5.7998E-01  5.2543E-01  3.3594E-01 -3.4708E+01  6.1515E+00  6.2126E+12 -1.3736E+13 -7.5229E+12
  5.8398E-01  4.9477E-01  3.4025E-01 -3.6330E+01  5.1147E+00  6.7301E+12 -1.4224E+13 -7.4942E+12
  5.8798E-01  4.6267E-01  3.4358E-01 -3.8041E+01  3.9384E+00  7.3130E+12 -1.4773E+13 -7.4601E+12
  5.9198E-01  4.2904E-01  3.4576E-01 -3.9850E+01  2.5946E+00  7.9738E+12 -1.5393E+13 -7.4193E+12
  5.9598E-01  3.9380E-01  3.4665E-01 -4.1770E+01  1.0476E+00  8.7290E+12 -1.6099E+13 -7.3697E+12
  5.9998E-01  3.5683E-01  3.4602E-01 -4.3811E+01 -7.4933E-01  9.5999E+12 -1.6909E+13 -7.3088E+12
  6.0398E-01  3.1802E-01  3.4360E-01 -4.5986E+01 -2.8586E+00  1.0615E+13 -1.7847E+13 -7.2327E+12
  6.0798E-01  2.7726E-01  3.3908E-01 -4.8306E+01 -5.3648E+00  1.1811E+13 -1.8947E+13 -7.1359E+12
  6.1198E-01  2.3441E-01  3.3200E-01 -5.0776E+01 -8.3854E+00  1.3242E+13 -2.0253E+13 -7.0105E+12
  6.1598E-01  1.8936E-01  3.2180E-01 -5.3390E+01 -1.2087E+01  1.4983E+13 -2.1827E+13 -6.8441E+12
  6.1998E-01  1.4201E-01  3.0770E-01 -5.6113E+01 -1.6715E+01  1.7140E+13 -2.3758E+13 -6.6180E+12
  6.2398E-01  9.2358E-02  2.8860E-01 -5.8844E+01 -2.2633E+01  1.9874E+13 -2.6176E+13 -6.3020E+12
  6.2798E-01  4.0607E-02  2.6295E-01 -6.1329E+01 -3.0398E+01  2.3426E+13 -2.9275E+13 -5.8489E+12
  6.3198E-01 -1.2507E-02  2.2848E-01 -6.2943E+01 -4.0848E+01  2.8152E+13 -3.3341E+13 -5.1893E+12
  6.3598E-01 -6.4960E-02  1.8196E-01 -6.2161E+01 -5.5123E+01  3.4513E+13 -3.8768E+13 -4.2547E+12
  6.3998E-01 -1.1173E-01  1.1951E-01 -5.5420E+01 -7.4007E+01  4.2742E+13 -4.5912E+13 -3.1703E+12
  6.4398E-01 -1.4237E-01  3.9826E-02 -3.6322E+01 -9.4437E+01  5.1188E+13 -5.4221E+13 -3.0334E+12
  6.4798E-01 -1.4519E-01 -4.7649E-02 -3.3394E+00 -1.0366E+02  5.3786E+13 -6.0003E+13 -6.2173E+12
  6.5198E-01 -1.2231E-01 -1.2669E-01  2.7119E+01 -9.3667E+01  4.7545E+13 -5.8051E+13 -1.0506E+13
  6.5598E-01 -8.5278E-02 -1.9107E-01  4.3885E+01 -7.6301E+01  3.8738E+13 -5.0375E+13 -1.1637E+13
  6.5998E-01 -4.2366E-02 -2.4228E-01  5.0853E+01 -6.0688E+01  3.1345E+13 -4.2396E+13 -1.1050E+13
  6.6398E-01  2.3442E-03 -2.8321E-01  5.2985E+01 -4.8499E+01  2.5798E+13 -3.6066E+13 -1.0269E+13
  6.6798E-01  4.6989E-02 -3.1626E-01  5.2907E+01 -3.9167E+01  2.1666E+13 -3.1322E+13 -9.6554E+12
  6.7198E-01  9.0726E-02 -3.4320E-01  5.1831E+01 -3.1924E+01  1.8528E+13 -2.7745E+13 -9.2166E+12
  6.7598E-01  1.3318E-01 -3.6529E-01  5.0313E+01 -2.6181E+01  1.6084E+13 -2.4989E+13 -8.9049E+12
  6.7998E-01  1.7421E-01 -3.8346E-01  4.8617E+01 -2.1529E+01  1.4136E+13 -2.2815E+13 -8.6797E+12
  6.8398E-01  2.1376E-01 -3.9838E-01  4.6871E+01 -1.7687E+01  1.2549E+13 -2.1062E+13 -8.5133E+12
  6.8798E-01  2.5185E-01 -4.1059E-01  4.5140E+01 -1.4460E+01  1.1234E+13 -1.9621E+13 -8.3874E+12
  6.9198E-01  2.8852E-01 -4.2047E-01  4.3453E+01 -1.1710E+01  1.0126E+13 -1.8417E+13 -8.2903E+12
  6.9598E-01  3.2381E-01 -4.2835E-01  4.1824E+01 -9.3366E+00  9.1822E+12 -1.7396E+13 -8.2138E+12
  6.9998E-01  3.5778E-01 -4.3448E-01  4.0259E+01 -7.2657E+00  8.3678E+12 -1.6520E+13 -8.1525E+12
  7.0398E-01  3.9048E-01 -4.3907E-01  3.8757E+01 -5.4415E+00  7.6584E+12 -1.5761E+13 -8.1027E+12
  7.0798E-01  4.2197E-01 -4.4229E-01  3.7316E+01 -3.8214E+00  7.0354E+12 -1.5097E+13 -8.0617E+12
  7.1198E-01  4.5229E-01 -4.4429E-01  3.5933E+01 -2.3721E+00  6.4840E+12 -1.4512E+13 -8.0275E+12
  7.1598E-01  4.8150E-01 -4.4520E-01  3.4605E+01 -1.0671E+00  5.9931E+12 -1.3992E+13 -7.9986E+12
  7.1998E-01  5.0962E-01 -4.4510E-01  3.3326E+01  1.1463E-01  5.5533E+12 -1.3527E+13 -7.9740E+12
  7.2398E-01  5.3670E-01 -4.4409E-01  3.2095E+01  1.1902E+00  5.1575E+12 -1.3110E+13 -7.9529E+12
  7.2798E-01  5.6278E-01 -4.4226E-01  3.0907E+01  2.1736E+00  4.7997E+12 -1.2734E+13 -7.9346E+12
  7.3198E-01  5.8789E-01 -4.3966E-01  2.9758E+01  3.0764E+00  4.4749E+12 -1.2394E+13 -7.9186E+12
  7.3598E-01  6.1206E-01 -4.3637E-01  2.8645E+01  3.9083E+00  4.1792E+12 -1.2084E+13 -7.9046E+12
  7.3998E-01  6.3532E-01 -4.3242E-01  2.7567E+01  4.6773E+00  3.9090E+12 -1.1801E+13 -7.8922E+12
  7.4398E-01  6.5770E-01 -4.2787E-01  2.6519E+01  5.3904E+00  3.6616E+12 -1.1543E+13 -7.8812E+12
  7.4798E-01  6.7922E-01 -4.2276E-01  2.5500E+01  6.0535E+00  3.4344E+12 -1.1306E+13 -7.8714E+12
  7.5198E-01  6.9990E-01 -4.1713E-01  2.4507E+01  6.6715E+00  3.2255E+12 -1.1088E+13 -7.8625E+12
  7.5598E-01  7.1976E-01 -4.1102E-01  2.3538E+01  7.2487E+00  3.0330E+12 -1.0887E+13 -7.8545E+12
  7.5998E-01  7.3883E-01 -4.0444E-01  2.2592E+01  7.7891E+00  2.8554E+12 -1.0703E+13 -7.8473E+12
  7.6398E-01  7.5711E-01 -3.9744E-01  2.1667E+01  8.2957E+00  2.6913E+12 -1.0532E+13 -7.8406E+12
  7.6798E-01  7.7463E-01 -3.9004E-01  2.0760E+01  8.7716E+00  2.5396E+12 -1.0374E+13 -7.8346E+12
  7.7198E-01  7.9139E-01 -3.8226E-01  1.9871E+01  9.2191E+00  2.3993E+12 -1.0228E+13 -7.8290E+12
  7.7598E-01  8.0743E-01 -3.7413E-01  1.8999E+01  9.6406E+00  2.2694E+12 -1.0093E+13 -7.8239E+12
  7.7998E-01  8.2273E-01 -3.6566E-01  1.8141E+01  1.0038E+01  2.1493E+12 -9.9685E+12 -7.8192E+12
  7.8397E-01  8.3733E-01 -3.5687E-01  1.7297E+01  1.0413E+01  2.0381E+12 -9.8529E+12 -7.8148E+12
  7.8797E-01  8.5122E-01 -3.4778E-01  1.6466E+01  1.0767E+01  1.9353E+12 -9.7460E+12 -7.8107E+12
  7.9197E-01  8.6443E-01 -3.3842E-01  1.5646E+01  1.1102E+01  1.8403E+12 -9.6472E+12 -7.8068E+12
  7.9597E-01  8.7695E-01 -3.2878E-01  1.4837E+01  1.1419E+01  1.7527E+12 -9.5559E+12 -7.8032E+12
  7.9997E-01  8.8879E-01 -3.1889E-01  1.4038E+01  1.1718E+01  1.6720E+12 -9.4718E+12 -7.7998E+12
  8.0397E-01  8.9997E-01 -3.0876E-01  1.3248E+01  1.2002E+01  1.5978E+12 -9.3944E+12 -7.7966E+12
  8.0797E-01  9.1049E-01 -2.9841E-01  1.2466E+01  1.2270E+01  1.5298E+12 -9.3234E+12 -7.7935E+12
  8.1197E-01  9.2036E-01 -2.8784E-01  1.1691E+01  1.2524E+01  1.4677E+12 -9.2583E+12 -7.7906E+12
  8.1597E-01  9.2958E-01 -2.7707E-01  1.0923E+01  1.2764E+01  1.4112E+12 -9.1991E+12 -7.7879E+12
  8.1997E-01  9.3815E-01 -2.6611E-01  1.0161E+01  1.2992E+01  1.3601E+12 -9.1453E+12 -7.7852E+12
  8.2397E-01  9.4608E-01 -2.5496E-01  9.4032E+00  1.3207E+01  1.3142E+12 -9.0968E+12 -7.7827E+12
  8.2797E-01  9.5338E-01 -2.4365E-01  8.6504E+00  1.3409E+01  1.2732E+12 -9.0534E+12 -7.7802E+12
  8.3197E-01  9.6005E-01 -2.3217E-01  7.9014E+00  1.3601E+01  1.2371E+12 -9.0149E+12 -7.7778E+12
  8.3597E-01  9.6609E-01 -2.2054E-01  7.1557E+00  1.3781E+01  1.2056E+12 -8.9811E+12 -7.7755E+12
  8.3997E-01  9.7150E-01 -2.0877E-01  6.4125E+00  1.3951E+01  1.1787E+12 -8.9519E+12 -7.7732E+12
  8.4397E-01  9.7629E-01 -1.9686E-01  5.6713E+00  1.4110E+01  1.1563E+12 -8.9273E+12 -7.7710E+12
  8.4797E-01  9.8045E-01 -1.8483E-01  4.9315E+00  1.4259E+01  1.1382E+12 -8.9070E+12 -7.7688E+12
  8.5197E-01  9.8399E-01 -1.7268E-01  4.1925E+00  1.4399E+01  1.1245E+12 -8.8912E+12 -7.7667E+12
  8.5597E-01  9.8690E-01 -1.6042E-01  3.4538E+00  1.4528E+01  1.1150E+12 -8.8795E+12 -7.7645E+12
  8.5997E-01  9.8919E-01 -1.4806E-01  2.7147E+00  1.4648E+01  1.1097E+12 -8.8722E+12 -7.7624E+12
  8.6397E-01  9.9086E-01 -1.3561E-01  1.9748E+00  1.4759E+01  1.1087E+12 -8.8690E+12 -7.7603E+12
  8.6797E-01  9.9190E-01 -1.2307E-01  1.2332E+00  1.4861E+01  1.1118E+12 -8.8700E+12 -7.7582E+12
  8.7197E-01  9.9231E-01 -1.1045E-01  4.8965E-01  1.4953E+01  1.1191E+12 -8.8753E+12 -7.7561E+12
  8.7597E-01  9.9209E-01 -9.7761E-02 -2.5664E-01  1.5036E+01  1.1307E+12 -8.8847E+12 -7.7540E+12
  8.7997E-01  9.9124E-01 -8.5011E-02 -1.0062E+00  1.5110E+01  1.1466E+12 -8.8984E+12 -7.7519E+12
  8.8397E-01  9.8976E-01 -7.2206E-02 -1.7597E+00  1.5174E+01  1.1668E+12 -8.9165E+12 -7.7497E+12
  8.8797E-01  9.8764E-01 -5.9355E-02 -2.5178E+00  1.5230E+01  1.1914E+12 -8.9389E+12 -7.7475E+12
  8.9197E-01  9.8487E-01 -4.6464E-02 -3.2811E+00  1.5276E+01  1.2205E+12 -8.9657E+12 -7.7452E+12
  8.9597E-01  9.8145E-01 -3.3544E-02 -4.0502E+00  1.5312E+01  1.2543E+12 -8.9972E+12 -7.7429E+12
  8.9997E-01  9.7738E-01 -2.0601E-02 -4.8260E+00  1.5338E+01  1.2928E+12 -9.0333E+12 -7.7405E+12
  9.0397E-01  9.7264E-01 -7.6437E-03 -5.6091E+00  1.5355E+01  1.3362E+12 -9.0742E+12 -7.7380E+12
  9.0797E-01  9.6724E-01  5.3186E-03 -6.4003E+00  1.5361E+01  1.3846E+12 -9.1201E+12 -7.7354E+12
  9.1197E-01  9.6117E-01  1.8277E-02 -7.2003E+00  1.5357E+01  1.4384E+12 -9.1711E+12 -7.7328E+12
  9.1597E-01  9.5441E-01  3.1223E-02 -8.0102E+00  1.5341E+01  1.4976E+12 -9.2276E+12 -7.7300E+12
  9.1997E-01  9.4696E-01  4.4146E-02 -8.8306E+00  1.5314E+01  1.5626E+12 -9.2896E+12 -7.7271E+12
  9.2397E-01  9.3880E-01  5.7036E-02 -9.6627E+00  1.5276E+01  1.6336E+12 -9.3576E+12 -7.7240E+12
  9.2797E-01  9.2994E-01  6.9883E-02 -1.0507E+01  1.5224E+01  1.7109E+12 -9.4317E+12 -7.7208E+12
  9.3197E-01  9.2035E-01  8.2675E-02 -1.1366E+01  1.5160E+01  1.7950E+12 -9.5124E+12 -7.7174E+12
  9.3597E-01  9.1002E-01  9.5401E-02 -1.2239E+01  1.5081E+01  1.8862E+12 -9.6000E+12 -7.7138E+12
  9.3997E-01  8.9894E-01  1.0805E-01 -1.3128E+01  1.4988E+01  1.9850E+12 -9.6949E+12 -7.7099E+12
  9.4397E-01  8.8710E-01  1.2060E-01 -1.4035E+01  1.4879E+01  2.0918E+12 -9.7976E+12 -7.7058E+12
  9.4797E-01  8.7447E-01  1.3305E-01 -1.4960E+01  1.4753E+01  2.2073E+12 -9.9087E+12 -7.7014E+12
  9.5197E-01  8.6105E-01  1.4538E-01 -1.5906E+01  1.4610E+01  2.3322E+12 -1.0029E+13 -7.6966E+12
  9.5597E-01  8.4681E-01  1.5757E-01 -1.6874E+01  1.4446E+01  2.4671E+12 -1.0159E+13 -7.6915E+12
  9.5997E-01  8.3174E-01  1.6961E-01 -1.7866E+01  1.4262E+01  2.6129E+12 -1.0299E+13 -7.6859E+12
  9.6397E-01  8.1580E-01  1.8147E-01 -1.8884E+01  1.4054E+01  2.7705E+12 -1.0450E+13 -7.6799E+12
  9.6797E-01  7.9898E-01  1.9313E-01 -1.9930E+01  1.3821E+01  2.9411E+12 -1.0614E+13 -7.6732E+12
  9.7197E-01  7.8126E-01  2.0457E-01 -2.1007E+01  1.3561E+01  3.1259E+12 -1.0792E+13 -7.6660E+12
  9.7597E-01  7.6260E-01  2.1577E-01 -2.2117E+01  1.3270E+01  3.3263E+12 -1.0984E+13 -7.6580E+12
  9.7997E-01  7.4297E-01  2.2669E-01 -2.3264E+01  1.2946E+01  3.5440E+12 -1.1193E+13 -7.6491E+12
  9.8397E-01  7.2233E-01  2.3731E-01 -2.4450E+01  1.2584E+01  3.7808E+12 -1.1420E+13 -7.6392E+12
  9.8797E-01  7.0066E-01  2.4759E-01 -2.5680E+01  1.2180E+01  4.0391E+12 -1.1667E+13 -7.6282E+12
  9.9197E-01  6.7791E-01  2.5749E-01 -2.6958E+01  1.1728E+01  4.3215E+12 -1.1937E+13 -7.6158E+12
  9.9597E-01  6.5404E-01  2.6696E-01 -2.8289E+01  1.1223E+01  4.6311E+12 -1.2233E+13 -7.6017E+12
  9.9997E-01  6.2900E-01  2.7595E-01 -2.9678E+01  1.0656E+01  4.9716E+12 -1.2557E+13 -7.5857E+12
  1.0040E+00  6.0273E-01  2.8440E-01 -3.1131E+01  1.0018E+01  5.3475E+12 -1.2915E+13 -7.5674E+12
  1.0080E+00  5.7517E-01  2.9225E-01 -3.2655E+01  9.2991E+00  5.7641E+12 -1.3310E+13 -7.5463E+12
  1.0120E+00  5.4627E-01  2.9941E-01 -3.4258E+01  8.4844E+00  6.2281E+12 -1.3750E+13 -7.5217E+12
  1.0160E+00  5.1593E-01  3.0578E-01 -3.5950E+01  7.5573E+00  6.7476E+12 -1.4240E+13 -7.4928E+12
  1.0200E+00  4.8408E-01  3.1127E-01 -3.7740E+01  6.4962E+00  7.3326E+12 -1.4791E+13 -7.4585E+12
  1.0240E+00  4.5063E-01  3.1572E-01 -3.9641E+01  5.2739E+00  7.9962E+12 -1.5414E+13 -7.4174E+12
  1.0280E+00  4.1547E-01  3.1897E-01 -4.1666E+01  3.8552E+00  8.7546E+12 -1.6122E+13 -7.3676E+12
  1.0320E+00  3.7849E-01  3.2082E-01 -4.3830E+01  2.1937E+00  9.6295E+12 -1.6936E+13 -7.3062E+12
  1.0360E+00  3.3955E-01  3.2101E-01 -4.6150E+01  2.2763E-01  1.0649E+13 -1.7879E+13 -7.2296E+12
  1.0400E+00  2.9850E-01  3.1922E-01 -4.8641E+01 -2.1276E+00  1.1852E+13 -1.8984E+13 -7.1320E+12
  1.0440E+00  2.5520E-01  3.1501E-01 -5.1318E+01 -4.9902E+00  1.3292E+13 -2.0298E+13 -7.0055E+12
  1.0480E+00  2.0947E-01  3.0781E-01 -5.4185E+01 -8.5291E+00  1.5044E+13 -2.1881E+13 -6.8377E+12
  1.0520E+00  1.6119E-01  2.9685E-01 -5.7223E+01 -1.2993E+01  1.7216E+13 -2.3826E+13 -6.6092E+12
  1.0560E+00  1.1026E-01  2.8102E-01 -6.0353E+01 -1.8759E+01  1.9972E+13 -2.6262E+13 -6.2897E+12
  1.0600E+00  5.6800E-02  2.5873E-01 -6.3354E+01 -2.6405E+01  2.3555E+13 -2.9386E+13 -5.8313E+12
  1.0640E+00  1.4097E-03  2.2766E-01 -6.5641E+01 -3.6825E+01  2.8324E+13 -3.3488E+13 -5.1639E+12
  1.0680E+00 -5.4056E-02  1.8440E-01 -6.5730E+01 -5.1267E+01  3.4744E+13 -3.8964E+13 -4.2206E+12
  1.0720E+00 -1.0471E-01  1.2472E-01 -6.0028E+01 -7.0720E+01  4.3023E+13 -4.6164E+13 -3.1405E+12
  1.0760E+00 -1.4005E-01  4.6806E-02 -4.1879E+01 -9.2338E+01  5.1401E+13 -5.4473E+13 -3.0718E+12
  1.0800E+00 -1.4791E-01 -4.0294E-02 -9.3192E+00 -1.0322E+02  5.3706E+13 -6.0075E+13 -6.3690E+12
  1.0840E+00 -1.2984E-01 -1.2033E-01  2.1412E+01 -9.4848E+01  4.7273E+13 -5.7865E+13 -1.0592E+13
  1.0880E+00 -9.6993E-02 -1.8667E-01  3.8931E+01 -7.8612E+01  3.8478E+13 -5.0110E+13 -1.1632E+13
  1.0920E+00 -5.7560E-02 -2.4034E-01  4.6731E+01 -6.3602E+01  3.1145E+13 -4.2170E+13 -1.1025E+13
  1.0960E+00 -1.5718E-02 -2.8395E-01  4.9585E+01 -5.1683E+01  2.5649E+13 -3.5895E+13 -1.0246E+13
  1.1000E+00  2.6556E-02 -3.1976E-01  5.0097E+01 -4.2441E+01  2.1555E+13 -3.1193E+13 -9.6388E+12
  1.1040E+00  6.8322E-02 -3.4946E-01  4.9495E+01 -3.5195E+01  1.8442E+13 -2.7647E+13 -9.2047E+12
  1.1080E+00  1.0913E-01 -3.7427E-01  4.8362E+01 -2.9401E+01  1.6017E+13 -2.4913E+13 -8.8962E+12
  1.1120E+00  1.4878E-01 -3.9509E-01  4.6984E+01 -2.4672E+01  1.4081E+13 -2.2754E+13 -8.6733E+12
  1.1160E+00  1.8718E-01 -4.1259E-01  4.5504E+01 -2.0742E+01  1.2504E+13 -2.1012E+13 -8.5084E+12
  1.1200E+00  2.2430E-01 -4.2729E-01  4.3997E+01 -1.7421E+01  1.1196E+13 -1.9580E+13 -8.3836E+12
  1.1240E+00  2.6017E-01 -4.3959E-01  4.2503E+01 -1.4575E+01  1.0095E+13 -1.8382E+13 -8.2872E+12
  1.1280E+00  2.9480E-01 -4.4981E-01  4.1042E+01 -1.2106E+01  9.1550E+12 -1.7366E+13 -8.2113E+12
  1.1320E+00  3.2824E-01 -4.5819E-01  3.9623E+01 -9.9416E+00  8.3442E+12 -1.6495E+13 -8.1504E+12
  1.1360E+00  3.6051E-01 -4.6497E-01  3.8251E+01 -8.0261E+00  7.6378E+12 -1.5739E+13 -8.1009E+12
  1.1400E+00  3.9167E-01 -4.7030E-01  3.6926E+01 -6.3172E+00  7.0172E+12 -1.5077E+13 -8.0601E+12
  1.1440E+00  4.2175E-01 -4.7433E-01  3.5647E+01 -4.7816E+00  6.4679E+12 -1.4494E+13 -8.0261E+12
  1.1480E+00  4.5079E-01 -4.7720E-01  3.4413E+01 -3.3931E+00  5.9787E+12 -1.3976E+13 -7.9974E+12
  1.1520E+00  4.7882E-01 -4.7899E-01  3.3220E+01 -2.1303E+00  5.5404E+12 -1.3513E+13 -7.9729E+12
  1.1560E+00  5.0588E-01 -4.7982E-01  3.2066E+01 -9.7623E-01  5.1459E+12 -1.3098E+13 -7.9519E+12
  1.1600E+00  5.3200E-01 -4.7975E-01  3.0949E+01  8.3405E-02  4.7892E+12 -1.2723E+13 -7.9337E+12
  1.1640E+00  5.5720E-01 -4.7885E-01  2.9866E+01  1.0603E+00  4.4654E+12 -1.2383E+13 -7.9178E+12
  1.1680E+00  5.8151E-01 -4.7719E-01  2.8814E+01  1.9641E+00  4.1705E+12 -1.2074E+13 -7.9038E+12
  1.1720E+00  6.0496E-01 -4.7483E-01  2.7791E+01  2.8033E+00  3.9011E+12 -1.1793E+13 -7.8915E+12
  1.1760E+00  6.2758E-01 -4.7180E-01  2.6796E+01  3.5847E+00  3.6543E+12 -1.1535E+13 -7.8805E+12
  1.1800E+00  6.4937E-01 -4.6816E-01  2.5825E+01  4.3144E+00  3.4277E+12 -1.1298E+13 -7.8707E+12
  1.1840E+00  6.7036E-01 -4.6395E-01  2.4878E+01  4.9975E+00  3.2193E+12 -1.1081E+13 -7.8618E+12
  1.1880E+00  6.9057E-01 -4.5919E-01  2.3951E+01  5.6385E+00  3.0273E+12 -1.0881E+13 -7.8539E+12
  1.1920E+00  7.1002E-01 -4.5392E-01  2.3045E+01  6.2411E+00  2.8501E+12 -1.0697E+13 -7.8466E+12
  1.1960E+00  7.2871E-01 -4.4818E-01  2.2157E+01  6.8089E+00  2.6865E+12 -1.0527E+13 -7.8400E+12
  1.2000E+00  7.4668E-01 -4.4198E-01  2.1286E+01  7.3447E+00  2.5352E+12 -1.0369E+13 -7.8340E+12
  1.2040E+00  7.6392E-01 -4.3535E-01  2.0430E+01  7.8511E+00  2.3952E+12 -1.0224E+13 -7.8285E+12
  1.2080E+00  7.8045E-01 -4.2832E-01  1.9589E+01  8.3305E+00  2.2656E+12 -1.0089E+13 -7.8234E+12
  1.2120E+00  7.9628E-01 -4.2091E-01  1.8761E+01  8.7850E+00  2.1458E+12 -9.9644E+12 -7.8186E+12
  1.2160E+00  8.1142E-01 -4.1313E-01  1.7945E+01  9.2162E+00  2.0348E+12 -9.8491E+12 -7.8142E+12
  1.2200E+00  8.2588E-01 -4.0501E-01  1.7141E+01  9.6258E+00  1.9323E+12 -9.7424E+12 -7.8101E+12
  1.2240E+00  8.3968E-01 -3.9656E-01  1.6346E+01  1.0015E+01  1.8375E+12 -9.6438E+12 -7.8063E+12
  1.2280E+00  8.5281E-01 -3.8780E-01  1.5561E+01  1.0386E+01  1.7501E+12 -9.5528E+12 -7.8027E+12
  1.2320E+00  8.6528E-01 -3.7873E-01  1.4785E+01  1.0739E+01  1.6696E+12 -9.4689E+12 -7.7993E+12
  1.2360E+00  8.7711E-01 -3.6939E-01  1.4016E+01  1.1076E+01  1.5956E+12 -9.3917E+12 -7.7961E+12
  1.2400E+00  8.8830E-01 -3.5977E-01  1.3255E+01  1.1396E+01  1.5278E+12 -9.3209E+12 -7.7930E+12
  1.2440E+00  8.9884E-01 -3.4990E-01  1.2499E+01  1.1702E+01  1.4659E+12 -9.2560E+12 -7.7901E+12
  1.2480E+00  9.0876E-01 -3.3978E-01  1.1750E+01  1.1994E+01  1.4096E+12 -9.1969E+12 -7.7874E+12
  1.2520E+00  9.1804E-01 -3.2942E-01  1.1005E+01  1.2273E+01  1.3586E+12 -9.1433E+12 -7.7847E+12
  1.2560E+00  9.2671E-01 -3.1884E-01  1.0264E+01  1.2538E+01  1.3128E+12 -9.0950E+12 -7.7822E+12
  1.2600E+00  9.3475E-01 -3.0805E-01  9.5271E+00  1.2792E+01  1.2720E+12 -9.0517E+12 -7.7797E+12
  1.2640E+00  9.4217E-01 -2.9705E-01  8.7931E+00  1.3034E+01  1.2360E+12 -9.0133E+12 -7.7773E+12
  1.2680E+00  9.4897E-01 -2.8585E-01  8.0616E+00  1.3264E+01  1.2047E+12 -8.9797E+12 -7.7750E+12
  1.2720E+00  9.5515E-01 -2.7448E-01  7.3319E+00  1.3484E+01  1.1779E+12 -8.9506E+12 -7.7727E+12
  1.2760E+00  9.6073E-01 -2.6292E-01  6.6035E+00  1.3694E+01  1.1556E+12 -8.9261E+12 -7.7705E+12
  1.2800E+00  9.6569E-01 -2.5120E-01  5.8757E+00  1.3893E+01  1.1377E+12 -8.9060E+12 -7.7683E+12
  1.2840E+00  9.7003E-01 -2.3931E-01  5.1481E+00  1.4082E+01  1.1240E+12 -8.8902E+12 -7.7662E+12
  1.2880E+00  9.7376E-01 -2.2728E-01  4.4201E+00  1.4262E+01  1.1147E+12 -8.8787E+12 -7.7641E+12
  1.2920E+00  9.7687E-01 -2.1510E-01  3.6910E+00  1.4432E+01  1.1095E+12 -8.8715E+12 -7.7620E+12
  1.2960E+00  9.7937E-01 -2.0279E-01  2.9604E+00  1.4593E+01  1.1086E+12 -8.8684E+12 -7.7599E+12
  1.3000E+00  9.8125E-01 -1.9035E-01  2.2276E+00  1.4744E+01  1.1118E+12 -8.8696E+12 -7.7578E+12
  1.3040E+00  9.8251E-01 -1.7778E-01  1.4921E+00  1.4887E+01  1.1193E+12 -8.8749E+12 -7.7557E+12
  1.3080E+00  9.8315E-01 -1.6511E-01  7.5320E-01  1.5021E+01  1.1310E+12 -8.8845E+12 -7.7535E+12
  1.3120E+00  9.8315E-01 -1.5233E-01  1.0410E-02  1.5146E+01  1.1469E+12 -8.8983E+12 -7.7514E+12
  1.3160E+00  9.8253E-01 -1.3945E-01 -7.3694E-01  1.5261E+01  1.1673E+12 -8.9165E+12 -7.7492E+12
  1.3200E+00  9.8128E-01 -1.2648E-01 -1.4895E+00  1.5368E+01  1.1920E+12 -8.9390E+12 -7.7470E+12
  1.3240E+00  9.7938E-01 -1.1343E-01 -2.2479E+00  1.5466E+01  1.2212E+12 -8.9659E+12 -7.7447E+12
  1.3280E+00  9.7684E-01 -1.0031E-01 -3.0129E+00  1.5554E+01  1.2551E+12 -8.9975E+12 -7.7424E+12
  1.3320E+00  9.7364E-01 -8.7114E-02 -3.7851E+00  1.5634E+01  1.2937E+12 -9.0337E+12 -7.7400E+12
  1.3360E+00  9.6979E-01 -7.3863E-02 -4.5653E+00  1.5704E+01  1.3372E+12 -9.0747E+12 -7.7375E+12
  1.3400E+00  9.6527E-01 -6.0561E-02 -5.3544E+00  1.5764E+01  1.3858E+12 -9.1208E+12 -7.7350E+12
  1.3440E+00  9.6008E-01 -4.7217E-02 -6.1530E+00  1.5814E+01  1.4397E+12 -9.1720E+12 -7.7323E+12
  1.3480E+00  9.5421E-01 -3.3839E-02 -6.9622E+00  1.5854E+01  1.4990E+12 -9.2285E+12 -7.7295E+12
  1.3520E+00  9.4764E-01 -2.0436E-02 -7.7828E+00  1.5883E+01  1.5642E+12 -9.2907E+12 -7.7266E+12
  1.3560E+00  9.4037E-01 -7.0190E-03 -8.6158E+00  1.5901E+01  1.6353E+12 -9.3588E+12 -7.7235E+12
  1.3600E+00  9.3238E-01  6.4039E-03 -9.4622E+00  1.5907E+01  1.7128E+12 -9.4331E+12 -7.7203E+12
  1.3640E+00  9.2367E-01  1.9822E-02 -1.0323E+01  1.5901E+01  1.7971E+12 -9.5139E+12 -7.7169E+12
  1.3680E+00  9.1422E-01  3.3224E-02 -1.1200E+01  1.5882E+01  1.8884E+12 -9.6017E+12 -7.7133E+12
  1.3720E+00  9.0402E-01  4.6598E-02 -1.2094E+01  1.5850E+01  1.9874E+12 -9.6968E+12 -7.7094E+12
  1.3760E+00  8.9304E-01  5.9933E-02 -1.3006E+01  1.5803E+01  2.0944E+12 -9.7997E+12 -7.7053E+12
  1.3800E+00  8.8128E-01  7.3215E-02 -1.3938E+01  1.5740E+01  2.2102E+12 -9.9110E+12 -7.7009E+12
  1.3840E+00  8.6871E-01  8.6430E-02 -1.4892E+01  1.5661E+01  2.3352E+12 -1.0031E+13 -7.6961E+12
  1.3880E+00  8.5532E-01  9.9564E-02 -1.5870E+01  1.5564E+01  2.4704E+12 -1.0161E+13 -7.6910E+12
  1.3920E+00  8.4108E-01  1.1260E-01 -1.6872E+01  1.5447E+01  2.6164E+12 -1.0302E+13 -7.6854E+12
  1.3960E+00  8.2598E-01  1.2552E-01 -1.7903E+01  1.5309E+01  2.7744E+12 -1.0454E+13 -7.6793E+12
  1.4000E+00  8.0997E-01  1.3830E-01 -1.8963E+01  1.5148E+01  2.9453E+12 -1.0618E+13 -7.6727E+12
  1.4040E+00  7.9305E-01  1.5092E-01 -2.0056E+01  1.4961E+01  3.1304E+12 -1.0796E+13 -7.6654E+12
  1.4080E+00  7.7518E-01  1.6337E-01 -2.1184E+01  1.4747E+01  3.3312E+12 -1.0989E+13 -7.6573E+12
  1.4120E+00  7.5631E-01  1.7560E-01 -2.2351E+01  1.4501E+01  3.5492E+12 -1.1198E+13 -7.6485E+12
  1.4160E+00  7.3643E-01  1.8760E-01 -2.3561E+01  1.4220E+01  3.7866E+12 -1.1425E+13 -7.6386E+12
  1.4200E+00  7.1549E-01  1.9933E-01 -2.4817E+01  1.3900E+01  4.0454E+12 -1.1673E+13 -7.6275E+12
  1.4240E+00  6.9345E-01  2.1075E-01 -2.6124E+01  1.3536E+01  4.3284E+12 -1.1943E+13 -7.6150E+12
  1.4280E+00  6.7025E-01  2.2183E-01 -2.7487E+01  1.3121E+01  4.6386E+12 -1.2240E+13 -7.6010E+12
  1.4320E+00  6.4585E-01  2.3250E-01 -2.8913E+01  1.2649E+01  4.9799E+12 -1.2565E+13 -7.5849E+12
  1.4360E+00  6.2020E-01  2.4272E-01 -3.0408E+01  1.2111E+01  5.3566E+12 -1.2923E+13 -7.5666E+12
  1.4400E+00  5.9321E-01  2.5242E-01 -3.1980E+01  1.1496E+01  5.7743E+12 -1.3320E+13 -7.5454E+12
  1.4440E+00  5.6483E-01  2.6153E-01 -3.3637E+01  1.0791E+01  6.2394E+12 -1.3760E+13 -7.5207E+12
  1.4480E+00  5.3496E-01  2.6995E-01 -3.5390E+01  9.9792E+00  6.7602E+12 -1.4252E+13 -7.4917E+12
  1.4520E+00  5.0353E-01  2.7758E-01 -3.7251E+01  9.0400E+00  7.3469E+12 -1.4804E+13 -7.4572E+12
  1.4560E+00  4.7042E-01  2.8428E-01 -3.9234E+01  7.9469E+00  8.0124E+12 -1.5428E+13 -7.4160E+12
  1.4600E+00  4.3552E-01  2.8991E-01 -4.1355E+01  6.6654E+00  8.7733E+12 -1.6139E+13 -7.3659E+12
  1.4640E+00  3.9871E-01  2.9425E-01 -4.3631E+01  5.1501E+00  9.6511E+12 -1.6955E+13 -7.3043E+12
  1.4680E+00  3.5982E-01  2.9707E-01 -4.6084E+01  3.3399E+00  1.0675E+13 -1.7902E+13 -7.2272E+12
  1.4720E+00  3.1869E-01  2.9804E-01 -4.8735E+01  1.1510E+00  1.1882E+13 -1.9011E+13 -7.1291E+12
  1.4760E+00  2.7515E-01  2.9675E-01 -5.1607E+01 -1.5345E+00  1.3328E+13 -2.0330E+13 -7.0018E+12
  1.4800E+00  2.2898E-01  2.9262E-01 -5.4715E+01 -4.8863E+00  1.5088E+13 -2.1921E+13 -6.8328E+12
  1.4840E+00  1.7999E-01  2.8490E-01 -5.8056E+01 -9.1564E+00  1.7272E+13 -2.3874E+13 -6.6027E+12
  1.4880E+00  1.2803E-01  2.7247E-01 -6.1577E+01 -1.4729E+01  2.0043E+13 -2.6324E+13 -6.2807E+12
  1.4920E+00  7.3102E-02  2.5373E-01 -6.5089E+01 -2.2204E+01  2.3648E+13 -2.9467E+13 -5.8184E+12
  1.4960E+00  1.5670E-02  2.2629E-01 -6.8061E+01 -3.2521E+01  2.8450E+13 -3.3595E+13 -5.1453E+12
  1.5000E+00 -4.2611E-02  1.8660E-01 -6.9066E+01 -4.7035E+01  3.4912E+13 -3.9108E+13 -4.1956E+12
  1.5040E+00 -9.7053E-02  1.3010E-01 -6.4518E+01 -6.6954E+01  4.3227E+13 -4.6346E+13 -3.1193E+12
  1.5080E+00 -1.3716E-01  5.4385E-02 -4.7529E+01 -8.9728E+01  5.1551E+13 -5.4653E+13 -3.1018E+12
  1.5120E+00 -1.5029E-01 -3.2025E-02 -1.5566E+01 -1.0240E+02  5.3642E+13 -6.0122E+13 -6.4793E+12
  1.5160E+00 -1.3727E-01 -1.1286E-01  1.5438E+01 -9.5796E+01  4.7076E+13 -5.7727E+13 -1.0651E+13
  1.5200E+00 -1.0879E-01 -1.8099E-01  3.3747E+01 -8.0742E+01  3.8291E+13 -4.9918E+13 -1.1628E+13
  1.5240E+00 -7.3017E-02 -2.3699E-01  4.2395E+01 -6.6355E+01  3.1001E+13 -4.2007E+13 -1.1006E+13
  1.5280E+00 -3.4218E-02 -2.8316E-01  4.5979E+01 -5.4722E+01  2.5543E+13 -3.5772E+13 -1.0230E+13
  1.5320E+00  5.5116E-03 -3.2163E-01  4.7083E+01 -4.5587E+01  2.1475E+13 -3.1102E+13 -9.6268E+12
  1.5360E+00  4.5137E-02 -3.5399E-01  4.6959E+01 -3.8354E+01  1.8381E+13 -2.7577E+13 -9.1961E+12
  1.5400E+00  8.4135E-02 -3.8144E-01  4.6215E+01 -3.2523E+01  1.5968E+13 -2.4858E+13 -8.8900E+12
  1.5440E+00  1.2224E-01 -4.0484E-01  4.5159E+01 -2.7732E+01  1.4042E+13 -2.2710E+13 -8.6685E+12
  1.5480E+00  1.5933E-01 -4.2486E-01  4.3949E+01 -2.3725E+01  1.2472E+13 -2.0977E+13 -8.5047E+12
  1.5520E+00  1.9534E-01 -4.4201E-01  4.2672E+01 -2.0321E+01  1.1169E+13 -1.9550E+13 -8.3807E+12
  1.5560E+00  2.3025E-01 -4.5668E-01  4.1376E+01 -1.7389E+01  1.0072E+13 -1.8357E+13 -8.2849E+12
  1.5600E+00  2.6408E-01 -4.6920E-01  4.0088E+01 -1.4834E+01  9.1355E+12 -1.7345E+13 -8.2093E+12
  1.5640E+00  2.9684E-01 -4.7982E-01  3.8822E+01 -1.2584E+01  8.3273E+12 -1.6476E+13 -8.1488E+12
  1.5680E+00  3.2855E-01 -4.8875E-01  3.7584E+01 -1.0584E+01  7.6230E+12 -1.5723E+13 -8.0995E+12
  1.5719E+00  3.5925E-01 -4.9617E-01  3.6380E+01 -8.7926E+00  7.0042E+12 -1.5063E+13 -8.0589E+12
  1.5759E+00  3.8896E-01 -5.0222E-01  3.5210E+01 -7.1768E+00  6.4564E+12 -1.4481E+13 -8.0250E+12
  1.5799E+00  4.1772E-01 -5.0704E-01  3.4075E+01 -5.7102E+00  5.9684E+12 -1.3965E+13 -7.9964E+12
  1.5839E+00  4.4554E-01 -5.1073E-01  3.2972E+01 -4.3715E+00  5.5312E+12 -1.3503E+13 -7.9720E+12
  1.5879E+00  4.7246E-01 -5.1338E-01  3.1900E+01 -3.1435E+00  5.1376E+12 -1.3089E+13 -7.9510E+12
  1.5919E+00  4.9850E-01 -5.1508E-01  3.0859E+01 -2.0119E+00  4.7817E+12 -1.2715E+13 -7.9329E+12
  1.5959E+00  5.2368E-01 -5.1590E-01  2.9846E+01 -9.6505E-01  4.4585E+12 -1.2376E+13 -7.9170E+12
  1.5999E+00  5.4803E-01 -5.1589E-01  2.8859E+01  7.0773E-03  4.1642E+12 -1.2067E+13 -7.9031E+12
  1.6039E+00  5.7157E-01 -5.1512E-01  2.7897E+01  9.1281E-01  3.8954E+12 -1.1786E+13 -7.8908E+12
  1.6079E+00  5.9432E-01 -5.1363E-01  2.6958E+01  1.7593E+00  3.6491E+12 -1.1529E+13 -7.8798E+12
  1.6119E+00  6.1630E-01 -5.1148E-01  2.6040E+01  2.5525E+00  3.4229E+12 -1.1293E+13 -7.8700E+12
  1.6159E+00  6.3751E-01 -5.0870E-01  2.5142E+01  3.2978E+00  3.2149E+12 -1.1076E+13 -7.8612E+12
  1.6199E+00  6.5798E-01 -5.0532E-01  2.4262E+01  3.9997E+00  3.0233E+12 -1.0877E+13 -7.8533E+12
  1.6239E+00  6.7773E-01 -5.0139E-01  2.3400E+01  4.6621E+00  2.8464E+12 -1.0692E+13 -7.8461E+12
  1.6279E+00  6.9676E-01 -4.9693E-01  2.2553E+01  5.2885E+00  2.6830E+12 -1.0523E+13 -7.8395E+12
  1.6319E+00  7.1509E-01 -4.9196E-01  2.1721E+01  5.8819E+00  2.5320E+12 -1.0365E+13 -7.8335E+12
  1.6359E+00  7.3273E-01 -4.8652E-01  2.0902E+01  6.4451E+00  2.3922E+12 -1.0220E+13 -7.8279E+12
  1.6399E+00  7.4969E-01 -4.8063E-01  2.0096E+01  6.9803E+00  2.2629E+12 -1.0086E+13 -7.8228E+12
  1.6439E+00  7.6597E-01 -4.7431E-01  1.9302E+01  7.4898E+00  2.1432E+12 -9.9614E+12 -7.8181E+12
  1.6479E+00  7.8160E-01 -4.6758E-01  1.8518E+01  7.9753E+00  2.0325E+12 -9.8462E+12 -7.8137E+12
  1.6519E+00  7.9657E-01 -4.6046E-01  1.7743E+01  8.4386E+00  1.9301E+12 -9.7398E+12 -7.8096E+12
  1.6559E+00  8.1090E-01 -4.5297E-01  1.6978E+01  8.8811E+00  1.8356E+12 -9.6414E+12 -7.8058E+12
  1.6599E+00  8.2458E-01 -4.4512E-01  1.6220E+01  9.3042E+00  1.7483E+12 -9.5505E+12 -7.8022E+12
  1.6639E+00  8.3764E-01 -4.3692E-01  1.5470E+01  9.7092E+00  1.6679E+12 -9.4668E+12 -7.7988E+12
  1.6679E+00  8.5006E-01 -4.2840E-01  1.4726E+01  1.0097E+01  1.5941E+12 -9.3897E+12 -7.7956E+12
  1.6719E+00  8.6187E-01 -4.1957E-01  1.3989E+01  1.0469E+01  1.5264E+12 -9.3190E+12 -7.7926E+12
  1.6759E+00  8.7305E-01 -4.1044E-01  1.3256E+01  1.0825E+01  1.4646E+12 -9.2543E+12 -7.7897E+12
  1.6799E+00  8.8363E-01 -4.0101E-01  1.2528E+01  1.1168E+01  1.4084E+12 -9.1953E+12 -7.7869E+12
  1.6839E+00  8.9359E-01 -3.9131E-01  1.1804E+01  1.1496E+01  1.3575E+12 -9.1418E+12 -7.7843E+12
  1.6879E+00  9.0294E-01 -3.8134E-01  1.1084E+01  1.1812E+01  1.3118E+12 -9.0935E+12 -7.7817E+12
  1.6919E+00  9.1169E-01 -3.7112E-01  1.0366E+01  1.2115E+01  1.2711E+12 -9.0504E+12 -7.7792E+12
  1.6959E+00  9.1983E-01 -3.6065E-01  9.6505E+00  1.2406E+01  1.2352E+12 -9.0121E+12 -7.7769E+12
  1.6999E+00  9.2737E-01 -3.4995E-01  8.9366E+00  1.2686E+01  1.2040E+12 -8.9785E+12 -7.7745E+12
  1.7039E+00  9.3431E-01 -3.3902E-01  8.2237E+00  1.2955E+01  1.1773E+12 -8.9496E+12 -7.7723E+12
  1.7079E+00  9.4065E-01 -3.2787E-01  7.5114E+00  1.3213E+01  1.1551E+12 -8.9251E+12 -7.7701E+12
  1.7119E+00  9.4639E-01 -3.1651E-01  6.7991E+00  1.3462E+01  1.1372E+12 -8.9051E+12 -7.7679E+12
  1.7159E+00  9.5152E-01 -3.0495E-01  6.0862E+00  1.3700E+01  1.1237E+12 -8.8894E+12 -7.7657E+12
  1.7199E+00  9.5606E-01 -2.9319E-01  5.3722E+00  1.3929E+01  1.1144E+12 -8.8780E+12 -7.7636E+12
  1.7239E+00  9.5999E-01 -2.8125E-01  4.6566E+00  1.4148E+01  1.1093E+12 -8.8708E+12 -7.7615E+12
  1.7279E+00  9.6331E-01 -2.6914E-01  3.9387E+00  1.4359E+01  1.1084E+12 -8.8679E+12 -7.7594E+12
  1.7319E+00  9.6602E-01 -2.5685E-01  3.2181E+00  1.4560E+01  1.1118E+12 -8.8691E+12 -7.7573E+12
  1.7359E+00  9.6813E-01 -2.4440E-01  2.4940E+00  1.4753E+01  1.1193E+12 -8.8745E+12 -7.7552E+12
  1.7399E+00  9.6962E-01 -2.3180E-01  1.7661E+00  1.4936E+01  1.1311E+12 -8.8842E+12 -7.7531E+12
  1.7439E+00  9.7049E-01 -2.1905E-01  1.0336E+00  1.5111E+01  1.1471E+12 -8.8981E+12 -7.7509E+12
  1.7479E+00  9.7074E-01 -2.0615E-01  2.9588E-01  1.5278E+01  1.1675E+12 -8.9163E+12 -7.7488E+12
  1.7519E+00  9.7036E-01 -1.9313E-01 -4.4761E-01  1.5436E+01  1.1923E+12 -8.9389E+12 -7.7465E+12
  1.7559E+00  9.6935E-01 -1.7998E-01 -1.1976E+00  1.5585E+01  1.2217E+12 -8.9659E+12 -7.7443E+12
  1.7599E+00  9.6770E-01 -1.6671E-01 -1.9547E+00  1.5726E+01  1.2556E+12 -8.9975E+12 -7.7419E+12
  1.7639E+00  9.6541E-01 -1.5333E-01 -2.7198E+00  1.5858E+01  1.2943E+12 -9.0338E+12 -7.7395E+12
  1.7679E+00  9.6246E-01 -1.3984E-01 -3.4935E+00  1.5980E+01  1.3379E+12 -9.0750E+12 -7.7371E+12
  1.7719E+00  9.5885E-01 -1.2626E-01 -4.2766E+00  1.6094E+01  1.3866E+12 -9.1211E+12 -7.7345E+12
  1.7759E+00  9.5457E-01 -1.1259E-01 -5.0701E+00  1.6199E+01  1.4405E+12 -9.1724E+12 -7.7318E+12
  1.7799E+00  9.4962E-01 -9.8843E-02 -5.8747E+00  1.6294E+01  1.5000E+12 -9.2290E+12 -7.7291E+12
  1.7839E+00  9.4397E-01 -8.5022E-02 -6.6915E+00  1.6379E+01  1.5652E+12 -9.2913E+12 -7.7261E+12
  1.7879E+00  9.3762E-01 -7.1138E-02 -7.5214E+00  1.6453E+01  1.6364E+12 -9.3595E+12 -7.7231E+12
  1.7919E+00  9.3056E-01 -5.7200E-02 -8.3656E+00  1.6517E+01  1.7140E+12 -9.4339E+12 -7.7199E+12
  1.7959E+00  9.2278E-01 -4.3218E-02 -9.2252E+00  1.6570E+01  1.7984E+12 -9.5148E+12 -7.7164E+12
  1.7999E+00  9.1426E-01 -2.9200E-02 -1.0101E+01  1.6611E+01  1.8899E+12 -9.6027E+12 -7.7128E+12
  1.8039E+00  9.0498E-01 -1.5159E-02 -1.0996E+01  1.6640E+01  1.9889E+12 -9.6979E+12 -7.7089E+12
  1.8079E+00  8.9493E-01 -1.1050E-03 -1.1909E+01  1.6655E+01  2.0961E+12 -9.8009E+12 -7.7048E+12
  1.8119E+00  8.8409E-01  1.2950E-02 -1.2844E+01  1.6656E+01  2.2120E+12 -9.9124E+12 -7.7004E+12
  1.8159E+00  8.7244E-01  2.6994E-02 -1.3801E+01  1.6642E+01  2.3372E+12 -1.0033E+13 -7.6956E+12
  1.8199E+00  8.5997E-01  4.1011E-02 -1.4783E+01  1.6612E+01  2.4725E+12 -1.0163E+13 -7.6905E+12
  1.8239E+00  8.4664E-01  5.4988E-02 -1.5792E+01  1.6564E+01  2.6187E+12 -1.0304E+13 -7.6849E+12
  1.8279E+00  8.3244E-01  6.8908E-02 -1.6830E+01  1.6496E+01  2.7768E+12 -1.0456E+13 -7.6788E+12
  1.8319E+00  8.1734E-01  8.2754E-02 -1.7899E+01  1.6408E+01  2.9479E+12 -1.0620E+13 -7.6722E+12
  1.8359E+00  8.0130E-01  9.6505E-02 -1.9002E+01  1.6296E+01  3.1333E+12 -1.0798E+13 -7.6649E+12
  1.8399E+00  7.8431E-01  1.1014E-01 -2.0143E+01  1.6159E+01  3.3343E+12 -1.0991E+13 -7.6568E+12
  1.8439E+00  7.6631E-01  1.2364E-01 -2.1325E+01  1.5993E+01  3.5526E+12 -1.1201E+13 -7.6479E+12
  1.8479E+00  7.4728E-01  1.3696E-01 -2.2552E+01  1.5795E+01  3.7903E+12 -1.1428E+13 -7.6380E+12
  1.8519E+00  7.2717E-01  1.5010E-01 -2.3827E+01  1.5561E+01  4.0494E+12 -1.1676E+13 -7.6269E+12
  1.8559E+00  7.0595E-01  1.6299E-01 -2.5157E+01  1.5287E+01  4.3328E+12 -1.1947E+13 -7.6145E+12
  1.8599E+00  6.8355E-01  1.7562E-01 -2.6546E+01  1.4966E+01  4.6434E+12 -1.2244E+13 -7.6003E+12
  1.8639E+00  6.5992E-01  1.8794E-01 -2.8002E+01  1.4592E+01  4.9852E+12 -1.2569E+13 -7.5843E+12
  1.8679E+00  6.3500E-01  1.9988E-01 -2.9531E+01  1.4156E+01  5.3625E+12 -1.2928E+13 -7.5659E+12
  1.8719E+00  6.0872E-01  2.1140E-01 -3.1142E+01  1.3649E+01  5.7807E+12 -1.3325E+13 -7.5446E+12
  1.8759E+00  5.8100E-01  2.2242E-01 -3.2845E+01  1.3058E+01  6.2466E+12 -1.3766E+13 -7.5199E+12
  1.8799E+00  5.5176E-01  2.3285E-01 -3.4652E+01  1.2366E+01  6.7683E+12 -1.4259E+13 -7.4908E+12
  1.8839E+00  5.2090E-01  2.4260E-01 -3.6574E+01  1.1555E+01  7.3560E+12 -1.4812E+13 -7.4563E+12
  1.8879E+00  4.8830E-01  2.5155E-01 -3.8629E+01  1.0598E+01  8.0227E+12 -1.5438E+13 -7.4149E+12
  1.8919E+00  4.5384E-01  2.5953E-01 -4.0835E+01  9.4615E+00  8.7851E+12 -1.6150E+13 -7.3647E+12
  1.8959E+00  4.1738E-01  2.6637E-01 -4.3212E+01  8.1020E+00  9.6648E+12 -1.6968E+13 -7.3029E+12
  1.8999E+00  3.7874E-01  2.7182E-01 -4.5786E+01  6.4594E+00  1.0691E+13 -1.7916E+13 -7.2255E+12
  1.9039E+00  3.3775E-01  2.7557E-01 -4.8584E+01  4.4512E+00  1.1901E+13 -1.9028E+13 -7.1271E+12
  1.9079E+00  2.9417E-01  2.7723E-01 -5.1637E+01  1.9607E+00  1.3351E+13 -2.0350E+13 -6.9994E+12
  1.9119E+00  2.4779E-01  2.7623E-01 -5.4971E+01 -1.1813E+00  1.5116E+13 -2.1946E+13 -6.8296E+12
  1.9159E+00  1.9834E-01  2.7182E-01 -5.8601E+01 -5.2278E+00  1.7307E+13 -2.3905E+13 -6.5984E+12
  1.9199E+00  1.4560E-01  2.6290E-01 -6.2498E+01 -1.0568E+01  2.0088E+13 -2.6363E+13 -6.2748E+12
  1.9239E+00  8.9475E-02  2.4787E-01 -6.6513E+01 -1.7819E+01  2.3708E+13 -2.9518E+13 -5.8101E+12
  1.9279E+00  3.0260E-02  2.2427E-01 -7.0173E+01 -2.7958E+01  2.8529E+13 -3.3663E+13 -5.1333E+12
  1.9319E+00 -3.0603E-02  1.8846E-01 -7.2127E+01 -4.2443E+01  3.5019E+13 -3.9198E+13 -4.1797E+12
  1.9359E+00 -8.8689E-02  1.3554E-01 -6.8836E+01 -6.2712E+01  4.3356E+13 -4.6462E+13 -3.1060E+12
  1.9399E+00 -1.3359E-01  6.2478E-02 -5.3215E+01 -8.6585E+01  5.1644E+13 -5.4765E+13 -3.1214E+12
  1.9439E+00 -1.5219E-01 -2.2888E-02 -2.2040E+01 -1.0116E+02  5.3600E+13 -6.0149E+13 -6.5489E+12
  1.9479E+00 -1.4442E-01 -1.0429E-01  9.2108E+00 -9.6465E+01  4.6951E+13 -5.7639E+13 -1.0688E+13
  1.9519E+00 -1.2051E-01 -1.7404E-01  2.8335E+01 -8.2655E+01  3.8173E+13 -4.9798E+13 -1.1624E+13
  1.9559E+00 -8.8575E-02 -2.3219E-01  3.7845E+01 -6.8921E+01  3.0912E+13 -4.1906E+13 -1.0994E+13
  1.9599E+00 -5.2996E-02 -2.8080E-01  4.2165E+01 -5.7597E+01  2.5476E+13 -3.5696E+13 -1.0219E+13
  1.9639E+00 -1.5981E-02 -3.2180E-01  4.3865E+01 -4.8588E+01  2.1425E+13 -3.1044E+13 -9.6191E+12
  1.9679E+00  2.1335E-02 -3.5672E-01  4.4222E+01 -4.1386E+01  1.8342E+13 -2.7533E+13 -9.1906E+12
  1.9719E+00  5.8357E-02 -3.8670E-01  4.3872E+01 -3.5535E+01  1.5938E+13 -2.4824E+13 -8.8859E+12
  1.9759E+00  9.4761E-02 -4.1261E-01  4.3142E+01 -3.0696E+01  1.4017E+13 -2.2683E+13 -8.6655E+12
  1.9799E+00  1.3038E-01 -4.3507E-01  4.2207E+01 -2.6625E+01  1.2452E+13 -2.0954E+13 -8.5023E+12
  1.9839E+00  1.6511E-01 -4.5461E-01  4.1166E+01 -2.3149E+01  1.1152E+13 -1.9531E+13 -8.3788E+12
  1.9879E+00  1.9893E-01 -4.7160E-01  4.0073E+01 -2.0141E+01  1.0058E+13 -1.8341E+13 -8.2833E+12
  1.9919E+00  2.3181E-01 -4.8638E-01  3.8963E+01 -1.7509E+01  9.1233E+12 -1.7331E+13 -8.2080E+12
  1.9959E+00  2.6375E-01 -4.9919E-01  3.7853E+01 -1.5181E+01  8.3167E+12 -1.6464E+13 -8.1476E+12
  1.9999E+00  2.9477E-01 -5.1025E-01  3.6756E+01 -1.3105E+01  7.6138E+12 -1.5712E+13 -8.0985E+12
  2.0039E+00  3.2487E-01 -5.1973E-01  3.5678E+01 -1.1238E+01  6.9960E+12 -1.5054E+13 -8.0580E+12
  2.0079E+00  3.5409E-01 -5.2779E-01  3.4622E+01 -9.5483E+00  6.4492E+12 -1.4473E+13 -8.0241E+12
  2.0119E+00  3.8243E-01 -5.3454E-01  3.3589E+01 -8.0094E+00  5.9620E+12 -1.3958E+13 -7.9956E+12
  2.0159E+00  4.0992E-01 -5.4011E-01  3.2581E+01 -6.6001E+00  5.5254E+12 -1.3497E+13 -7.9713E+12
  2.0199E+00  4.3659E-01 -5.4459E-01  3.1597E+01 -5.3032E+00  5.1324E+12 -1.3083E+13 -7.9504E+12
  2.0239E+00  4.6244E-01 -5.4805E-01  3.0636E+01 -4.1044E+00  4.7770E+12 -1.2709E+13 -7.9322E+12
  2.0279E+00  4.8750E-01 -5.5058E-01  2.9697E+01 -2.9918E+00  4.4543E+12 -1.2371E+13 -7.9164E+12
  2.0319E+00  5.1178E-01 -5.5223E-01  2.8779E+01 -1.9554E+00  4.1604E+12 -1.2063E+13 -7.9025E+12
  2.0359E+00  5.3531E-01 -5.5306E-01  2.7882E+01 -9.8692E-01  3.8918E+12 -1.1782E+13 -7.8902E+12
  2.0399E+00  5.5810E-01 -5.5313E-01  2.7003E+01 -7.9025E-02  3.6458E+12 -1.1525E+13 -7.8793E+12
  2.0439E+00  5.8016E-01 -5.5247E-01  2.6142E+01  7.7442E-01  3.4200E+12 -1.1290E+13 -7.8695E+12
  2.0479E+00  6.0150E-01 -5.5114E-01  2.5297E+01  1.5787E+00  3.2122E+12 -1.1073E+13 -7.8607E+12
  2.0519E+00  6.2215E-01 -5.4917E-01  2.4468E+01  2.3385E+00  3.0208E+12 -1.0874E+13 -7.8528E+12
  2.0559E+00  6.4211E-01 -5.4659E-01  2.3653E+01  3.0579E+00  2.8441E+12 -1.0690E+13 -7.8456E+12
  2.0599E+00  6.6139E-01 -5.4343E-01  2.2851E+01  3.7402E+00  2.6809E+12 -1.0520E+13 -7.8390E+12
  2.0639E+00  6.8001E-01 -5.3973E-01  2.2062E+01  4.3888E+00  2.5300E+12 -1.0363E+13 -7.8330E+12
  2.0679E+00  6.9797E-01 -5.3550E-01  2.1284E+01  5.0062E+00  2.3904E+12 -1.0218E+13 -7.8275E+12
  2.0719E+00  7.1528E-01 -5.3078E-01  2.0517E+01  5.5950E+00  2.2612E+12 -1.0084E+13 -7.8224E+12
  2.0759E+00  7.3195E-01 -5.2559E-01  1.9759E+01  6.1572E+00  2.1417E+12 -9.9594E+12 -7.8177E+12
  2.0799E+00  7.4800E-01 -5.1994E-01  1.9010E+01  6.6949E+00  2.0311E+12 -9.8444E+12 -7.8133E+12
  2.0839E+00  7.6341E-01 -5.1385E-01  1.8270E+01  7.2098E+00  1.9288E+12 -9.7380E+12 -7.8092E+12
  2.0879E+00  7.7821E-01 -5.0735E-01  1.7536E+01  7.7033E+00  1.8343E+12 -9.6397E+12 -7.8054E+12
  2.0919E+00  7.9240E-01 -5.0045E-01  1.6810E+01  8.1770E+00  1.7472E+12 -9.5489E+12 -7.8018E+12
  2.0959E+00  8.0597E-01 -4.9317E-01  1.6089E+01  8.6321E+00  1.6669E+12 -9.4653E+12 -7.7984E+12
  2.0999E+00  8.1895E-01 -4.8552E-01  1.5374E+01  9.0697E+00  1.5931E+12 -9.3883E+12 -7.7952E+12
  2.1039E+00  8.3132E-01 -4.7751E-01  1.4664E+01  9.4909E+00  1.5255E+12 -9.3176E+12 -7.7921E+12
  2.1079E+00  8.4310E-01 -4.6916E-01  1.3957E+01  9.8965E+00  1.4638E+12 -9.2530E+12 -7.7892E+12
  2.1119E+00  8.5428E-01 -4.6047E-01  1.3255E+01  1.0288E+01  1.4076E+12 -9.1941E+12 -7.7865E+12
  2.1159E+00  8.6488E-01 -4.5148E-01  1.2555E+01  1.0665E+01  1.3568E+12 -9.1407E+12 -7.7838E+12
  2.1199E+00  8.7488E-01 -4.4217E-01  1.1858E+01  1.1029E+01  1.3112E+12 -9.0925E+12 -7.7813E+12
  2.1239E+00  8.8430E-01 -4.3257E-01  1.1163E+01  1.1380E+01  1.2706E+12 -9.0494E+12 -7.7788E+12
  2.1279E+00  8.9314E-01 -4.2268E-01  1.0469E+01  1.1719E+01  1.2347E+12 -9.0111E+12 -7.7764E+12
  2.1319E+00  9.0139E-01 -4.1251E-01  9.7760E+00  1.2047E+01  1.2035E+12 -8.9777E+12 -7.7741E+12
  2.1359E+00  9.0905E-01 -4.0208E-01  9.0833E+00  1.2364E+01  1.1769E+12 -8.9488E+12 -7.7719E+12
  2.1399E+00  9.1613E-01 -3.9139E-01  8.3904E+00  1.2671E+01  1.1547E+12 -8.9244E+12 -7.7696E+12
  2.1439E+00  9.2263E-01 -3.8044E-01  7.6969E+00  1.2967E+01  1.1369E+12 -8.9044E+12 -7.7675E+12
  2.1479E+00  9.2853E-01 -3.6926E-01  7.0020E+00  1.3254E+01  1.1234E+12 -8.8888E+12 -7.7653E+12
  2.1519E+00  9.3385E-01 -3.5784E-01  6.3054E+00  1.3531E+01  1.1142E+12 -8.8774E+12 -7.7632E+12
  2.1559E+00  9.3859E-01 -3.4620E-01  5.6065E+00  1.3798E+01  1.1091E+12 -8.8703E+12 -7.7611E+12
  2.1599E+00  9.4272E-01 -3.3434E-01  4.9048E+00  1.4057E+01  1.1083E+12 -8.8673E+12 -7.7590E+12
  2.1639E+00  9.4627E-01 -3.2226E-01  4.1997E+00  1.4307E+01  1.1117E+12 -8.8686E+12 -7.7569E+12
  2.1679E+00  9.4921E-01 -3.0999E-01  3.4906E+00  1.4549E+01  1.1193E+12 -8.8741E+12 -7.7548E+12
  2.1719E+00  9.5156E-01 -2.9751E-01  2.7769E+00  1.4782E+01  1.1311E+12 -8.8837E+12 -7.7527E+12
  2.1759E+00  9.5329E-01 -2.8485E-01  2.0581E+00  1.5007E+01  1.1472E+12 -8.8977E+12 -7.7505E+12
  2.1799E+00  9.5442E-01 -2.7200E-01  1.3336E+00  1.5223E+01  1.1676E+12 -8.9160E+12 -7.7483E+12
  2.1839E+00  9.5493E-01 -2.5898E-01  6.0269E-01  1.5431E+01  1.1925E+12 -8.9386E+12 -7.7461E+12
  2.1879E+00  9.5481E-01 -2.4579E-01 -1.3529E-01  1.5632E+01  1.2218E+12 -8.9657E+12 -7.7439E+12
  2.1919E+00  9.5407E-01 -2.3244E-01 -8.8103E-01  1.5824E+01  1.2558E+12 -8.9973E+12 -7.7415E+12
  2.1959E+00  9.5269E-01 -2.1893E-01 -1.6353E+00  1.6007E+01  1.2945E+12 -9.0337E+12 -7.7391E+12
  2.1999E+00  9.5067E-01 -2.0528E-01 -2.3987E+00  1.6183E+01  1.3382E+12 -9.0748E+12 -7.7367E+12
  2.2039E+00  9.4799E-01 -1.9148E-01 -3.1723E+00  1.6350E+01  1.3869E+12 -9.1210E+12 -7.7341E+12
  2.2079E+00  9.4465E-01 -1.7755E-01 -3.9567E+00  1.6508E+01  1.4409E+12 -9.1723E+12 -7.7314E+12
  2.2119E+00  9.4064E-01 -1.6349E-01 -4.7530E+00  1.6658E+01  1.5004E+12 -9.2290E+12 -7.7286E+12
  2.2159E+00  9.3595E-01 -1.4932E-01 -5.5621E+00  1.6799E+01  1.5656E+12 -9.2914E+12 -7.7257E+12
  2.2199E+00  9.3056E-01 -1.3503E-01 -6.3850E+00  1.6930E+01  1.6369E+12 -9.3596E+12 -7.7227E+12
  2.2239E+00  9.2446E-01 -1.2064E-01 -7.2228E+00  1.7051E+01  1.7146E+12 -9.4340E+12 -7.7194E+12
  2.2279E+00  9.1765E-01 -1.0616E-01 -8.0768E+00  1.7163E+01  1.7990E+12 -9.5150E+12 -7.7160E+12
  2.2319E+00  9.1010E-01 -9.1594E-02 -8.9482E+00  1.7264E+01  1.8905E+12 -9.6029E+12 -7.7124E+12
  2.2359E+00  9.0180E-01 -7.6951E-02 -9.8383E+00  1.7353E+01  1.9896E+12 -9.6982E+12 -7.7085E+12
  2.2399E+00  8.9273E-01 -6.2242E-02 -1.0749E+01  1.7431E+01  2.0969E+12 -9.8013E+12 -7.7044E+12
  2.2439E+00  8.8287E-01 -4.7478E-02 -1.1681E+01  1.7496E+01  2.2128E+12 -9.9128E+12 -7.7000E+12
  2.2479E+00  8.7220E-01 -3.2671E-02 -1.2637E+01  1.7547E+01  2.3381E+12 -1.0033E+13 -7.6952E+12
  2.2519E+00  8.6071E-01 -1.7833E-02 -1.3619E+01  1.7584E+01  2.4734E+12 -1.0163E+13 -7.6900E+12
  2.2559E+00  8.4837E-01 -2.9775E-03 -1.4629E+01  1.7605E+01  2.6198E+12 -1.0304E+13 -7.6845E+12
  2.2599E+00  8.3514E-01  1.1881E-02 -1.5669E+01  1.7609E+01  2.7780E+12 -1.0456E+13 -7.6784E+12
  2.2639E+00  8.2102E-01  2.6727E-02 -1.6742E+01  1.7593E+01  2.9491E+12 -1.0621E+13 -7.6717E+12
  2.2679E+00  8.0595E-01  4.1543E-02 -1.7851E+01  1.7557E+01  3.1346E+12 -1.0799E+13 -7.6644E+12
  2.2719E+00  7.8992E-01  5.6308E-02 -1.8999E+01  1.7498E+01  3.3357E+12 -1.0992E+13 -7.6564E+12
  2.2759E+00  7.7289E-01  7.1002E-02 -2.0189E+01  1.7413E+01  3.5541E+12 -1.1202E+13 -7.6475E+12
  2.2799E+00  7.5481E-01  8.5600E-02 -2.1427E+01  1.7300E+01  3.7919E+12 -1.1429E+13 -7.6375E+12
  2.2839E+00  7.3564E-01  1.0007E-01 -2.2716E+01  1.7153E+01  4.0512E+12 -1.1678E+13 -7.6265E+12
  2.2879E+00  7.1533E-01  1.1440E-01 -2.4061E+01  1.6970E+01  4.3347E+12 -1.1949E+13 -7.6140E+12
  2.2919E+00  6.9384E-01  1.2853E-01 -2.5470E+01  1.6745E+01  4.6456E+12 -1.2245E+13 -7.5999E+12
  2.2959E+00  6.7110E-01  1.4242E-01 -2.6948E+01  1.6471E+01  4.9875E+12 -1.2571E+13 -7.5838E+12
  2.2999E+00  6.4705E-01  1.5604E-01 -2.8504E+01  1.6141E+01  5.3650E+12 -1.2930E+13 -7.5654E+12
  2.3039E+00  6.2161E-01  1.6933E-01 -3.0146E+01  1.5745E+01  5.7835E+12 -1.3328E+13 -7.5441E+12
  2.3079E+00  5.9470E-01  1.8222E-01 -3.1886E+01  1.5271E+01  6.2497E+12 -1.3769E+13 -7.5193E+12
  2.3119E+00  5.6624E-01  1.9463E-01 -3.3736E+01  1.4704E+01  6.7718E+12 -1.4262E+13 -7.4902E+12
  2.3159E+00  5.3610E-01  2.0646E-01 -3.5711E+01  1.4025E+01  7.3599E+12 -1.4816E+13 -7.4557E+12
  2.3199E+00  5.0418E-01  2.1761E-01 -3.7828E+01  1.3210E+01  8.0272E+12 -1.5441E+13 -7.4143E+12
  2.3239E+00  4.7034E-01  2.2792E-01 -4.0107E+01  1.2227E+01  8.7902E+12 -1.6154E+13 -7.3640E+12
  2.3279E+00  4.3441E-01  2.3723E-01 -4.2573E+01  1.1032E+01  9.6706E+12 -1.6973E+13 -7.3021E+12
  2.3319E+00  3.9623E-01  2.4531E-01 -4.5254E+01  9.5673E+00  1.0697E+13 -1.7922E+13 -7.2246E+12
  2.3359E+00  3.5557E-01  2.5185E-01 -4.8185E+01  7.7529E+00  1.1909E+13 -1.9035E+13 -7.1261E+12
  2.3399E+00  3.1219E-01  2.5647E-01 -5.1402E+01  5.4740E+00  1.3361E+13 -2.0359E+13 -6.9981E+12
  2.3439E+00  2.6583E-01  2.5863E-01 -5.4946E+01  2.5632E+00  1.5128E+13 -2.1956E+13 -6.8281E+12
  2.3479E+00  2.1617E-01  2.5759E-01 -5.8846E+01 -1.2317E+00  1.7322E+13 -2.3918E+13 -6.5964E+12
  2.3519E+00  1.6292E-01  2.5227E-01 -6.3101E+01 -6.3022E+00  2.0107E+13 -2.6379E+13 -6.2721E+12
  2.3559E+00  1.0588E-01  2.4107E-01 -6.7604E+01 -1.3275E+01  2.3733E+13 -2.9539E+13 -5.8063E+12
  2.3599E+00  4.5167E-02  2.2153E-01 -7.1946E+01 -2.3161E+01  2.8563E+13 -3.3691E+13 -5.1280E+12
  2.3639E+00 -1.8012E-02  1.8988E-01 -7.4872E+01 -3.7510E+01  3.5064E+13 -3.9237E+13 -4.1728E+12
  2.3679E+00 -7.9552E-02  1.4094E-01 -7.2928E+01 -5.7996E+01  4.3410E+13 -4.6510E+13 -3.1002E+12
  2.3719E+00 -1.2924E-01  7.0997E-02 -5.8880E+01 -8.2884E+01  5.1683E+13 -5.4813E+13 -3.1296E+12
  2.3759E+00 -1.5346E-01 -1.2931E-02 -2.8706E+01 -9.9461E+01  5.3582E+13 -6.0160E+13 -6.5780E+12
  2.3799E+00 -1.5114E-01 -9.4623E-02  2.7446E+00 -9.6810E+01  4.6899E+13 -5.7602E+13 -1.0703E+13
  2.3839E+00 -1.3199E-01 -1.6577E-01  2.2698E+01 -8.4319E+01  3.8124E+13 -4.9747E+13 -1.1623E+13
  2.3879E+00 -1.0407E-01 -2.2592E-01  3.3082E+01 -7.1277E+01  3.0874E+13 -4.1863E+13 -1.0989E+13
  2.3919E+00 -7.1888E-02 -2.7679E-01  3.8144E+01 -6.0288E+01  2.5448E+13 -3.5663E+13 -1.0215E+13
  2.3959E+00 -3.7759E-02 -3.2019E-01  4.0445E+01 -5.1429E+01  2.1404E+13 -3.1019E+13 -9.6157E+12
  2.3999E+00 -2.9189E-03 -3.5755E-01  4.1288E+01 -4.4278E+01  1.8326E+13 -2.7514E+13 -9.1880E+12
  2.4039E+00  3.1962E-02 -3.8998E-01  4.1336E+01 -3.8423E+01  1.5925E+13 -2.4809E+13 -8.8840E+12
  2.4079E+00  6.6505E-02 -4.1829E-01  4.0936E+01 -3.3550E+01  1.4007E+13 -2.2671E+13 -8.6639E+12
  2.4119E+00  1.0050E-01 -4.4312E-01  4.0281E+01 -2.9429E+01  1.2443E+13 -2.0944E+13 -8.5011E+12
  2.4159E+00  1.3381E-01 -4.6497E-01  3.9479E+01 -2.5893E+01  1.1145E+13 -1.9523E+13 -8.3777E+12
  2.4199E+00  1.6638E-01 -4.8423E-01  3.8595E+01 -2.2821E+01  1.0052E+13 -1.8334E+13 -8.2824E+12
  2.4239E+00  1.9816E-01 -5.0121E-01  3.7667E+01 -2.0120E+01  9.1182E+12 -1.7325E+13 -8.2072E+12
  2.4279E+00  2.2915E-01 -5.1616E-01  3.6720E+01 -1.7724E+01  8.3123E+12 -1.6459E+13 -8.1469E+12
  2.4319E+00  2.5933E-01 -5.2931E-01  3.5767E+01 -1.5579E+01  7.6100E+12 -1.5708E+13 -8.0978E+12
  2.4359E+00  2.8871E-01 -5.4082E-01  3.4819E+01 -1.3644E+01  6.9927E+12 -1.5050E+13 -8.0573E+12
  2.4399E+00  3.1730E-01 -5.5085E-01  3.3881E+01 -1.1887E+01  6.4462E+12 -1.4470E+13 -8.0236E+12
  2.4439E+00  3.4511E-01 -5.5953E-01  3.2957E+01 -1.0282E+01  5.9594E+12 -1.3954E+13 -7.9950E+12
  2.4479E+00  3.7215E-01 -5.6696E-01  3.2048E+01 -8.8075E+00  5.5231E+12 -1.3494E+13 -7.9707E+12
  2.4519E+00  3.9844E-01 -5.7324E-01  3.1155E+01 -7.4469E+00  5.1303E+12 -1.3080E+13 -7.9498E+12
  2.4559E+00  4.2399E-01 -5.7846E-01  3.0278E+01 -6.1858E+00  4.7751E+12 -1.2707E+13 -7.9317E+12
  2.4599E+00  4.4882E-01 -5.8269E-01  2.9418E+01 -5.0121E+00  4.4526E+12 -1.2369E+13 -7.9159E+12
  2.4639E+00  4.7293E-01 -5.8600E-01  2.8573E+01 -3.9158E+00  4.1588E+12 -1.2061E+13 -7.9021E+12
  2.4679E+00  4.9634E-01 -5.8844E-01  2.7744E+01 -2.8886E+00  3.8904E+12 -1.1780E+13 -7.8898E+12
  2.4719E+00  5.1906E-01 -5.9006E-01  2.6930E+01 -1.9230E+00  3.6446E+12 -1.1523E+13 -7.8788E+12
  2.4759E+00  5.4111E-01 -5.9091E-01  2.6129E+01 -1.0130E+00  3.4188E+12 -1.1288E+13 -7.8691E+12
  2.4799E+00  5.6250E-01 -5.9104E-01  2.5342E+01 -1.5306E-01  3.2112E+12 -1.1071E+13 -7.8603E+12
  2.4839E+00  5.8323E-01 -5.9048E-01  2.4567E+01  6.6144E-01  3.0198E+12 -1.0872E+13 -7.8523E+12
  2.4879E+00  6.0331E-01 -5.8927E-01  2.3803E+01  1.4346E+00  2.8432E+12 -1.0688E+13 -7.8451E+12
  2.4919E+00  6.2276E-01 -5.8744E-01  2.3050E+01  2.1700E+00  2.6801E+12 -1.0519E+13 -7.8386E+12
  2.4959E+00  6.4159E-01 -5.8502E-01  2.2307E+01  2.8708E+00  2.5292E+12 -1.0362E+13 -7.8326E+12
  2.4999E+00  6.5979E-01 -5.8203E-01  2.1573E+01  3.5398E+00  2.3897E+12 -1.0217E+13 -7.8271E+12
  2.5039E+00  6.7738E-01 -5.7851E-01  2.0848E+01  4.1795E+00  2.2606E+12 -1.0083E+13 -7.8220E+12
  2.5079E+00  6.9437E-01 -5.7446E-01  2.0131E+01  4.7922E+00  2.1411E+12 -9.9583E+12 -7.8172E+12
  2.5119E+00  7.1076E-01 -5.6992E-01  1.9421E+01  5.3797E+00  2.0305E+12 -9.8434E+12 -7.8129E+12
  2.5159E+00  7.2655E-01 -5.6491E-01  1.8717E+01  5.9439E+00  1.9283E+12 -9.7371E+12 -7.8088E+12
  2.5199E+00  7.4176E-01 -5.5943E-01  1.8019E+01  6.4863E+00  1.8339E+12 -9.6388E+12 -7.8050E+12
  2.5239E+00  7.5638E-01 -5.5352E-01  1.7327E+01  7.0085E+00  1.7467E+12 -9.5481E+12 -7.8014E+12
  2.5279E+00  7.7042E-01 -5.4718E-01  1.6639E+01  7.5117E+00  1.6665E+12 -9.4645E+12 -7.7980E+12
  2.5319E+00  7.8389E-01 -5.4043E-01  1.5956E+01  7.9971E+00  1.5927E+12 -9.3875E+12 -7.7948E+12
  2.5359E+00  7.9678E-01 -5.3329E-01  1.5276E+01  8.4658E+00  1.5252E+12 -9.3169E+12 -7.7917E+12
  2.5399E+00  8.0910E-01 -5.2576E-01  1.4599E+01  8.9188E+00  1.4634E+12 -9.2523E+12 -7.7888E+12
  2.5439E+00  8.2085E-01 -5.1787E-01  1.3925E+01  9.3568E+00  1.4073E+12 -9.1934E+12 -7.7861E+12
  2.5479E+00  8.3203E-01 -5.0961E-01  1.3253E+01  9.7809E+00  1.3566E+12 -9.1400E+12 -7.7834E+12
  2.5519E+00  8.4265E-01 -5.0101E-01  1.2583E+01  1.0192E+01  1.3110E+12 -9.0918E+12 -7.7809E+12
  2.5559E+00  8.5270E-01 -4.9208E-01  1.1913E+01  1.0590E+01  1.2703E+12 -9.0487E+12 -7.7784E+12
  2.5599E+00  8.6219E-01 -4.8282E-01  1.1244E+01  1.0976E+01  1.2345E+12 -9.0105E+12 -7.7760E+12
  2.5639E+00  8.7111E-01 -4.7324E-01  1.0575E+01  1.1350E+01  1.2033E+12 -8.9770E+12 -7.7737E+12
  2.5679E+00  8.7947E-01 -4.6335E-01  9.9062E+00  1.1714E+01  1.1767E+12 -8.9482E+12 -7.7715E+12
  2.5719E+00  8.8727E-01 -4.5317E-01  9.2360E+00  1.2067E+01  1.1546E+12 -8.9238E+12 -7.7692E+12
  2.5759E+00  8.9449E-01 -4.4270E-01  8.5644E+00  1.2410E+01  1.1368E+12 -8.9038E+12 -7.7671E+12
  2.5799E+00  9.0115E-01 -4.3195E-01  7.8909E+00  1.2743E+01  1.1233E+12 -8.8882E+12 -7.7649E+12
  2.5839E+00  9.0724E-01 -4.2092E-01  7.2149E+00  1.3067E+01  1.1140E+12 -8.8768E+12 -7.7628E+12
  2.5879E+00  9.1275E-01 -4.0963E-01  6.5361E+00  1.3382E+01  1.1090E+12 -8.8697E+12 -7.7607E+12
  2.5919E+00  9.1769E-01 -3.9808E-01  5.8538E+00  1.3688E+01  1.1082E+12 -8.8668E+12 -7.7586E+12
  2.5959E+00  9.2205E-01 -3.8628E-01  5.1675E+00  1.3986E+01  1.1116E+12 -8.8681E+12 -7.7565E+12
  2.5999E+00  9.2583E-01 -3.7423E-01  4.4766E+00  1.4275E+01  1.1191E+12 -8.8735E+12 -7.7544E+12
  2.6039E+00  9.2902E-01 -3.6195E-01  3.7807E+00  1.4557E+01  1.1310E+12 -8.8832E+12 -7.7523E+12
  2.6079E+00  9.3162E-01 -3.4943E-01  3.0791E+00  1.4830E+01  1.1471E+12 -8.8972E+12 -7.7501E+12
  2.6119E+00  9.3362E-01 -3.3669E-01  2.3711E+00  1.5096E+01  1.1675E+12 -8.9155E+12 -7.7480E+12
  2.6159E+00  9.3502E-01 -3.2374E-01  1.6562E+00  1.5353E+01  1.1924E+12 -8.9381E+12 -7.7457E+12
  2.6199E+00  9.3581E-01 -3.1057E-01  9.3376E-01  1.5604E+01  1.2217E+12 -8.9652E+12 -7.7435E+12
  2.6239E+00  9.3598E-01 -2.9720E-01  2.0299E-01  1.5846E+01  1.2557E+12 -8.9968E+12 -7.7411E+12
  2.6279E+00  9.3552E-01 -2.8363E-01 -5.3681E-01  1.6081E+01  1.2944E+12 -9.0332E+12 -7.7387E+12
  2.6319E+00  9.3444E-01 -2.6987E-01 -1.2864E+00  1.6308E+01  1.3381E+12 -9.0743E+12 -7.7363E+12
  2.6359E+00  9.3271E-01 -2.5592E-01 -2.0466E+00  1.6528E+01  1.3868E+12 -9.1205E+12 -7.7337E+12
  2.6399E+00  9.3033E-01 -2.4180E-01 -2.8183E+00  1.6740E+01  1.4408E+12 -9.1718E+12 -7.7310E+12
  2.6439E+00  9.2729E-01 -2.2750E-01 -3.6024E+00  1.6943E+01  1.5003E+12 -9.2285E+12 -7.7283E+12
  2.6479E+00  9.2358E-01 -2.1304E-01 -4.3999E+00  1.7139E+01  1.5655E+12 -9.2909E+12 -7.7253E+12
  2.6519E+00  9.1918E-01 -1.9841E-01 -5.2118E+00  1.7326E+01  1.6368E+12 -9.3591E+12 -7.7223E+12
  2.6559E+00  9.1409E-01 -1.8364E-01 -6.0392E+00  1.7505E+01  1.7145E+12 -9.4335E+12 -7.7190E+12
  2.6599E+00  9.0828E-01 -1.6873E-01 -6.8835E+00  1.7675E+01  1.7989E+12 -9.5145E+12 -7.7156E+12
  2.6639E+00  9.0174E-01 -1.5368E-01 -7.7458E+00  1.7835E+01  1.8904E+12 -9.6024E+12 -7.7120E+12
  2.6679E+00  8.9446E-01 -1.3850E-01 -8.6277E+00  1.7985E+01  1.9895E+12 -9.6976E+12 -7.7081E+12
  2.6719E+00  8.8642E-01 -1.2321E-01 -9.5306E+00  1.8125E+01  2.0967E+12 -9.8007E+12 -7.7040E+12
  2.6759E+00  8.7760E-01 -1.0781E-01 -1.0456E+01  1.8254E+01  2.2126E+12 -9.9122E+12 -7.6996E+12
  2.6799E+00  8.6797E-01 -9.2304E-02 -1.1407E+01  1.8370E+01  2.3379E+12 -1.0033E+13 -7.6948E+12
  2.6839E+00  8.5752E-01 -7.6715E-02 -1.2384E+01  1.8474E+01  2.4732E+12 -1.0163E+13 -7.6897E+12
  2.6879E+00  8.4622E-01 -6.1050E-02 -1.3390E+01  1.8564E+01  2.6195E+12 -1.0304E+13 -7.6841E+12
  2.6919E+00  8.3405E-01 -4.5322E-02 -1.4427E+01  1.8639E+01  2.7777E+12 -1.0456E+13 -7.6780E+12
  2.6959E+00  8.2097E-01 -2.9545E-02 -1.5498E+01  1.8697E+01  2.9489E+12 -1.0620E+13 -7.6713E+12
  2.6999E+00  8.0696E-01 -1.3734E-02 -1.6607E+01  1.8737E+01  3.1343E+12 -1.0798E+13 -7.6640E+12
  2.7039E+00  7.9198E-01  2.0938E-03 -1.7756E+01  1.8757E+01  3.3354E+12 -1.0991E+13 -7.6560E+12
  2.7079E+00  7.7599E-01  1.7919E-02 -1.8949E+01  1.8753E+01  3.5538E+12 -1.1201E+13 -7.6471E+12
  2.7119E+00  7.5895E-01  3.3719E-02 -2.0191E+01  1.8725E+01  3.7915E+12 -1.1429E+13 -7.6372E+12
  2.7159E+00  7.4082E-01  4.9471E-02 -2.1487E+01  1.8667E+01  4.0508E+12 -1.1677E+13 -7.6261E+12
  2.7199E+00  7.2154E-01  6.5147E-02 -2.2842E+01  1.8577E+01  4.3342E+12 -1.1948E+13 -7.6136E+12
  2.7239E+00  7.0107E-01  8.0715E-02 -2.4262E+01  1.8449E+01  4.6450E+12 -1.2244E+13 -7.5995E+12
  2.7279E+00  6.7934E-01  9.6137E-02 -2.5755E+01  1.8277E+01  4.9869E+12 -1.2570E+13 -7.5834E+12
  2.7319E+00  6.5627E-01  1.1137E-01 -2.7330E+01  1.8054E+01  5.3643E+12 -1.2929E+13 -7.5650E+12
  2.7359E+00  6.3181E-01  1.2637E-01 -2.8995E+01  1.7771E+01  5.7827E+12 -1.3326E+13 -7.5437E+12
  2.7399E+00  6.0585E-01  1.4106E-01 -3.0763E+01  1.7418E+01  6.2488E+12 -1.3768E+13 -7.5190E+12
  2.7439E+00  5.7830E-01  1.5539E-01 -3.2648E+01  1.6979E+01  6.7707E+12 -1.4261E+13 -7.4899E+12
  2.7479E+00  5.4905E-01  1.6926E-01 -3.4664E+01  1.6437E+01  7.3587E+12 -1.4814E+13 -7.4554E+12
  2.7519E+00  5.1797E-01  1.8257E-01 -3.6831E+01  1.5769E+01  8.0258E+12 -1.5440E+13 -7.4140E+12
  2.7559E+00  4.8491E-01  1.9518E-01 -3.9171E+01  1.4944E+01  8.7886E+12 -1.6152E+13 -7.3637E+12
  2.7599E+00  4.4972E-01  2.0693E-01 -4.1713E+01  1.3921E+01  9.6687E+12 -1.6971E+13 -7.3018E+12
  2.7639E+00  4.1218E-01  2.1760E-01 -4.4488E+01  1.2644E+01  1.0695E+13 -1.7920E+13 -7.2244E+12
  2.7679E+00  3.7206E-01  2.2691E-01 -4.7535E+01  1.1036E+01  1.1907E+13 -1.9033E+13 -7.1259E+12
  2.7719E+00  3.2911E-01  2.3449E-01 -5.0900E+01  8.9834E+00  1.3357E+13 -2.0355E+13 -6.9980E+12
  2.7759E+00  2.8301E-01  2.3982E-01 -5.4633E+01  6.3235E+00  1.5124E+13 -2.1952E+13 -6.8281E+12
  2.7799E+00  2.3341E-01  2.4219E-01 -5.8783E+01  2.8068E+00  1.7317E+13 -2.3913E+13 -6.5966E+12
  2.7839E+00  1.7993E-01  2.4054E-01 -6.3374E+01 -1.9572E+00  2.0101E+13 -2.6373E+13 -6.2725E+12
  2.7879E+00  1.2226E-01  2.3328E-01 -6.8343E+01 -8.5999E+00  2.3724E+13 -2.9531E+13 -5.8071E+12
  2.7919E+00  6.0364E-02  2.1796E-01 -7.3352E+01 -1.8158E+01  2.8551E+13 -3.3681E+13 -5.1294E+12
  2.7959E+00 -4.8292E-03  1.9074E-01 -7.7258E+01 -3.2261E+01  3.5048E+13 -3.9223E+13 -4.1747E+12
  2.7999E+00 -6.9583E-02  1.4617E-01 -7.6738E+01 -5.2816E+01  4.3391E+13 -4.6493E+13 -3.1016E+12
  2.8039E+00 -1.2398E-01  7.9842E-02 -6.4461E+01 -7.8605E+01  5.1670E+13 -5.4796E+13 -3.1259E+12
  2.8079E+00 -1.5395E-01 -2.2159E-03 -3.5520E+01 -9.7244E+01  5.3590E+13 -6.0157E+13 -6.5669E+12
  2.8119E+00 -1.5728E-01 -8.3890E-02 -3.9457E+00 -9.6789E+01  4.6919E+13 -5.7616E+13 -1.0697E+13
  2.8159E+00 -1.4307E-01 -1.5621E-01  1.6841E+01 -8.5702E+01  3.8142E+13 -4.9765E+13 -1.1623E+13
  2.8199E+00 -1.1935E-01 -2.1815E-01  2.8108E+01 -7.3400E+01  3.0888E+13 -4.1878E+13 -1.0990E+13
  2.8239E+00 -9.0728E-02 -2.7112E-01  3.3919E+01 -6.2779E+01  2.5459E+13 -3.5675E+13 -1.0216E+13
  2.8279E+00 -5.9654E-02 -3.1677E-01  3.6825E+01 -5.4094E+01  2.1412E+13 -3.1028E+13 -9.6164E+12
  2.8319E+00 -2.7454E-02 -3.5644E-01  3.8159E+01 -4.7014E+01  1.8332E+13 -2.7521E+13 -9.1884E+12
  2.8359E+00  5.1249E-03 -3.9118E-01  3.8608E+01 -4.1175E+01  1.5930E+13 -2.4814E+13 -8.8841E+12
  2.8399E+00  3.7650E-02 -4.2180E-01  3.8544E+01 -3.6284E+01  1.4011E+13 -2.2675E+13 -8.6640E+12
  2.8439E+00  6.9862E-02 -4.4891E-01  3.8173E+01 -3.2127E+01  1.2447E+13 -2.0948E+13 -8.5010E+12
  2.8479E+00  1.0160E-01 -4.7300E-01  3.7616E+01 -2.8543E+01  1.1148E+13 -1.9526E+13 -8.3776E+12
  2.8519E+00  1.3278E-01 -4.9444E-01  3.6944E+01 -2.5416E+01  1.0054E+13 -1.8336E+13 -8.2822E+12
  2.8559E+00  1.6333E-01 -5.1356E-01  3.6203E+01 -2.2658E+01  9.1202E+12 -1.7327E+13 -8.2069E+12
  2.8599E+00  1.9322E-01 -5.3061E-01  3.5422E+01 -2.0202E+01  8.3141E+12 -1.6461E+13 -8.1466E+12
  2.8639E+00  2.2243E-01 -5.4580E-01  3.4619E+01 -1.7996E+01  7.6116E+12 -1.5709E+13 -8.0975E+12
  2.8679E+00  2.5096E-01 -5.5930E-01  3.3806E+01 -1.6000E+01  6.9941E+12 -1.5051E+13 -8.0570E+12
  2.8719E+00  2.7879E-01 -5.7127E-01  3.2990E+01 -1.4183E+01  6.4475E+12 -1.4471E+13 -8.0232E+12
  2.8759E+00  3.0595E-01 -5.8183E-01  3.2178E+01 -1.2518E+01  5.9605E+12 -1.3955E+13 -7.9947E+12
  2.8799E+00  3.3242E-01 -5.9110E-01  3.1371E+01 -1.0985E+01  5.5242E+12 -1.3495E+13 -7.9704E+12
  2.8839E+00  3.5822E-01 -5.9917E-01  3.0574E+01 -9.5663E+00  5.1313E+12 -1.3081E+13 -7.9495E+12
  2.8879E+00  3.8335E-01 -6.0613E-01  2.9785E+01 -8.2479E+00  4.7760E+12 -1.2707E+13 -7.9314E+12
  2.8919E+00  4.0783E-01 -6.1205E-01  2.9007E+01 -7.0179E+00  4.4534E+12 -1.2369E+13 -7.9156E+12
  2.8959E+00  4.3166E-01 -6.1700E-01  2.8240E+01 -5.8663E+00  4.1596E+12 -1.2061E+13 -7.9017E+12
  2.8999E+00  4.5485E-01 -6.2104E-01  2.7483E+01 -4.7846E+00  3.8911E+12 -1.1781E+13 -7.8894E+12
  2.9039E+00  4.7741E-01 -6.2422E-01  2.6737E+01 -3.7655E+00  3.6452E+12 -1.1524E+13 -7.8785E+12
  2.9079E+00  4.9935E-01 -6.2658E-01  2.6001E+01 -2.8027E+00  3.4194E+12 -1.1288E+13 -7.8687E+12
  2.9119E+00  5.2068E-01 -6.2818E-01  2.5274E+01 -1.8908E+00  3.2117E+12 -1.1072E+13 -7.8599E+12
  2.9159E+00  5.4140E-01 -6.2904E-01  2.4556E+01 -1.0251E+00  3.0203E+12 -1.0872E+13 -7.8520E+12
  2.9199E+00  5.6152E-01 -6.2921E-01  2.3847E+01 -2.0143E-01  2.8437E+12 -1.0688E+13 -7.8448E+12
  2.9239E+00  5.8106E-01 -6.2872E-01  2.3147E+01  5.8383E-01  2.6805E+12 -1.0519E+13 -7.8382E+12
  2.9279E+00  6.0000E-01 -6.2759E-01  2.2453E+01  1.3339E+00  2.5297E+12 -1.0362E+13 -7.8322E+12
  2.9319E+00  6.1837E-01 -6.2586E-01  2.1767E+01  2.0516E+00  2.3901E+12 -1.0217E+13 -7.8267E+12
  2.9359E+00  6.3617E-01 -6.2355E-01  2.1088E+01  2.7395E+00  2.2610E+12 -1.0083E+13 -7.8216E+12
  2.9399E+00  6.5339E-01 -6.2068E-01  2.0414E+01  3.3998E+00  2.1414E+12 -9.9583E+12 -7.8169E+12
  2.9439E+00  6.7005E-01 -6.1728E-01  1.9746E+01  4.0346E+00  2.0308E+12 -9.8433E+12 -7.8125E+12
  2.9479E+00  6.8616E-01 -6.1336E-01  1.9082E+01  4.6457E+00  1.9286E+12 -9.7370E+12 -7.8084E+12
  2.9519E+00  7.0170E-01 -6.0894E-01  1.8423E+01  5.2346E+00  1.8341E+12 -9.6387E+12 -7.8046E+12
  2.9559E+00  7.1670E-01 -6.0404E-01  1.7769E+01  5.8030E+00  1.7470E+12 -9.5480E+12 -7.8010E+12
  2.9599E+00  7.3114E-01 -5.9868E-01  1.7117E+01  6.3521E+00  1.6667E+12 -9.4643E+12 -7.7976E+12
  2.9639E+00  7.4504E-01 -5.9288E-01  1.6468E+01  6.8832E+00  1.5929E+12 -9.3873E+12 -7.7944E+12
  2.9679E+00  7.5839E-01 -5.8663E-01  1.5822E+01  7.3973E+00  1.5253E+12 -9.3167E+12 -7.7914E+12
  2.9719E+00  7.7120E-01 -5.7997E-01  1.5178E+01  7.8955E+00  1.4636E+12 -9.2521E+12 -7.7885E+12
  2.9759E+00  7.8346E-01 -5.7290E-01  1.4536E+01  8.3787E+00  1.4075E+12 -9.1932E+12 -7.7857E+12
  2.9799E+00  7.9519E-01 -5.6544E-01  1.3894E+01  8.8478E+00  1.3567E+12 -9.1397E+12 -7.7831E+12
  2.9839E+00  8.0637E-01 -5.5758E-01  1.3254E+01  9.3034E+00  1.3111E+12 -9.0916E+12 -7.7805E+12
  2.9879E+00  8.1701E-01 -5.4936E-01  1.2613E+01  9.7464E+00  1.2704E+12 -9.0484E+12 -7.7780E+12
  2.9919E+00  8.2712E-01 -5.4077E-01  1.1972E+01  1.0177E+01  1.2345E+12 -9.0102E+12 -7.7757E+12
  2.9959E+00  8.3668E-01 -5.3183E-01  1.1331E+01  1.0597E+01  1.2034E+12 -8.9767E+12 -7.7733E+12
  2.9999E+00  8.4570E-01 -5.2254E-01  1.0688E+01  1.1005E+01  1.1767E+12 -8.9478E+12 -7.7711E+12
  3.0039E+00  8.5417E-01 -5.1292E-01  1.0043E+01  1.1403E+01  1.1545E+12 -8.9234E+12 -7.7689E+12
  3.0079E+00  8.6210E-01 -5.0297E-01  9.3970E+00  1.1792E+01  1.1367E+12 -8.9034E+12 -7.7667E+12
  3.0119E+00  8.6948E-01 -4.9270E-01  8.7480E+00  1.2170E+01  1.1232E+12 -8.8878E+12 -7.7646E+12
  3.0159E+00  8.7631E-01 -4.8212E-01  8.0959E+00  1.2540E+01  1.1139E+12 -8.8764E+12 -7.7624E+12
  3.0199E+00  8.8259E-01 -4.7123E-01  7.4403E+00  1.2900E+01  1.1089E+12 -8.8692E+12 -7.7603E+12
  3.0239E+00  8.8831E-01 -4.6005E-01  6.7806E+00  1.3253E+01  1.1081E+12 -8.8663E+12 -7.7582E+12
  3.0279E+00  8.9347E-01 -4.4858E-01  6.1164E+00  1.3597E+01  1.1114E+12 -8.8675E+12 -7.7561E+12
  3.0319E+00  8.9807E-01 -4.3682E-01  5.4471E+00  1.3933E+01  1.1190E+12 -8.8730E+12 -7.7540E+12
  3.0359E+00  9.0210E-01 -4.2479E-01  4.7722E+00  1.4261E+01  1.1307E+12 -8.8827E+12 -7.7519E+12
  3.0399E+00  9.0555E-01 -4.1248E-01  4.0910E+00  1.4582E+01  1.1468E+12 -8.8966E+12 -7.7498E+12
  3.0439E+00  9.0842E-01 -3.9991E-01  3.4030E+00  1.4895E+01  1.1672E+12 -8.9148E+12 -7.7476E+12
  3.0479E+00  9.1071E-01 -3.8709E-01  2.7076E+00  1.5201E+01  1.1920E+12 -8.9374E+12 -7.7454E+12
  3.0519E+00  9.1240E-01 -3.7401E-01  2.0041E+00  1.5500E+01  1.2214E+12 -8.9645E+12 -7.7431E+12
  3.0559E+00  9.1349E-01 -3.6068E-01  1.2918E+00  1.5792E+01  1.2553E+12 -8.9961E+12 -7.7408E+12
  3.0599E+00  9.1397E-01 -3.4711E-01  5.6994E-01  1.6077E+01  1.2940E+12 -9.0324E+12 -7.7384E+12
  3.0639E+00  9.1383E-01 -3.3331E-01 -1.6218E-01  1.6355E+01  1.3376E+12 -9.0735E+12 -7.7359E+12
  3.0679E+00  9.1307E-01 -3.1928E-01 -9.0542E-01  1.6626E+01  1.3863E+12 -9.1196E+12 -7.7333E+12
  3.0719E+00  9.1167E-01 -3.0503E-01 -1.6606E+00  1.6891E+01  1.4402E+12 -9.1709E+12 -7.7307E+12
  3.0759E+00  9.0962E-01 -2.9056E-01 -2.4287E+00  1.7148E+01  1.4997E+12 -9.2276E+12 -7.7279E+12
  3.0799E+00  9.0691E-01 -2.7588E-01 -3.2107E+00  1.7397E+01  1.5649E+12 -9.2899E+12 -7.7250E+12
  3.0839E+00  9.0353E-01 -2.6099E-01 -4.0077E+00  1.7640E+01  1.6361E+12 -9.3580E+12 -7.7219E+12
  3.0879E+00  8.9946E-01 -2.4591E-01 -4.8208E+00  1.7875E+01  1.7137E+12 -9.4324E+12 -7.7187E+12
  3.0919E+00  8.9469E-01 -2.3064E-01 -5.6512E+00  1.8102E+01  1.7980E+12 -9.5133E+12 -7.7153E+12
  3.0959E+00  8.8920E-01 -2.1518E-01 -6.5003E+00  1.8321E+01  1.8895E+12 -9.6011E+12 -7.7117E+12
  3.0999E+00  8.8299E-01 -1.9954E-01 -7.3696E+00  1.8531E+01  1.9885E+12 -9.6963E+12 -7.7078E+12
  3.1039E+00  8.7601E-01 -1.8373E-01 -8.2606E+00  1.8732E+01  2.0957E+12 -9.7993E+12 -7.7037E+12
  3.1079E+00  8.6827E-01 -1.6776E-01 -9.1750E+00  1.8924E+01  2.2115E+12 -9.9107E+12 -7.6992E+12
  3.1119E+00  8.5974E-01 -1.5164E-01 -1.0115E+01  1.9106E+01  2.3367E+12 -1.0031E+13 -7.6945E+12
  3.1159E+00  8.5039E-01 -1.3538E-01 -1.1082E+01  1.9276E+01  2.4719E+12 -1.0161E+13 -7.6893E+12
  3.1199E+00  8.4019E-01 -1.1898E-01 -1.2079E+01  1.9435E+01  2.6181E+12 -1.0302E+13 -7.6837E+12
  3.1239E+00  8.2913E-01 -1.0245E-01 -1.3108E+01  1.9581E+01  2.7762E+12 -1.0454E+13 -7.6777E+12
  3.1279E+00  8.1717E-01 -8.5820E-02 -1.4173E+01  1.9712E+01  2.9472E+12 -1.0618E+13 -7.6710E+12
  3.1319E+00  8.0428E-01 -6.9088E-02 -1.5275E+01  1.9828E+01  3.1324E+12 -1.0796E+13 -7.6637E+12
  3.1359E+00  7.9043E-01 -5.2274E-02 -1.6420E+01  1.9926E+01  3.3334E+12 -1.0989E+13 -7.6557E+12
  3.1399E+00  7.7557E-01 -3.5393E-02 -1.7610E+01  2.0005E+01  3.5516E+12 -1.1198E+13 -7.6468E+12
  3.1439E+00  7.5966E-01 -1.8464E-02 -1.8851E+01  2.0062E+01  3.7891E+12 -1.1426E+13 -7.6369E+12
  3.1479E+00  7.4266E-01 -1.5089E-03 -2.0147E+01  2.0093E+01  4.0481E+12 -1.1674E+13 -7.6258E+12
  3.1519E+00  7.2451E-01  1.5449E-02 -2.1504E+01  2.0096E+01  4.3313E+12 -1.1945E+13 -7.6134E+12
  3.1559E+00  7.0517E-01  3.2381E-02 -2.2929E+01  2.0066E+01  4.6418E+12 -1.2241E+13 -7.5993E+12
  3.1599E+00  6.8455E-01  4.9255E-02 -2.4430E+01  1.9997E+01  4.9833E+12 -1.2567E+13 -7.5832E+12
  3.1639E+00  6.6260E-01  6.6032E-02 -2.6015E+01  1.9883E+01  5.3604E+12 -1.2925E+13 -7.5648E+12
  3.1679E+00  6.3923E-01  8.2668E-02 -2.7695E+01  1.9715E+01  5.7784E+12 -1.3322E+13 -7.5436E+12
  3.1719E+00  6.1435E-01  9.9110E-02 -2.9481E+01  1.9484E+01  6.2439E+12 -1.3763E+13 -7.5189E+12
  3.1759E+00  5.8786E-01  1.1529E-01 -3.1390E+01  1.9176E+01  6.7652E+12 -1.4255E+13 -7.4898E+12
  3.1799E+00  5.5965E-01  1.3113E-01 -3.3437E+01  1.8775E+01  7.3525E+12 -1.4808E+13 -7.4554E+12
  3.1839E+00  5.2957E-01  1.4654E-01 -3.5642E+01  1.8258E+01  8.0187E+12 -1.5433E+13 -7.4141E+12
  3.1879E+00  4.9748E-01  1.6139E-01 -3.8032E+01  1.7597E+01  8.7804E+12 -1.6144E+13 -7.3639E+12
  3.1919E+00  4.6319E-01  1.7553E-01 -4.0635E+01  1.6752E+01  9.6592E+12 -1.6961E+13 -7.3021E+12
  3.1959E+00  4.2649E-01  1.8875E-01 -4.3488E+01  1.5671E+01  1.0684E+13 -1.7909E+13 -7.2249E+12
  3.1999E+00  3.8714E-01  2.0080E-01 -4.6635E+01  1.4278E+01  1.1893E+13 -1.9020E+13 -7.1267E+12
  3.2039E+00  3.4484E-01  2.1132E-01 -5.0128E+01  1.2466E+01  1.3341E+13 -2.0340E+13 -6.9991E+12
  3.2079E+00  2.9925E-01  2.1982E-01 -5.4030E+01  1.0075E+01  1.5104E+13 -2.1934E+13 -6.8297E+12
  3.2119E+00  2.4996E-01  2.2561E-01 -5.8406E+01  6.8611E+00  1.7292E+13 -2.3891E+13 -6.5990E+12
  3.2159E+00  1.9654E-01  2.2767E-01 -6.3307E+01  2.4376E+00  2.0069E+13 -2.6345E+13 -6.2761E+12
  3.2199E+00  1.3856E-01  2.2444E-01 -6.8714E+01 -3.8260E+00  2.3682E+13 -2.9494E+13 -5.8124E+12
  3.2239E+00  7.5807E-02  2.1348E-01 -7.4367E+01 -1.2981E+01  2.8495E+13 -3.3632E+13 -5.1373E+12
  3.2279E+00  8.9356E-03  1.9093E-01 -7.9247E+01 -2.6726E+01  3.4972E+13 -3.9157E+13 -4.1853E+12
  3.2319E+00 -5.8744E-02  1.5111E-01 -8.0205E+01 -4.7192E+01  4.3300E+13 -4.6410E+13 -3.1102E+12
  3.2359E+00 -1.1772E-01  8.8888E-02 -6.9886E+01 -7.3736E+01  5.1605E+13 -5.4716E+13 -3.1106E+12
  3.2399E+00 -1.5352E-01  9.1728E-03 -4.2431E+01 -9.4467E+01  5.3622E+13 -6.0139E+13 -6.5163E+12
  3.2439E+00 -1.6267E-01 -7.2135E-02 -1.0840E+01 -9.6355E+01  4.7009E+13 -5.7680E+13 -1.0671E+13
  3.2479E+00 -1.5358E-01 -1.4536E-01  1.0771E+01 -8.6772E+01  3.8227E+13 -4.9852E+13 -1.1625E+13
  3.2519E+00 -1.3423E-01 -2.0887E-01  2.2929E+01 -7.5264E+01  3.0952E+13 -4.1951E+13 -1.0998E+13
  3.2559E+00 -1.0934E-01 -2.6376E-01  2.9494E+01 -6.5049E+01  2.5506E+13 -3.5729E+13 -1.0223E+13
  3.2599E+00 -8.1488E-02 -3.1149E-01  3.3011E+01 -5.6567E+01  2.1448E+13 -3.1069E+13 -9.6212E+12
  3.2639E+00 -5.2090E-02 -3.5333E-01  3.4838E+01 -4.9581E+01  1.8360E+13 -2.7552E+13 -9.1917E+12
  3.2679E+00 -2.1971E-02 -3.9027E-01  3.5694E+01 -4.3775E+01  1.5952E+13 -2.4838E+13 -8.8863E+12
  3.2719E+00  8.3817E-03 -4.2308E-01  3.5969E+01 -3.8884E+01  1.4029E+13 -2.2694E+13 -8.6655E+12
  3.2759E+00  3.8664E-02 -4.5236E-01  3.5887E+01 -3.4704E+01  1.2461E+13 -2.0963E+13 -8.5020E+12
  3.2799E+00  6.8685E-02 -4.7860E-01  3.5577E+01 -3.1086E+01  1.1160E+13 -1.9539E+13 -8.3783E+12
  3.2839E+00  9.8323E-02 -5.0215E-01  3.5122E+01 -2.7917E+01  1.0065E+13 -1.8347E+13 -8.2826E+12
  3.2879E+00  1.2750E-01 -5.2334E-01  3.4573E+01 -2.5111E+01  9.1292E+12 -1.7336E+13 -8.2072E+12
  3.2919E+00  1.5616E-01 -5.4242E-01  3.3962E+01 -2.2604E+01  8.3220E+12 -1.6469E+13 -8.1468E+12
  3.2959E+00  1.8427E-01 -5.5958E-01  3.3312E+01 -2.0346E+01  7.6185E+12 -1.5716E+13 -8.0976E+12
  3.2999E+00  2.1181E-01 -5.7503E-01  3.2638E+01 -1.8298E+01  7.0002E+12 -1.5057E+13 -8.0570E+12
  3.3039E+00  2.3877E-01 -5.8889E-01  3.1949E+01 -1.6427E+01  6.4529E+12 -1.4476E+13 -8.0231E+12
  3.3079E+00  2.6514E-01 -6.0130E-01  3.1252E+01 -1.4709E+01  5.9654E+12 -1.3960E+13 -7.9946E+12
  3.3119E+00  2.9092E-01 -6.1237E-01  3.0553E+01 -1.3123E+01  5.5285E+12 -1.3499E+13 -7.9702E+12
  3.3159E+00  3.1611E-01 -6.2221E-01  2.9854E+01 -1.1652E+01  5.1352E+12 -1.3085E+13 -7.9493E+12
  3.3199E+00  3.4072E-01 -6.3088E-01  2.9158E+01 -1.0282E+01  4.7796E+12 -1.2711E+13 -7.9312E+12
  3.3239E+00  3.6474E-01 -6.3848E-01  2.8466E+01 -9.0011E+00  4.4567E+12 -1.2372E+13 -7.9153E+12
  3.3279E+00  3.8818E-01 -6.4506E-01  2.7779E+01 -7.7990E+00  4.1626E+12 -1.2064E+13 -7.9014E+12
  3.3319E+00  4.1104E-01 -6.5069E-01  2.7098E+01 -6.6674E+00  3.8939E+12 -1.1783E+13 -7.8891E+12
  3.3359E+00  4.3334E-01 -6.5541E-01  2.6424E+01 -5.5990E+00  3.6478E+12 -1.1526E+13 -7.8782E+12
  3.3399E+00  4.5507E-01 -6.5928E-01  2.5755E+01 -4.5875E+00  3.4218E+12 -1.1290E+13 -7.8684E+12
  3.3439E+00  4.7625E-01 -6.6234E-01  2.5092E+01 -3.6276E+00  3.2139E+12 -1.1073E+13 -7.8596E+12
  3.3479E+00  4.9687E-01 -6.6463E-01  2.4436E+01 -2.7144E+00  3.0223E+12 -1.0874E+13 -7.8517E+12
  3.3519E+00  5.1694E-01 -6.6619E-01  2.3785E+01 -1.8437E+00  2.8455E+12 -1.0690E+13 -7.8445E+12
  3.3559E+00  5.3646E-01 -6.6704E-01  2.3139E+01 -1.0120E+00  2.6822E+12 -1.0520E+13 -7.8379E+12
  3.3599E+00  5.5545E-01 -6.6722E-01  2.2499E+01 -2.1590E-01  2.5313E+12 -1.0363E+13 -7.8319E+12
  3.3639E+00  5.7390E-01 -6.6676E-01  2.1864E+01  5.4738E-01  2.3916E+12 -1.0218E+13 -7.8263E+12
  3.3679E+00  5.9182E-01 -6.6568E-01  2.1233E+01  1.2804E+00  2.2623E+12 -1.0084E+13 -7.8212E+12
  3.3719E+00  6.0920E-01 -6.6401E-01  2.0606E+01  1.9856E+00  2.1427E+12 -9.9592E+12 -7.8165E+12
  3.3759E+00  6.2606E-01 -6.6176E-01  1.9983E+01  2.6648E+00  2.0320E+12 -9.8442E+12 -7.8121E+12
  3.3799E+00  6.4240E-01 -6.5896E-01  1.9363E+01  3.3201E+00  1.9297E+12 -9.7377E+12 -7.8080E+12
  3.3839E+00  6.5822E-01 -6.5562E-01  1.8746E+01  3.9530E+00  1.8351E+12 -9.6394E+12 -7.8042E+12
  3.3879E+00  6.7352E-01 -6.5177E-01  1.8131E+01  4.5650E+00  1.7479E+12 -9.5485E+12 -7.8006E+12
  3.3919E+00  6.8830E-01 -6.4742E-01  1.7519E+01  5.1576E+00  1.6676E+12 -9.4648E+12 -7.7972E+12
  3.3959E+00  7.0257E-01 -6.4258E-01  1.6908E+01  5.7320E+00  1.5937E+12 -9.3877E+12 -7.7940E+12
  3.3999E+00  7.1633E-01 -6.3727E-01  1.6299E+01  6.2893E+00  1.5260E+12 -9.3170E+12 -7.7910E+12
  3.4039E+00  7.2957E-01 -6.3151E-01  1.5690E+01  6.8305E+00  1.4642E+12 -9.2523E+12 -7.7881E+12
  3.4079E+00  7.4229E-01 -6.2530E-01  1.5083E+01  7.3567E+00  1.4080E+12 -9.1934E+12 -7.7853E+12
  3.4119E+00  7.5451E-01 -6.1866E-01  1.4475E+01  7.8687E+00  1.3572E+12 -9.1399E+12 -7.7827E+12
  3.4159E+00  7.6621E-01 -6.1160E-01  1.3867E+01  8.3672E+00  1.3115E+12 -9.0916E+12 -7.7801E+12
  3.4199E+00  7.7740E-01 -6.0413E-01  1.3258E+01  8.8531E+00  1.2708E+12 -9.0484E+12 -7.7777E+12
  3.4239E+00  7.8807E-01 -5.9626E-01  1.2648E+01  9.3269E+00  1.2349E+12 -9.0102E+12 -7.7753E+12
  3.4279E+00  7.9823E-01 -5.8800E-01  1.2037E+01  9.7894E+00  1.2036E+12 -8.9766E+12 -7.7730E+12
  3.4318E+00  8.0787E-01 -5.7936E-01  1.1424E+01  1.0241E+01  1.1769E+12 -8.9476E+12 -7.7707E+12
  3.4358E+00  8.1699E-01 -5.7034E-01  1.0808E+01  1.0682E+01  1.1547E+12 -8.9232E+12 -7.7685E+12
  3.4398E+00  8.2559E-01 -5.6096E-01  1.0190E+01  1.1114E+01  1.1368E+12 -8.9031E+12 -7.7663E+12
  3.4438E+00  8.3366E-01 -5.5123E-01  9.5687E+00  1.1536E+01  1.1232E+12 -8.8874E+12 -7.7642E+12
  3.4478E+00  8.4121E-01 -5.4115E-01  8.9436E+00  1.1950E+01  1.1139E+12 -8.8760E+12 -7.7621E+12
  3.4518E+00  8.4822E-01 -5.3072E-01  8.3143E+00  1.2355E+01  1.1088E+12 -8.8688E+12 -7.7600E+12
  3.4558E+00  8.5470E-01 -5.1996E-01  7.6805E+00  1.2751E+01  1.1079E+12 -8.8658E+12 -7.7579E+12
  3.4598E+00  8.6065E-01 -5.0887E-01  7.0415E+00  1.3140E+01  1.1112E+12 -8.8670E+12 -7.7558E+12
  3.4638E+00  8.6604E-01 -4.9746E-01  6.3970E+00  1.3521E+01  1.1187E+12 -8.8723E+12 -7.7537E+12
  3.4678E+00  8.7089E-01 -4.8574E-01  5.7463E+00  1.3895E+01  1.1304E+12 -8.8819E+12 -7.7515E+12
  3.4718E+00  8.7519E-01 -4.7370E-01  5.0888E+00  1.4261E+01  1.1464E+12 -8.8958E+12 -7.7494E+12
  3.4758E+00  8.7892E-01 -4.6137E-01  4.4241E+00  1.4621E+01  1.1668E+12 -8.9140E+12 -7.7472E+12
  3.4798E+00  8.8209E-01 -4.4873E-01  3.7515E+00  1.4974E+01  1.1915E+12 -8.9365E+12 -7.7450E+12
  3.4838E+00  8.8468E-01 -4.3580E-01  3.0703E+00  1.5321E+01  1.2208E+12 -8.9635E+12 -7.7427E+12
  3.4878E+00  8.8669E-01 -4.2259E-01  2.3799E+00  1.5661E+01  1.2546E+12 -8.9950E+12 -7.7404E+12
  3.4918E+00  8.8810E-01 -4.0909E-01  1.6795E+00  1.5995E+01  1.2933E+12 -9.0313E+12 -7.7380E+12
  3.4958E+00  8.8892E-01 -3.9532E-01  9.6834E-01  1.6322E+01  1.3368E+12 -9.0723E+12 -7.7355E+12
  3.4998E+00  8.8913E-01 -3.8127E-01  2.4568E-01  1.6644E+01  1.3854E+12 -9.1183E+12 -7.7330E+12
  3.5038E+00  8.8871E-01 -3.6696E-01 -4.8940E-01  1.6959E+01  1.4392E+12 -9.1695E+12 -7.7303E+12
  3.5078E+00  8.8767E-01 -3.5239E-01 -1.2378E+00  1.7268E+01  1.4986E+12 -9.2261E+12 -7.7275E+12
  3.5118E+00  8.8598E-01 -3.3756E-01 -2.0006E+00  1.7571E+01  1.5637E+12 -9.2883E+12 -7.7246E+12
  3.5158E+00  8.8364E-01 -3.2249E-01 -2.7787E+00  1.7867E+01  1.6348E+12 -9.3564E+12 -7.7216E+12
  3.5198E+00  8.8062E-01 -3.0717E-01 -3.5735E+00  1.8157E+01  1.7123E+12 -9.4306E+12 -7.7183E+12
  3.5238E+00  8.7692E-01 -2.9161E-01 -4.3860E+00  1.8441E+01  1.7965E+12 -9.5114E+12 -7.7149E+12
  3.5278E+00  8.7252E-01 -2.7581E-01 -5.2177E+00  1.8717E+01  1.8878E+12 -9.5991E+12 -7.7113E+12
  3.5318E+00  8.6740E-01 -2.5979E-01 -6.0701E+00  1.8987E+01  1.9867E+12 -9.6941E+12 -7.7075E+12
  3.5358E+00  8.6154E-01 -2.4355E-01 -6.9447E+00  1.9249E+01  2.0937E+12 -9.7970E+12 -7.7033E+12
  3.5398E+00  8.5492E-01 -2.2709E-01 -7.8434E+00  1.9503E+01  2.2094E+12 -9.9083E+12 -7.6989E+12
  3.5438E+00  8.4752E-01 -2.1043E-01 -8.7680E+00  1.9748E+01  2.3344E+12 -1.0029E+13 -7.6942E+12
  3.5478E+00  8.3932E-01 -1.9356E-01 -9.7207E+00  1.9985E+01  2.4694E+12 -1.0158E+13 -7.6890E+12
  3.5518E+00  8.3028E-01 -1.7651E-01 -1.0704E+01  2.0212E+01  2.6154E+12 -1.0299E+13 -7.6834E+12
  3.5558E+00  8.2039E-01 -1.5927E-01 -1.1720E+01  2.0428E+01  2.7732E+12 -1.0451E+13 -7.6774E+12
  3.5598E+00  8.0962E-01 -1.4186E-01 -1.2772E+01  2.0632E+01  2.9440E+12 -1.0615E+13 -7.6707E+12
  3.5638E+00  7.9792E-01 -1.2429E-01 -1.3864E+01  2.0823E+01  3.1290E+12 -1.0792E+13 -7.6635E+12
  3.5678E+00  7.8526E-01 -1.0657E-01 -1.4998E+01  2.1000E+01  3.3296E+12 -1.0985E+13 -7.6554E+12
  3.5718E+00  7.7161E-01 -8.8712E-02 -1.6179E+01  2.1160E+01  3.5475E+12 -1.1194E+13 -7.6466E+12
  3.5758E+00  7.5692E-01 -7.0737E-02 -1.7412E+01  2.1302E+01  3.7846E+12 -1.1421E+13 -7.6367E+12
  3.5798E+00  7.4114E-01 -5.2660E-02 -1.8701E+01  2.1422E+01  4.0432E+12 -1.1669E+13 -7.6256E+12
  3.5838E+00  7.2421E-01 -3.4502E-02 -2.0054E+01  2.1518E+01  4.3260E+12 -1.1939E+13 -7.6132E+12
  3.5878E+00  7.0609E-01 -1.6287E-02 -2.1476E+01  2.1586E+01  4.6359E+12 -1.2235E+13 -7.5991E+12
  3.5918E+00  6.8670E-01  1.9570E-03 -2.2976E+01  2.1621E+01  4.9768E+12 -1.2560E+13 -7.5831E+12
  3.5958E+00  6.6598E-01  2.0197E-02 -2.4564E+01  2.1616E+01  5.3532E+12 -1.2918E+13 -7.5648E+12
  3.5998E+00  6.4383E-01  3.8395E-02 -2.6249E+01  2.1565E+01  5.7704E+12 -1.3314E+13 -7.5436E+12
  3.6038E+00  6.2016E-01  5.6502E-02 -2.8045E+01  2.1458E+01  6.2350E+12 -1.3754E+13 -7.5190E+12
  3.6078E+00  5.9487E-01  7.4461E-02 -2.9968E+01  2.1283E+01  6.7551E+12 -1.4245E+13 -7.4900E+12
  3.6118E+00  5.6784E-01  9.2202E-02 -3.2034E+01  2.1024E+01  7.3411E+12 -1.4797E+13 -7.4557E+12
  3.6158E+00  5.3892E-01  1.0964E-01 -3.4267E+01  2.0662E+01  8.0056E+12 -1.5420E+13 -7.4145E+12
  3.6198E+00  5.0796E-01  1.2666E-01 -3.6692E+01  2.0168E+01  8.7654E+12 -1.6130E+13 -7.3645E+12
  3.6238E+00  4.7476E-01  1.4312E-01 -3.9342E+01  1.9507E+01  9.6418E+12 -1.6945E+13 -7.3030E+12
  3.6278E+00  4.3911E-01  1.5884E-01 -4.2257E+01  1.8629E+01  1.0663E+13 -1.7890E+13 -7.2261E+12
  3.6318E+00  4.0072E-01  1.7357E-01 -4.5485E+01  1.7461E+01  1.1869E+13 -1.8997E+13 -7.1283E+12
  3.6358E+00  3.5930E-01  1.8699E-01 -4.9087E+01  1.5901E+01  1.3312E+13 -2.0313E+13 -7.0014E+12
  3.6398E+00  3.1447E-01  1.9863E-01 -5.3135E+01  1.3795E+01  1.5068E+13 -2.1901E+13 -6.8330E+12
  3.6438E+00  2.6577E-01  2.0783E-01 -5.7709E+01  1.0905E+01  1.7246E+13 -2.3850E+13 -6.6036E+12
  3.6478E+00  2.1270E-01  2.1361E-01 -6.2890E+01  6.8540E+00  2.0010E+13 -2.6293E+13 -6.2828E+12
  3.6518E+00  1.5473E-01  2.1447E-01 -6.8702E+01  1.0168E+00  2.3605E+13 -2.9427E+13 -5.8223E+12
  3.6558E+00  9.1470E-02  2.0801E-01 -7.4964E+01 -7.6631E+00  2.8392E+13 -3.3543E+13 -5.1518E+12
  3.6598E+00  2.3288E-02  1.9034E-01 -8.0800E+01 -2.0934E+01  3.4834E+13 -3.9039E+13 -4.2050E+12
  3.6638E+00 -4.6980E-02  1.5563E-01 -8.3272E+01 -4.1140E+01  4.3134E+13 -4.6260E+13 -3.1265E+12
  3.6678E+00 -1.1034E-01  9.8027E-02 -7.5086E+01 -6.8258E+01  5.1485E+13 -5.4569E+13 -3.0842E+12
  3.6718E+00 -1.5202E-01  2.1171E-02 -4.9397E+01 -9.1080E+01  5.3678E+13 -6.0103E+13 -6.4248E+12
  3.6758E+00 -1.6715E-01 -5.9383E-02 -1.7927E+01 -9.5462E+01  4.7172E+13 -5.7794E+13 -1.0622E+13
  3.6798E+00 -1.6336E-01 -1.3322E-01  4.4894E+00 -8.7498E+01  3.8381E+13 -5.0009E+13 -1.1628E+13
  3.6838E+00 -1.4856E-01 -1.9807E-01  1.7545E+01 -7.6852E+01  3.1070E+13 -4.2083E+13 -1.1013E+13
  3.6878E+00 -1.2757E-01 -2.5467E-01  2.4872E+01 -6.7083E+01  2.5594E+13 -3.5829E+13 -1.0235E+13
  3.6918E+00 -1.0309E-01 -3.0432E-01  2.9004E+01 -5.8834E+01  2.1513E+13 -3.1143E+13 -9.6303E+12
  3.6958E+00 -7.6656E-02 -3.4817E-01  3.1331E+01 -5.1966E+01  1.8411E+13 -2.7609E+13 -9.1980E+12
  3.6998E+00 -4.9150E-02 -3.8717E-01  3.2597E+01 -4.6215E+01  1.5992E+13 -2.4882E+13 -8.8908E+12
  3.7038E+00 -2.1121E-02 -4.2205E-01  3.3216E+01 -4.1339E+01  1.4061E+13 -2.2730E+13 -8.6686E+12
  3.7078E+00  7.0847E-03 -4.5340E-01  3.3425E+01 -3.7153E+01  1.2488E+13 -2.0992E+13 -8.5043E+12
  3.7118E+00  3.5242E-02 -4.8168E-01  3.3369E+01 -3.3513E+01  1.1183E+13 -1.9563E+13 -8.3799E+12
  3.7158E+00  6.3202E-02 -5.0726E-01  3.3134E+01 -3.0312E+01  1.0084E+13 -1.8367E+13 -8.2838E+12
  3.7198E+00  9.0863E-02 -5.3044E-01  3.2780E+01 -2.7469E+01  9.1455E+12 -1.7354E+13 -8.2081E+12
  3.7238E+00  1.1816E-01 -5.5147E-01  3.2344E+01 -2.4922E+01  8.3361E+12 -1.6484E+13 -8.1474E+12
  3.7278E+00  1.4503E-01 -5.7056E-01  3.1851E+01 -2.2621E+01  7.6309E+12 -1.5729E+13 -8.0980E+12
  3.7318E+00  1.7146E-01 -5.8788E-01  3.1319E+01 -2.0527E+01  7.0112E+12 -1.5068E+13 -8.0573E+12
  3.7358E+00  1.9742E-01 -6.0358E-01  3.0760E+01 -1.8611E+01  6.4627E+12 -1.4486E+13 -8.0233E+12
  3.7398E+00  2.2289E-01 -6.1780E-01  3.0183E+01 -1.6847E+01  5.9741E+12 -1.3969E+13 -7.9947E+12
  3.7438E+00  2.4786E-01 -6.3064E-01  2.9594E+01 -1.5215E+01  5.5364E+12 -1.3507E+13 -7.9703E+12
  3.7478E+00  2.7233E-01 -6.4220E-01  2.8998E+01 -1.3697E+01  5.1424E+12 -1.3092E+13 -7.9493E+12
  3.7518E+00  2.9629E-01 -6.5256E-01  2.8397E+01 -1.2281E+01  4.7860E+12 -1.2717E+13 -7.9311E+12
  3.7558E+00  3.1974E-01 -6.6180E-01  2.7794E+01 -1.0954E+01  4.4626E+12 -1.2378E+13 -7.9152E+12
  3.7598E+00  3.4269E-01 -6.6999E-01  2.7192E+01 -9.7062E+00  4.1680E+12 -1.2069E+13 -7.9013E+12
  3.7638E+00  3.6513E-01 -6.7719E-01  2.6590E+01 -8.5295E+00  3.8988E+12 -1.1788E+13 -7.8890E+12
  3.7678E+00  3.8706E-01 -6.8345E-01  2.5990E+01 -7.4163E+00  3.6523E+12 -1.1530E+13 -7.8780E+12
  3.7718E+00  4.0848E-01 -6.8882E-01  2.5392E+01 -6.3605E+00  3.4259E+12 -1.1294E+13 -7.8682E+12
  3.7758E+00  4.2941E-01 -6.9334E-01  2.4796E+01 -5.3565E+00  3.2177E+12 -1.1077E+13 -7.8594E+12
  3.7798E+00  4.4983E-01 -6.9705E-01  2.4204E+01 -4.3997E+00  3.0259E+12 -1.0877E+13 -7.8514E+12
  3.7838E+00  4.6976E-01 -6.9999E-01  2.3614E+01 -3.4858E+00  2.8488E+12 -1.0693E+13 -7.8442E+12
  3.7878E+00  4.8919E-01 -7.0219E-01  2.3027E+01 -2.6112E+00  2.6853E+12 -1.0523E+13 -7.8376E+12
  3.7918E+00  5.0813E-01 -7.0369E-01  2.2443E+01 -1.7726E+00  2.5341E+12 -1.0366E+13 -7.8316E+12
  3.7958E+00  5.2657E-01 -7.0451E-01  2.1861E+01 -9.6703E-01  2.3942E+12 -1.0220E+13 -7.8260E+12
  3.7998E+00  5.4453E-01 -7.0467E-01  2.1282E+01 -1.9198E-01  2.2647E+12 -1.0086E+13 -7.8209E+12
  3.8038E+00  5.6200E-01 -7.0420E-01  2.0705E+01  5.5488E-01  2.1449E+12 -9.9612E+12 -7.8162E+12
  3.8078E+00  5.7899E-01 -7.0312E-01  2.0129E+01  1.2756E+00  2.0341E+12 -9.8459E+12 -7.8118E+12
  3.8118E+00  5.9549E-01 -7.0146E-01  1.9556E+01  1.9722E+00  1.9316E+12 -9.7393E+12 -7.8077E+12
  3.8158E+00  6.1151E-01 -6.9923E-01  1.8984E+01  2.6462E+00  1.8369E+12 -9.6408E+12 -7.8039E+12
  3.8198E+00  6.2705E-01 -6.9644E-01  1.8412E+01  3.2992E+00  1.7495E+12 -9.5498E+12 -7.8003E+12
  3.8238E+00  6.4210E-01 -6.9312E-01  1.7842E+01  3.9326E+00  1.6690E+12 -9.4660E+12 -7.7969E+12
  3.8278E+00  6.5668E-01 -6.8929E-01  1.7272E+01  4.5478E+00  1.5951E+12 -9.3888E+12 -7.7937E+12
  3.8318E+00  6.7077E-01 -6.8494E-01  1.6703E+01  5.1457E+00  1.5273E+12 -9.3179E+12 -7.7907E+12
  3.8358E+00  6.8438E-01 -6.8011E-01  1.6133E+01  5.7276E+00  1.4654E+12 -9.2531E+12 -7.7878E+12
  3.8398E+00  6.9752E-01 -6.7480E-01  1.5562E+01  6.2944E+00  1.4090E+12 -9.1940E+12 -7.7850E+12
  3.8438E+00  7.1017E-01 -6.6902E-01  1.4991E+01  6.8470E+00  1.3581E+12 -9.1404E+12 -7.7823E+12
  3.8478E+00  7.2233E-01 -6.6279E-01  1.4419E+01  7.3862E+00  1.3123E+12 -9.0921E+12 -7.7798E+12
  3.8518E+00  7.3402E-01 -6.5611E-01  1.3845E+01  7.9128E+00  1.2715E+12 -9.0488E+12 -7.7773E+12
  3.8558E+00  7.4521E-01 -6.4900E-01  1.3269E+01  8.4275E+00  1.2355E+12 -9.0104E+12 -7.7749E+12
  3.8598E+00  7.5592E-01 -6.4146E-01  1.2691E+01  8.9309E+00  1.2041E+12 -8.9768E+12 -7.7726E+12
  3.8638E+00  7.6614E-01 -6.3351E-01  1.2110E+01  9.4237E+00  1.1773E+12 -8.9477E+12 -7.7704E+12
  3.8678E+00  7.7587E-01 -6.2515E-01  1.1527E+01  9.9063E+00  1.1550E+12 -8.9232E+12 -7.7682E+12
  3.8718E+00  7.8510E-01 -6.1639E-01  1.0940E+01  1.0379E+01  1.1370E+12 -8.9030E+12 -7.7660E+12
  3.8758E+00  7.9383E-01 -6.0724E-01  1.0349E+01  1.0843E+01  1.1234E+12 -8.8872E+12 -7.7638E+12
  3.8798E+00  8.0206E-01 -5.9771E-01  9.7535E+00  1.1299E+01  1.1139E+12 -8.8757E+12 -7.7617E+12
  3.8838E+00  8.0979E-01 -5.8780E-01  9.1536E+00  1.1746E+01  1.1087E+12 -8.8684E+12 -7.7596E+12
  3.8878E+00  8.1700E-01 -5.7752E-01  8.5485E+00  1.2185E+01  1.1077E+12 -8.8653E+12 -7.7575E+12
  3.8918E+00  8.2370E-01 -5.6687E-01  7.9379E+00  1.2617E+01  1.1109E+12 -8.8664E+12 -7.7554E+12
  3.8958E+00  8.2988E-01 -5.5587E-01  7.3212E+00  1.3041E+01  1.1183E+12 -8.8716E+12 -7.7533E+12
  3.8998E+00  8.3553E-01 -5.4451E-01  6.6978E+00  1.3459E+01  1.1300E+12 -8.8812E+12 -7.7512E+12
  3.9038E+00  8.4065E-01 -5.3281E-01  6.0672E+00  1.3869E+01  1.1459E+12 -8.8949E+12 -7.7491E+12
  3.9078E+00  8.4523E-01 -5.2076E-01  5.4290E+00  1.4274E+01  1.1661E+12 -8.9130E+12 -7.7469E+12
  3.9118E+00  8.4926E-01 -5.0838E-01  4.7824E+00  1.4672E+01  1.1907E+12 -8.9354E+12 -7.7447E+12
  3.9158E+00  8.5275E-01 -4.9567E-01  4.1268E+00  1.5065E+01  1.2199E+12 -8.9623E+12 -7.7424E+12
  3.9198E+00  8.5567E-01 -4.8263E-01  3.4616E+00  1.5451E+01  1.2537E+12 -8.9937E+12 -7.7401E+12
  3.9238E+00  8.5802E-01 -4.6927E-01  2.7860E+00  1.5833E+01  1.2922E+12 -9.0298E+12 -7.7377E+12
  3.9278E+00  8.5979E-01 -4.5559E-01  2.0993E+00  1.6208E+01  1.3355E+12 -9.0708E+12 -7.7352E+12
  3.9318E+00  8.6097E-01 -4.4160E-01  1.4007E+00  1.6578E+01  1.3840E+12 -9.1167E+12 -7.7327E+12
  3.9358E+00  8.6155E-01 -4.2731E-01  6.8934E-01  1.6943E+01  1.4377E+12 -9.1677E+12 -7.7300E+12
  3.9398E+00  8.6152E-01 -4.1270E-01 -3.5747E-02  1.7303E+01  1.4969E+12 -9.2241E+12 -7.7272E+12
  3.9438E+00  8.6087E-01 -3.9780E-01 -7.7553E-01  1.7657E+01  1.5619E+12 -9.2862E+12 -7.7243E+12
  3.9478E+00  8.5958E-01 -3.8261E-01 -1.5311E+00  1.8006E+01  1.6328E+12 -9.3541E+12 -7.7213E+12
  3.9518E+00  8.5763E-01 -3.6713E-01 -2.3036E+00  1.8350E+01  1.7102E+12 -9.4282E+12 -7.7180E+12
  3.9558E+00  8.5502E-01 -3.5136E-01 -3.0943E+00  1.8689E+01  1.7942E+12 -9.5088E+12 -7.7146E+12
  3.9598E+00  8.5173E-01 -3.3530E-01 -3.9045E+00  1.9022E+01  1.8853E+12 -9.5963E+12 -7.7110E+12
  3.9638E+00  8.4773E-01 -3.1898E-01 -4.7358E+00  1.9349E+01  1.9840E+12 -9.6912E+12 -7.7072E+12
  3.9678E+00  8.4301E-01 -3.0238E-01 -5.5898E+00  1.9670E+01  2.0908E+12 -9.7939E+12 -7.7031E+12
  3.9718E+00  8.3756E-01 -2.8552E-01 -6.4683E+00  1.9985E+01  2.2062E+12 -9.9049E+12 -7.6986E+12
  3.9758E+00  8.3133E-01 -2.6839E-01 -7.3731E+00  2.0294E+01  2.3310E+12 -1.0025E+13 -7.6939E+12
  3.9798E+00  8.2433E-01 -2.5101E-01 -8.3065E+00  2.0595E+01  2.4658E+12 -1.0155E+13 -7.6888E+12
  3.9838E+00  8.1650E-01 -2.3339E-01 -9.2709E+00  2.0889E+01  2.6114E+12 -1.0295E+13 -7.6832E+12
  3.9878E+00  8.0784E-01 -2.1552E-01 -1.0269E+01  2.1174E+01  2.7689E+12 -1.0446E+13 -7.6772E+12
  3.9918E+00  7.9830E-01 -1.9742E-01 -1.1304E+01  2.1450E+01  2.9394E+12 -1.0610E+13 -7.6705E+12
  3.9958E+00  7.8785E-01 -1.7909E-01 -1.2378E+01  2.1716E+01  3.1240E+12 -1.0787E+13 -7.6633E+12
  3.9998E+00  7.7646E-01 -1.6055E-01 -1.3496E+01  2.1970E+01  3.3241E+12 -1.0979E+13 -7.6553E+12
  4.0038E+00  7.6409E-01 -1.4181E-01 -1.4662E+01  2.2211E+01  3.5416E+12 -1.1188E+13 -7.6464E+12
