  0.0000E+00  1.0000E+00  0.0000E+00  0.0000E+00  2.9784E+01  4.4354E+12 -8.8709E+12 -4.4354E+12
  1.9999E-02  1.0000E+00  1.2566E-01 -3.7428E+00  2.9784E+01  4.5055E+12 -8.8709E+12 -4.3654E+12
  3.9999E-02  9.8421E-01  2.5133E-01 -7.3986E+00  2.9325E+01  4.5733E+12 -8.8016E+12 -4.2283E+12
  5.9998E-02  9.5299E-01  3.7505E-01 -1.0913E+01  2.8427E+01  4.6360E+12 -8.7329E+12 -4.0970E+12
  7.9997E-02  9.0695E-01  4.9499E-01 -1.4234E+01  2.7120E+01  4.6905E+12 -8.6618E+12 -3.9712E+12
  9.9997E-02  8.4689E-01  6.0942E-01 -1.7311E+01  2.5441E+01  4.7345E+12 -8.5855E+12 -3.8510E+12
  1.2000E-01  7.7386E-01  7.1676E-01 -2.0102E+01  2.3433E+01  4.7658E+12 -8.5021E+12 -3.7363E+12
  1.4000E-01  6.8904E-01  8.1562E-01 -2.2570E+01  2.1147E+01  4.7829E+12 -8.4100E+12 -3.6272E+12
  1.5999E-01  5.9382E-01  9.0484E-01 -2.4688E+01  1.8639E+01  4.7846E+12 -8.3082E+12 -3.5236E+12
  1.7999E-01  4.8965E-01  9.8348E-01 -2.6442E+01  1.5967E+01  4.7706E+12 -8.1963E+12 -3.4258E+12
  1.9999E-01  3.7809E-01  1.0509E+00 -2.7824E+01  1.3192E+01  4.7408E+12 -8.0744E+12 -3.3336E+12
  2.1999E-01  2.6070E-01  1.1065E+00 -2.8839E+01  1.0368E+01  4.6960E+12 -7.9431E+12 -3.2470E+12
  2.3999E-01  1.3902E-01  1.1503E+00 -2.9504E+01  7.5490E+00  4.6373E+12 -7.8033E+12 -3.1660E+12
  2.5999E-01  1.4541E-02  1.1821E+00 -2.9838E+01  4.7811E+00  4.5659E+12 -7.6564E+12 -3.0905E+12
  2.7999E-01 -1.1135E-01  1.2023E+00 -2.9871E+01  2.1032E+00  4.4835E+12 -7.5037E+12 -3.0202E+12
  2.9999E-01 -2.3738E-01  1.2112E+00 -2.9634E+01 -4.5310E-01  4.3920E+12 -7.3469E+12 -2.9549E+12
  3.1999E-01 -3.6242E-01  1.2092E+00 -2.9162E+01 -2.8643E+00  4.2931E+12 -7.1876E+12 -2.8945E+12
  3.3999E-01 -4.8545E-01  1.1972E+00 -2.8487E+01 -5.1141E+00  4.1885E+12 -7.0271E+12 -2.8386E+12
  3.5999E-01 -6.0565E-01  1.1756E+00 -2.7645E+01 -7.1924E+00  4.0798E+12 -6.8668E+12 -2.7870E+12
  3.7999E-01 -7.2229E-01  1.1452E+00 -2.6665E+01 -9.0950E+00  3.9686E+12 -6.7081E+12 -2.7395E+12
  3.9999E-01 -8.3479E-01  1.1069E+00 -2.5575E+01 -1.0822E+01  3.8561E+12 -6.5517E+12 -2.6956E+12
  4.1999E-01 -9.4269E-01  1.0612E+00 -2.4403E+01 -1.2377E+01  3.7434E+12 -6.3986E+12 -2.6553E+12
  4.3999E-01 -1.0457E+00  1.0090E+00 -2.3169E+01 -1.3765E+01  3.6315E+12 -6.2495E+12 -2.6181E+12
  4.5998E-01 -1.1434E+00  9.5090E-01 -2.1894E+01 -1.4996E+01  3.5211E+12 -6.1049E+12 -2.5838E+12
  4.7998E-01 -1.2358E+00  8.8763E-01 -2.0592E+01 -1.6078E+01  3.4128E+12 -5.9650E+12 -2.5522E+12
  4.9998E-01 -1.3227E+00  8.1979E-01 -1.9279E+01 -1.7021E+01  3.3071E+12 -5.8302E+12 -2.5231E+12
  5.1998E-01 -1.4040E+00  7.4798E-01 -1.7966E+01 -1.7836E+01  3.2044E+12 -5.7006E+12 -2.4963E+12
  5.3998E-01 -1.4798E+00  6.7272E-01 -1.6660E+01 -1.8531E+01  3.1048E+12 -5.5763E+12 -2.4714E+12
  5.5998E-01 -1.5501E+00  5.9454E-01 -1.5371E+01 -1.9117E+01  3.0087E+12 -5.4572E+12 -2.4485E+12
  5.7998E-01 -1.6150E+00  5.1388E-01 -1.4103E+01 -1.9604E+01  2.9160E+12 -5.3432E+12 -2.4273E+12
  5.9998E-01 -1.6745E+00  4.3117E-01 -1.2861E+01 -1.9999E+01  2.8268E+12 -5.2343E+12 -2.4076E+12
  6.1998E-01 -1.7287E+00  3.4679E-01 -1.1649E+01 -2.0311E+01  2.7411E+12 -5.1304E+12 -2.3893E+12
  6.3998E-01 -1.7779E+00  2.6110E-01 -1.0468E+01 -2.0548E+01  2.6590E+12 -5.0312E+12 -2.3722E+12
  6.5998E-01 -1.8220E+00  1.7440E-01 -9.3216E+00 -2.0716E+01  2.5802E+12 -4.9367E+12 -2.3564E+12
  6.7998E-01 -1.8614E+00  8.6997E-02 -8.2095E+00 -2.0823E+01  2.5049E+12 -4.8465E+12 -2.3416E+12
  6.9998E-01 -1.8960E+00 -8.5705E-04 -7.1328E+00 -2.0873E+01  2.4328E+12 -4.7606E+12 -2.3278E+12
  7.1998E-01 -1.9261E+00 -8.8923E-02 -6.0916E+00 -2.0872E+01  2.3638E+12 -4.6787E+12 -2.3149E+12
  7.3998E-01 -1.9518E+00 -1.7699E-01 -5.0860E+00 -2.0826E+01  2.2979E+12 -4.6007E+12 -2.3028E+12
  7.5998E-01 -1.9733E+00 -2.6486E-01 -4.1155E+00 -2.0738E+01  2.2350E+12 -4.5264E+12 -2.2914E+12
  7.7997E-01 -1.9906E+00 -3.5235E-01 -3.1797E+00 -2.0612E+01  2.1749E+12 -4.4556E+12 -2.2807E+12
  7.9997E-01 -2.0040E+00 -4.3932E-01 -2.2779E+00 -2.0453E+01  2.1175E+12 -4.3881E+12 -2.2706E+12
  8.1997E-01 -2.0136E+00 -5.2561E-01 -1.4093E+00 -2.0262E+01  2.0627E+12 -4.3238E+12 -2.2611E+12
  8.3997E-01 -2.0196E+00 -6.1110E-01 -5.7314E-01 -2.0044E+01  2.0105E+12 -4.2625E+12 -2.2521E+12
  8.5997E-01 -2.0220E+00 -6.9567E-01  2.3149E-01 -1.9801E+01  1.9606E+12 -4.2041E+12 -2.2436E+12
  8.7997E-01 -2.0210E+00 -7.7922E-01  1.0055E+00 -1.9534E+01  1.9130E+12 -4.1485E+12 -2.2355E+12
  8.9997E-01 -2.0168E+00 -8.6163E-01  1.7498E+00 -1.9247E+01  1.8676E+12 -4.0954E+12 -2.2278E+12
  9.1997E-01 -2.0094E+00 -9.4284E-01  2.4654E+00 -1.8942E+01  1.8243E+12 -4.0448E+12 -2.2205E+12
  9.3997E-01 -1.9990E+00 -1.0228E+00  3.1531E+00 -1.8619E+01  1.7830E+12 -3.9966E+12 -2.2135E+12
  9.5997E-01 -1.9857E+00 -1.1013E+00  3.8140E+00 -1.8281E+01  1.7437E+12 -3.9506E+12 -2.2069E+12
  9.7997E-01 -1.9696E+00 -1.1784E+00  4.4488E+00 -1.7929E+01  1.7062E+12 -3.9067E+12 -2.2006E+12
  9.9997E-01 -1.9508E+00 -1.2541E+00  5.0585E+00 -1.7564E+01  1.6704E+12 -3.8649E+12 -2.1945E+12
  1.0200E+00 -1.9295E+00 -1.3282E+00  5.6438E+00 -1.7188E+01  1.6363E+12 -3.8250E+12 -2.1887E+12
  1.0400E+00 -1.9057E+00 -1.4007E+00  6.2057E+00 -1.6801E+01  1.6039E+12 -3.7870E+12 -2.1831E+12
  1.0600E+00 -1.8795E+00 -1.4716E+00  6.7448E+00 -1.6405E+01  1.5730E+12 -3.7507E+12 -2.1777E+12
  1.0800E+00 -1.8510E+00 -1.5408E+00  7.2620E+00 -1.6000E+01  1.5436E+12 -3.7162E+12 -2.1726E+12
  1.1000E+00 -1.8204E+00 -1.6083E+00  7.7579E+00 -1.5587E+01  1.5157E+12 -3.6833E+12 -2.1676E+12
  1.1200E+00 -1.7877E+00 -1.6741E+00  8.2333E+00 -1.5167E+01  1.4891E+12 -3.6519E+12 -2.1628E+12
  1.1400E+00 -1.7529E+00 -1.7381E+00  8.6887E+00 -1.4740E+01  1.4639E+12 -3.6220E+12 -2.1581E+12
  1.1600E+00 -1.7163E+00 -1.8003E+00  9.1249E+00 -1.4308E+01  1.4399E+12 -3.5936E+12 -2.1537E+12
  1.1800E+00 -1.6778E+00 -1.8606E+00  9.5423E+00 -1.3870E+01  1.4172E+12 -3.5665E+12 -2.1493E+12
  1.2000E+00 -1.6375E+00 -1.9192E+00  9.9416E+00 -1.3427E+01  1.3956E+12 -3.5407E+12 -2.1451E+12
  1.2200E+00 -1.5956E+00 -1.9758E+00  1.0323E+01 -1.2980E+01  1.3752E+12 -3.5162E+12 -2.1410E+12
  1.2400E+00 -1.5520E+00 -2.0306E+00  1.0688E+01 -1.2528E+01  1.3560E+12 -3.4930E+12 -2.1370E+12
  1.2600E+00 -1.5069E+00 -2.0834E+00  1.1036E+01 -1.2073E+01  1.3378E+12 -3.4709E+12 -2.1331E+12
  1.2800E+00 -1.4604E+00 -2.1344E+00  1.1368E+01 -1.1614E+01  1.3206E+12 -3.4500E+12 -2.1294E+12
  1.3000E+00 -1.4124E+00 -2.1834E+00  1.1684E+01 -1.1153E+01  1.3044E+12 -3.4301E+12 -2.1257E+12
  1.3200E+00 -1.3631E+00 -2.2304E+00  1.1984E+01 -1.0688E+01  1.2893E+12 -3.4114E+12 -2.1221E+12
  1.3400E+00 -1.3125E+00 -2.2755E+00  1.2270E+01 -1.0221E+01  1.2750E+12 -3.3936E+12 -2.1186E+12
  1.3600E+00 -1.2608E+00 -2.3186E+00  1.2541E+01 -9.7507E+00  1.2618E+12 -3.3769E+12 -2.1151E+12
  1.3800E+00 -1.2079E+00 -2.3598E+00  1.2798E+01 -9.2786E+00  1.2494E+12 -3.3611E+12 -2.1118E+12
  1.4000E+00 -1.1539E+00 -2.3989E+00  1.3040E+01 -8.8046E+00  1.2378E+12 -3.3463E+12 -2.1085E+12
  1.4200E+00 -1.0988E+00 -2.4361E+00  1.3269E+01 -8.3286E+00  1.2272E+12 -3.3324E+12 -2.1052E+12
  1.4400E+00 -1.0429E+00 -2.4712E+00  1.3485E+01 -7.8509E+00  1.2174E+12 -3.3194E+12 -2.1020E+12
  1.4600E+00 -9.8597E-01 -2.5043E+00  1.3687E+01 -7.3716E+00  1.2084E+12 -3.3072E+12 -2.0989E+12
  1.4800E+00 -9.2822E-01 -2.5354E+00  1.3876E+01 -6.8908E+00  1.2002E+12 -3.2959E+12 -2.0958E+12
  1.5000E+00 -8.6967E-01 -2.5645E+00  1.4053E+01 -6.4087E+00  1.1927E+12 -3.2855E+12 -2.0927E+12
  1.5200E+00 -8.1038E-01 -2.5916E+00  1.4217E+01 -5.9253E+00  1.1861E+12 -3.2758E+12 -2.0897E+12
  1.5400E+00 -7.5040E-01 -2.6166E+00  1.4368E+01 -5.4408E+00  1.1802E+12 -3.2670E+12 -2.0868E+12
  1.5599E+00 -6.8978E-01 -2.6395E+00  1.4507E+01 -4.9553E+00  1.1751E+12 -3.2589E+12 -2.0838E+12
  1.5799E+00 -6.2857E-01 -2.6604E+00  1.4635E+01 -4.4688E+00  1.1707E+12 -3.2516E+12 -2.0809E+12
  1.5999E+00 -5.6682E-01 -2.6793E+00  1.4750E+01 -3.9813E+00  1.1670E+12 -3.2450E+12 -2.0780E+12
  1.6199E+00 -5.0459E-01 -2.6961E+00  1.4853E+01 -3.4931E+00  1.1641E+12 -3.2392E+12 -2.0752E+12
  1.6399E+00 -4.4192E-01 -2.7108E+00  1.4944E+01 -3.0041E+00  1.1618E+12 -3.2341E+12 -2.0723E+12
  1.6599E+00 -3.7887E-01 -2.7235E+00  1.5024E+01 -2.5144E+00  1.1603E+12 -3.2298E+12 -2.0695E+12
  1.6799E+00 -3.1548E-01 -2.7341E+00  1.5093E+01 -2.0241E+00  1.1594E+12 -3.2261E+12 -2.0667E+12
  1.6999E+00 -2.5180E-01 -2.7426E+00  1.5149E+01 -1.5333E+00  1.1592E+12 -3.2231E+12 -2.0639E+12
  1.7199E+00 -1.8789E-01 -2.7491E+00  1.5194E+01 -1.0419E+00  1.1598E+12 -3.2209E+12 -2.0611E+12
  1.7399E+00 -1.2378E-01 -2.7535E+00  1.5228E+01 -5.5014E-01  1.1610E+12 -3.2193E+12 -2.0584E+12
  1.7599E+00 -5.9529E-02 -2.7558E+00  1.5250E+01 -5.7983E-02  1.1628E+12 -3.2184E+12 -2.0556E+12
  1.7799E+00  4.8134E-03 -2.7561E+00  1.5261E+01  4.3449E-01  1.1654E+12 -3.2182E+12 -2.0528E+12
  1.7999E+00  6.9201E-02 -2.7542E+00  1.5260E+01  9.2723E-01  1.1686E+12 -3.2187E+12 -2.0501E+12
  1.8199E+00  1.3358E-01 -2.7503E+00  1.5247E+01  1.4202E+00  1.1725E+12 -3.2198E+12 -2.0473E+12
  1.8399E+00  1.9792E-01 -2.7443E+00  1.5223E+01  1.9132E+00  1.1771E+12 -3.2216E+12 -2.0445E+12
  1.8599E+00  2.6215E-01 -2.7363E+00  1.5188E+01  2.4063E+00  1.1823E+12 -3.2241E+12 -2.0417E+12
  1.8799E+00  3.2623E-01 -2.7261E+00  1.5141E+01  2.8994E+00  1.1882E+12 -3.2272E+12 -2.0390E+12
  1.8999E+00  3.9011E-01 -2.7139E+00  1.5082E+01  3.3924E+00  1.1948E+12 -3.2310E+12 -2.0362E+12
  1.9199E+00  4.5374E-01 -2.6996E+00  1.5011E+01  3.8852E+00  1.2021E+12 -3.2355E+12 -2.0334E+12
  1.9399E+00  5.1707E-01 -2.6832E+00  1.4928E+01  4.3778E+00  1.2101E+12 -3.2406E+12 -2.0305E+12
  1.9599E+00  5.8006E-01 -2.6647E+00  1.4833E+01  4.8700E+00  1.2187E+12 -3.2464E+12 -2.0277E+12
  1.9799E+00  6.4264E-01 -2.6441E+00  1.4726E+01  5.3617E+00  1.2280E+12 -3.2529E+12 -2.0248E+12
  1.9999E+00  7.0477E-01 -2.6215E+00  1.4607E+01  5.8529E+00  1.2381E+12 -3.2600E+12 -2.0219E+12
